28 0.4890625 0.34375 0.05390625 0.05546875
28 0.1421875 0.34375 0.053125 0.05625
28 0.084375 0.34375 0.05625 0.05625
28 0.315625 0.34375 0.053125 0.05546875
28 0.3734375 0.34375 0.05625 0.05546875
28 0.2 0.34375 0.05546875 0.05546875
28 0.43125 0.34375 0.053125 0.05625
28 0.25625 0.34375 0.05390625 0.05625
28 0.5984375 0.40625 0.05078125 0.040625
28 0.4875 0.40859375 0.053125 0.0421875
28 0.54296875 0.40859375 0.0515625 0.0421875
28 0.73828125 0.4234375 0.0421875 0.03515625
28 0.6484375 0.4234375 0.04296875 0.03515625
28 0.69375 0.42421875 0.03984375 0.0359375
28 0.83046875 0.4421875 0.0359375 0.021875
28 0.8703125 0.4421875 0.03984375 0.021875
28 0.7890625 0.4421875 0.03984375 0.021875
28 0.1078125 0.45234375 0.08046875 0.0640625
28 0.3421875 0.45234375 0.07421875 0.0609375
28 0.4171875 0.45234375 0.07578125 0.0609375
28 0.1875 0.453125 0.071875 0.0625
28 0.26484375 0.453125 0.0734375 0.0625
28 0.60078125 0.45625 0.0515625 0.053125
28 0.5453125 0.4578125 0.053125 0.053125
28 0.48671875 0.4578125 0.0578125 0.053125
28 0.91875 0.459375 0.03984375 0.04453125
28 0.959375 0.459375 0.0375 0.04453125
28 0.70078125 0.4625 0.0421875 0.040625
28 0.7484375 0.4625 0.04296875 0.040625
28 0.65390625 0.46328125 0.0484375 0.0421875
28 0.8375 0.46953125 0.0375 0.0265625
28 0.79375 0.46953125 0.03984375 0.0265625
28 0.8765625 0.46953125 0.03515625 0.0265625
28 0.165625 0.5578125 0.07421875 0.06484375
28 0.0890625 0.55859375 0.06953125 0.0640625
28 0.65234375 0.56328125 0.0359375 0.0578125
28 0.6921875 0.5625 0.03359375 0.05859375
28 0.728125 0.5625 0.03359375 0.05859375
28 0.76796875 0.56328125 0.0359375 0.0578125
28 0.31484375 0.5625 0.0671875 0.05546875
28 0.3875 0.5625 0.06953125 0.05546875
28 0.2421875 0.5640625 0.07109375 0.05546875
28 0.46171875 0.5640625 0.0734375 0.05546875
28 0.5203125 0.56953125 0.03984375 0.0421875
28 0.56484375 0.571875 0.0421875 0.040625
28 0.609375 0.571875 0.03984375 0.040625
28 0.5921875 0.65859375 0.05859375 0.0484375
28 0.2546875 0.659375 0.07421875 0.046875
28 0.52890625 0.65859375 0.0609375 0.0484375
28 0.17890625 0.65859375 0.0734375 0.0484375
28 0.33046875 0.659375 0.0671875 0.046875
28 0.39921875 0.65859375 0.0640625 0.0484375
28 0.4640625 0.65859375 0.06015625 0.0484375
28 0.09921875 0.6609375 0.0796875 0.04296875