28 0.6249111799325924 0.5508392936281312 0.07071247579950324 0.07202485731976367
28 0.6828493823171656 0.17239111600170678 0.07071247579950324 0.07202485731976357
28 0.6926374727744411 0.10958290094789483 0.07229315651766229 0.07522263192686944
28 0.653489656124879 0.3615970111631425 0.07071247579950324 0.07202485731976357
28 0.6437015656676035 0.4244052262169545 0.07229315651766229 0.07522263192686936
28 0.67306129185989 0.23519933105551866 0.07229315651766229 0.07522263192686944
28 0.6346947252103281 0.4872498285743193 0.07071247579950324 0.07202485731976367
28 0.6632686562230748 0.2972262961093306 0.07071247579950324 0.07202485731976357
28 0.5372617098886258 0.6553212783266502 0.05348861436318479 0.06497433664159899
28 0.5537356167008758 0.5334655490048148 0.05663179508134384 0.0682448858558109
28 0.5447151407049808 0.5939664013621796 0.05505111436318479 0.06504711124870503
28 0.4951656343602691 0.8033199766312393 0.045621572208706954 0.05523546360606986
28 0.5102133965587133 0.7048289727022978 0.045621572208706954 0.05523546360606986
28 0.5019105380492611 0.7544287123632156 0.04716589149054791 0.05218323821317572
28 0.45901957698228496 0.9000472733642516 0.031504530054229284 0.04520549214211726
28 0.45301956185697445 0.9427249249358282 0.03152271077238851 0.048330492142117265
28 0.4665639113894363 0.8543173963997809 0.03152271077238851 0.048330492142117265
28 0.5692317890312197 0.1093024569865321 0.08494769262201593 0.10236732878371631
28 0.5293254482793566 0.3651864298982269 0.08178633118569749 0.09597177956950453
28 0.5165305324901162 0.44816159573782705 0.08179542154477701 0.09753427956950458
28 0.5549016443192182 0.19689234821902643 0.0802056504675381 0.09277400496239877
28 0.5421112737095175 0.28064876405862665 0.08177724082661779 0.09440927956950454
28 0.4825378484523073 0.6465241670779452 0.06756929508134384 0.06875430810555194
28 0.48999127926866237 0.5851692901134745 0.06757838544042354 0.07031680810555194
28 0.49977482454639804 0.5215798250596626 0.06916815651766246 0.07507708271265781
28 0.4251809081679824 0.9817894631917852 0.05498748184962739 0.036421073616429565
28 0.45895087840834065 0.7539899106678045 0.05187157220870695 0.05552656203449331
28 0.45066165543750786 0.8059334003287223 0.05187157220870695 0.05552656203449331
28 0.46568214655871343 0.702754896399781 0.05503293364502539 0.06192211124870504
28 0.42778775770044425 0.9017167812221345 0.03620112041330899 0.046986315963435034
28 0.4353139113894363 0.8528619042576636 0.036219301131468026 0.05011131596343503
28 0.4217877425751337 0.944394432793711 0.03619203005422929 0.04542381596343468
28 0.44371870462406837 0.14953785111451057 0.08492042154477701 0.09767982878371631
28 0.454951120413309 0.06648991066780449 0.0833306504675381 0.09291955417661044
28 0.3561935170702181 0.6781294239023709 0.07060339149054773 0.05327485731976367
28 0.3501980471244474 0.7215883254739474 0.07058521077238851 0.050149857319763666
28 0.3441798512809776 0.761140977045524 0.07058521077238851 0.050149857319763666
28 0.33662188133520693 0.8045271040099946 0.07060339149054773 0.05327485731976367
28 0.4134141019683487 0.3105823589723934 0.07392837939029935 0.0877954065339753
28 0.401382255460949 0.3904689121155466 0.07394656010845857 0.0909204065339754
28 0.42466924365528824 0.23144066852568734 0.07394656010845857 0.0909204065339753
28 0.38778790895354937 0.4702826906515938 0.0755272408266178 0.09411818114108109
28 0.37174981849627386 0.5327998072769823 0.05341589149054773 0.05247433664159899
28 0.3610986648072818 0.5815091350272413 0.05187157220870704 0.05552656203449331
28 0.35356796593874995 0.629582761991712 0.051853391490547726 0.05240156203449331
28 0.2611804780389984 0.5909140601724665 0.06292724687674198 0.07634848428423435
28 0.317619812937129 0.22333060793893617 0.06615224082661779 0.09368153349844606
28 0.27171800223949516 0.5226734824222075 0.06294542759490121 0.07947348428423417
28 0.33041927390590925 0.1411366920993359 0.06614315046753827 0.092119033498446
28 0.3040436471478885 0.30626938647498336 0.06454428903121974 0.08579625889134021
28 0.29354248438371017 0.3807599642252424 0.06452610831306052 0.08267125889134012
28 0.28302314090137254 0.45212554197550137 0.06293633723582168 0.07791098428423435
28 0.3408704396951497 0.05805236434907692 0.059865879390299345 0.08714043507002259