28 0.32460493674408736 0.5777133048052433 0.07427384134309048 0.07358427678548622
28 0.41564175346113047 0.9508254561157642 0.07583634134309047 0.07362064437666689
28 0.42863264946685753 0.9880305961240279 0.07225680800445429 0.023938807751944326
28 0.3697281747692226 0.7638696635627087 0.07427384134309048 0.07358427678548622
28 0.3549475120941775 0.7018236052420835 0.07431020401018137 0.07670927678548622
28 0.4000889314528582 0.889542463999549 0.07429202267663589 0.07514677678548623
28 0.3409480994191324 0.6397957307170489 0.07583634134309047 0.07362064437666671
28 0.3860895187778131 0.8275145894745142 0.07583634134309047 0.07362064437666653
28 0.36368452339272456 0.4458463621759378 0.055432934675363296 0.06533536569131951
28 0.39474471407540557 0.5645060964083684 0.060174978675999566 0.07013196846486114
28 0.3807725734006787 0.5048219718833337 0.05857611600890866 0.06697060087368065
28 0.3454783213717255 0.290777002468542 0.047511346674090585 0.055778527735416715
28 0.36926181405154307 0.38817933254066006 0.047511346674090585 0.055778527735416715
28 0.3585419427116343 0.3395054431979864 0.05059998400699968 0.052726262917777864
28 0.34194369402449887 0.1883787010817711 0.03333975867281787 0.046076219414791716
28 0.33128745735199916 0.1451735617390975 0.03493862133990877 0.04923758700597225
28 0.3526090213637713 0.2323650904244447 0.03493862133990877 0.04923758700597229
28 0.5399605007956304 0.9556369766329862 0.09022610534690845 0.08872604673402762
28 0.480029328095132 0.7117642625365281 0.08546588001272663 0.09571384992375016
28 0.4603338987507689 0.6300778514423614 0.08550224267981754 0.09883884992375017
28 0.5210190494509492 0.8782984523160421 0.08544769867918127 0.09415134992375015
28 0.5005241887730405 0.7950313574262851 0.08704656134627217 0.09731271751493065
28 0.4166368007240428 0.43223911027607675 0.07111247867599957 0.07038654160312507
28 0.432162350731997 0.4911783523922921 0.07271134134309047 0.07354790919430557
28 0.44773335407381476 0.5540238445085073 0.07274770401018138 0.07667290919430556
28 0.33766417934436316 0.08908721589941 0.058430665340545127 0.05447060087368061
28 0.3278437366724997 0.05058776035232666 0.055160214672181594 0.041897865691319494
28 0.3974044480426344 0.32322713297750033 0.05377952800763595 0.05748649810013893
28 0.3850948047024075 0.27217312604364613 0.05377952800763604 0.05748649810013893
28 0.41048625071608863 0.3735180737069448 0.058539753341817755 0.06384560087368066
28 0.36911472135581713 0.17417138392743087 0.036464758672817864 0.04614895459715278
28 0.3806067520289532 0.22208220706569476 0.038063621339908774 0.04931032218833335
28 0.3592488253500902 0.13176567838034753 0.03642839600572696 0.04302395459715278
28 0.637398027450631 0.8786640878589935 0.09017156134627217 0.09738545269729179
28 0.6578474347946759 0.9574277538934378 0.0853567920114541 0.08514449221312433
28 0.518026030712907 0.3525899374984032 0.07093066534054522 0.054761541603125075
28 0.5058254753739526 0.31091093056454905 0.07091248400699968 0.05319904160312507
28 0.4967771920353165 0.27164840881305596 0.07091248400699968 0.05319904160312507
28 0.48768345536281676 0.22847963706156288 0.07093066534054522 0.054761541603125075
28 0.6034850094286774 0.7161998022397922 0.077580654678545 0.0892820119678472
28 0.584616283418178 0.6384378249412158 0.07759883601209036 0.0908445119678472
28 0.6247065761059496 0.7947975809251394 0.07759883601209036 0.0908445119678472
28 0.5672827854073603 0.5583684652338199 0.07919769867918128 0.09400587955902787
28 0.557943600731997 0.49410594348232684 0.056868165340545215 0.05443423328249999
28 0.5495674793920882 0.44548660552642405 0.05377952800763595 0.05748649810013902
28 0.5380754487189522 0.39757578238816016 0.05374316534054522 0.054361498100138836
28 0.6349140860518613 0.3967055730413547 0.06649770401018137 0.07652743882958343
28 0.7234980647676317 0.7603881729651047 0.06980451734563572 0.09222517401194441
28 0.6513208833943154 0.46425674895316027 0.06809656667727211 0.07968880642076392
28 0.7424122441119948 0.8420564002636812 0.07136701734563573 0.09226154160312498
28 0.7037935447564958 0.6779205118709382 0.06816929201145391 0.08593880642076393
28 0.6849793627466327 0.6048460345723617 0.06811474801081766 0.08125130642076392
28 0.6685362027370877 0.5341698586605561 0.06807838534372675 0.07812630642076393
28 0.7652690361234489 0.9269405465402091 0.066734061346272 0.09683993882958361