28 0.1078125 0.3421875 0.08671875 0.09609375
28 0.20546875 0.34296875 0.0796875 0.0953125
28 0.3109375 0.34453125 0.08671875 0.0921875
28 0.41484375 0.34375 0.0828125 0.09140625
28 0.58984375 0.353125 0.0734375 0.06875
28 0.928125 0.353125 0.06953125 0.07109375
28 0.84375 0.353125 0.06484375 0.07421875
28 0.671875 0.3546875 0.06875 0.07109375
28 0.5046875 0.35546875 0.07578125 0.0734375
28 0.7578125 0.35625 0.06484375 0.07421875
28 0.6765625 0.440625 0.06015625 0.03828125
28 0.5453125 0.4421875 0.05546875 0.03828125
28 0.8765625 0.4421875 0.05078125 0.040625
28 0.74375 0.4421875 0.05625 0.03828125
28 0.3484375 0.4421875 0.05390625 0.03984375
28 0.415625 0.4421875 0.05390625 0.03515625
28 0.4796875 0.4421875 0.05546875 0.03828125
28 0.6125 0.4421875 0.05390625 0.03984375
28 0.9421875 0.4421875 0.05859375 0.040625
28 0.8078125 0.44375 0.06015625 0.03828125
28 0.071875 0.4828125 0.04921875 0.07421875
28 0.23359375 0.4828125 0.0484375 0.07578125
28 0.1234375 0.48359375 0.04921875 0.0765625
28 0.0203125 0.4828125 0.040625 0.07578125
28 0.1796875 0.48515625 0.05390625 0.0796875
28 0.28828125 0.48515625 0.0484375 0.0765625
28 0.3484375 0.490625 0.06015625 0.05078125
28 0.678125 0.4921875 0.06015625 0.05078125
28 0.48046875 0.49375 0.0578125 0.05390625
28 0.5484375 0.49375 0.0625 0.05390625
28 0.74375 0.49375 0.06015625 0.04921875
28 0.94453125 0.49375 0.0609375 0.053125
28 0.878125 0.49375 0.05625 0.04921875
28 0.4125 0.49453125 0.053125 0.0515625
28 0.61328125 0.49609375 0.0578125 0.0515625
28 0.8109375 0.4953125 0.06015625 0.04921875
28 0.05390625 0.625 0.0984375 0.078125
28 0.76796875 0.62890625 0.0734375 0.0609375
28 0.8515625 0.62890625 0.07578125 0.0640625
28 0.59375 0.6296875 0.07578125 0.0625
28 0.6796875 0.6296875 0.08203125 0.06015625
28 0.9421875 0.6296875 0.08046875 0.06015625
28 0.50703125 0.634375 0.0796875 0.05625
28 0.42421875 0.634375 0.0796875 0.05546875
28 0.3328125 0.634375 0.084375 0.05546875
28 0.240625 0.6359375 0.08046875 0.05390625
28 0.1484375 0.6359375 0.078125 0.05546875
28 0.17109375 0.10390625 0.1109375 0.0765625
28 0.2875 0.10625 0.103125 0.06953125
28 0.50859375 0.11015625 0.1109375 0.0734375
28 0.396875 0.11640625 0.10078125 0.0609375
28 0.15859375 0.18359375 0.1109375 0.0796875
28 0.2765625 0.184375 0.115625 0.078125
28 0.396875 0.1859375 0.11171875 0.07421875
28 0.51171875 0.1859375 0.1078125 0.07578125