28 0.06091264111484178 0.42886909931542794 0.11185021397248333 0.12001802273741302
28 0.16084071924514293 0.41259945357377187 0.10392858656782158 0.11657468775644109
28 0.26782732922660946 0.39583505931499047 0.11012402286549072 0.1152668557412186
28 0.37330600291040683 0.3774444980600147 0.10538195916315996 0.11351335475263546
28 0.5531943995523623 0.35660936912427255 0.09206350362819701 0.08956651878308035
28 0.8963838935619124 0.29705127429464984 0.08899306733052796 0.09100168479069151
28 0.8090103791339424 0.31226775600586115 0.08279763103285873 0.092309516805914
28 0.6357985684268362 0.3435456364244781 0.08899306733052796 0.09100168479069151
28 0.4673288214220611 0.3734520178316782 0.09529763103285874 0.09281885277546911
28 0.7223362691524757 0.32985982121516966 0.08279763103285873 0.092309516805914
28 0.6562350647986392 0.4304381413673939 0.07055060217691818 0.054363847832553346
28 0.5223858544543529 0.4547139466908707 0.0642460384745874 0.052546679847775654
28 0.8600247529104068 0.39727676737456763 0.06273810217691818 0.05404551285158128
28 0.723859074417286 0.42067582220375277 0.06580853847458741 0.052610346843970035
28 0.3240649163425853 0.48809815517037736 0.06586310217691818 0.054172846843970036
28 0.392524739663563 0.4768051695048333 0.0641369110699257 0.04942167984777566
28 0.45626978113337524 0.4661024328507063 0.0642460384745874 0.052546679847775835
28 0.5916814914776615 0.4418902945234239 0.06586310217691818 0.054172846843970036
28 0.9253595762313847 0.3858564477166349 0.06904266587924894 0.05586268083635888
28 0.7899205840359329 0.4108498360439173 0.07055060217691818 0.054363847832553304
28 0.05026033939341048 0.5770837648287477 0.06706350362819706 0.08854784684397003
28 0.21393345899352387 0.5501113824329643 0.06868056733052796 0.09017401384016459
28 0.10295875345856105 0.5690603592012597 0.06868056733052792 0.09017401384016441
28 0.0139570567200138 0.5853300049429159 0.0279141134400276 0.0847225098858317
28 0.16109863567254618 0.5620410380604521 0.07503969473518964 0.0935536818249421
28 0.26972959120750906 0.5429965607978653 0.06868056733052796 0.09017401384016441
28 0.3325024097191633 0.5377307406456409 0.07416667549789598 0.0685536818249421
28 0.666934462621721 0.4825099773369491 0.07416667549789598 0.0685536818249421
28 0.46618792895645705 0.5181424353221642 0.07265873920022692 0.07005251482874755
28 0.5354290022774346 0.5068812831547174 0.07740080290255769 0.07180601581733086
28 0.7338045040915333 0.47193457467521077 0.07405754809323425 0.0654286818249421
28 0.9376214740544665 0.43799195068238445 0.07422123920022657 0.0701161818249421
28 0.8699701825846541 0.44853551984602563 0.06931548439090349 0.06367518083635879
28 0.3976735419331484 0.5309979209877081 0.06629961179556512 0.06667284684397004
28 0.6014632300449161 0.4978365469948818 0.07098711179556502 0.06686384783255335
28 0.8022097637101802 0.4622040890096667 0.07405754809323425 0.0654286818249421
28 0.05994781952314461 0.7253448512925944 0.11442957694917477 0.10452035672980173
28 0.7823188712445759 0.60613050254582 0.08861112141421187 0.08006418479069169
28 0.8673213538213809 0.5915997703403171 0.09340774881887341 0.08338018577927464
28 0.6060093423886354 0.6364997989720482 0.09179068511654283 0.08175401878308045
28 0.6933555749654403 0.6220645672608368 0.09804068511654265 0.08200868676785796
28 0.9461011182493511 0.5760331201500367 0.07298612141421187 0.07942751482874755
28 0.5184721368536725 0.6564037806832594 0.09475199400955017 0.0771938527754692
28 0.43425090427686774 0.6709663463868595 0.09313493030721927 0.07556768577927464
28 0.34216260799773196 0.6867730771094877 0.09943949400955017 0.07738485376405216
28 0.2484299661651 0.7048598908359214 0.0946974303072194 0.0756313527754692
28 0.15558770173712974 0.7198535380604522 0.0931349303072194 0.07556768577927464
28 0.08306049274360586 0.17550401878308033 0.13161707694917477 0.10522069368794011
28 0.20179313457623788 0.15843587699575687 0.12196925843752046 0.09702619171077372
28 0.4259498863903364 0.12453967395345766 0.1299454495445131 0.10203202669174569
28 0.3147569260460501 0.14973865072175305 0.1169543762235353 0.08746019072219058
28 0.0848561165200705 0.2585075197716635 0.13172620435383647 0.10834569368794007
28 0.20445185390619874 0.23912746148243724 0.13646826805616738 0.1100991946765233
28 0.32639134129232705 0.21984290368750256 0.13312501324684395 0.10372186068413447
28 0.44364332867845524 0.20036734490398475 0.1284920769491748 0.10509335969555131