35 0.9560525910900349 0.39070136903856684 0.08789481781993018 0.2677329215447771
35 0.806073714332344 0.7506980168738264 0.38785257133531204 0.3834862283335859
35 0.7528146751493063 0.8609112706844554 0.4159211664125003 0.27817745863108917
35 0.41225391859670174 0.42812201746300155 0.25552787385944453 0.23895445745273883
35 0.3144931382958339 0.6579908037637467 0.29568140159486134 0.28605671642972935
35 0.3802064444322574 0.5279220295632501 0.25948802203583343 0.20773172852997773
35 0.050261105242083624 0.34712043969514966 0.0685707748856251 0.12694429508134403
35 0.11455738174322935 0.2232925751355732 0.10083776101791675 0.10369769262201592
35 0.1863077080156253 0.3525988009350764 0.29542682845659746 0.27511921642972925
35 0.1418693366247226 0.45701359016268783 0.266028962765278 0.22026808996629618
35 0.6611109523160421 0.5147145441975811 0.17700152393569457 0.1541340298578376