35 0.9592285442352317 0.7008143017842784 0.0815429115295366 0.2656869549975255
35 0.8188005929379853 0.3168819578226007 0.3623988141240293 0.3764827713695834
35 0.7743432552750058 0.18185850463409742 0.39556151055001154 0.30328428878243796
35 0.4113264269442217 0.5804199988683463 0.23983761606989856 0.23580246042459266
35 0.32512232548481973 0.33705842322403423 0.2781012751605081 0.28151775214770663
35 0.38454001014297445 0.4767660543862702 0.24861259821299111 0.201918783355371
35 0.04342190665168225 0.6095321302577248 0.0631193831160272 0.1281935990500603
35 0.1050469736150853 0.7415500921526554 0.09390573295387142 0.10326884215265544
35 0.18259350080748363 0.6230700870642727 0.2778830868489054 0.26901775214770646
35 0.14319798985043497 0.5125110453411587 0.25351828652459385 0.21466444482076028
35 0.6641280986167329 0.5304454115769308 0.16810689204448082 0.1508675384437538