28 0.9578125 0.2890625 0.03984375 0.025
28 0.9125 0.28984375 0.03828125 0.0265625
28 0.6703125 0.30625 0.06015625 0.05546875
28 0.23046875 0.30625 0.0984375 0.06953125
28 0.6015625 0.30625 0.05546875 0.05859375
28 0.1328125 0.309375 0.08984375 0.06953125
28 0.0421875 0.3109375 0.084375 0.06875
28 0.8640625 0.3109375 0.046875 0.04296875
28 0.74375 0.31171875 0.078125 0.0484375
28 0.8125 0.3125 0.04296875 0.04296875
28 0.9578125 0.31953125 0.040625 0.0265625
28 0.9109375 0.3203125 0.03828125 0.02734375
28 0.2375 0.38125 0.09140625 0.0375
28 0.3296875 0.38125 0.08671875 0.040625
28 0.4171875 0.38125 0.08046875 0.040625
28 0.14765625 0.384375 0.0828125 0.0375
28 0.0640625 0.38671875 0.084375 0.0421875
28 0.80625 0.4234375 0.0625 0.05625
28 0.91640625 0.4265625 0.0421875 0.040625
28 0.9671875 0.4265625 0.03828125 0.040625
28 0.86796875 0.428125 0.0421875 0.040625
28 0.3390625 0.43359375 0.08984375 0.0578125
28 0.42578125 0.4328125 0.0765625 0.05546875
28 0.5140625 0.4328125 0.071875 0.04296875
28 0.25 0.43359375 0.08046875 0.0640625
28 0.16328125 0.43515625 0.0953125 0.0640625
28 0.071875 0.43828125 0.09140625 0.0640625
28 0.6546875 0.1109375 0.040625 0.05078125
28 0.603125 0.1109375 0.03828125 0.05078125
28 0.7015625 0.1109375 0.03828125 0.05078125
28 0.07421875 0.146875 0.0609375 0.0875
28 0.15 0.146875 0.0625 0.0875
28 0.30234375 0.146875 0.0609375 0.0875
28 0.3765625 0.146875 0.0625 0.08671875
28 0.228125 0.146875 0.06484375 0.08671875
28 0.49921875 0.153125 0.0453125 0.07109375
28 0.44375 0.153125 0.04453125 0.071875
28 0.5546875 0.1546875 0.04453125 0.07109375
28 0.7078125 0.1625 0.040625 0.05078125
28 0.65625 0.1625 0.040625 0.05078125
28 0.609375 0.16328125 0.040625 0.0515625
28 0.6515625 0.2484375 0.05390625 0.05390625
28 0.20625 0.2484375 0.08671875 0.04453125
28 0.5953125 0.25 0.05546875 0.05546875
28 0.11796875 0.25234375 0.0921875 0.0421875
28 0.0328125 0.25703125 0.065625 0.0328125