28 0.9845135493714073 0.5282623665785158 0.03097290125718537 0.03946529172311415
28 0.7259407174172234 0.5803006586403141 0.07899770401018139 0.07909435775648746
28 0.24509125409767735 0.7071253459978426 0.12616360534690846 0.10655097241038014
28 0.6503503714194506 0.6006784356641071 0.07589088534372693 0.08049308344622812
28 0.13673386143376812 0.7331290032793604 0.11518974267981759 0.10285276232447185
28 0.06812931210213166 0.7492320381050694 0.04938292934436313 0.08378850180902227
28 0.935524255410542 0.5200680862753625 0.06317270934118113 0.06108798620519007
28 0.8045833380808144 0.5535091073062617 0.09769316000954512 0.07538950361804453
28 0.8786020934118145 0.5324319674375985 0.05848520934118149 0.0608423247398008
28 0.9796260547024074 0.49491427804390503 0.04074789059518515 0.041519114653892686
28 0.23474355275299602 0.624022918928621 0.11010225334181778 0.06823210085908257
28 0.33449810475013253 0.597688391000317 0.10543293467536322 0.06954893939369348
28 0.4303554974140417 0.5723398309598373 0.09916475334181776 0.06765889077317447
28 0.13573388808876866 0.6471915032793604 0.10070907200827235 0.06617827792830404
28 0.06166967942390492 0.6643623931480236 0.06629770934118147 0.06125176051544958
28 0.844398721395588 0.41462034769532324 0.08370338534372693 0.0809025192218769
28 0.9643748667249973 0.37940878675033235 0.05532384667409076 0.057553550429541286
28 0.9113498640594972 0.3907867000247439 0.05532384667409076 0.057553550429541286
28 0.3322447140754056 0.5383952781554467 0.11191929201145401 0.09018898801421234
28 0.42733903807286033 0.5146501616925319 0.09780224801081765 0.08476450361804452
28 0.5239776807367695 0.4892606580744873 0.0898079346753633 0.06873006784239592
28 0.23483391207826912 0.5646069753510563 0.10416133601209036 0.09446705223856355
28 0.14051174741404174 0.5875298982364062 0.11982269867918127 0.09841092378986112
28 0.05552822008272347 0.6068364981909777 0.085356792011454 0.08879690637700648
28 0.7558116727800404 0.7960551334255435 0.0569954346753633 0.06701043758467122
28 0.7004792827816311 0.8106808774326497 0.055432934675363296 0.0669285504295413
28 0.808028153445222 0.7823744137286969 0.055432934675363296 0.0669285504295413
28 0.11941164345953965 0.9239963427184822 0.07623633068109026 0.1101805834462283
28 0.19656448945731247 0.9035366785395595 0.09033519334818116 0.11404256784239593
28 0.36256165945253993 0.859659446518241 0.08877269334818116 0.11396068068726599
28 0.44362075545031276 0.8389950644514939 0.09033519334818112 0.11404256784239593
28 0.2815207447883126 0.8818863285849879 0.09189769334818117 0.1141244549975255
28 0.5767963347787676 0.7960562126879001 0.06822383601209037 0.09258364767057933
28 0.5160042854471312 0.8117498117379605 0.06667951734563574 0.0940642605154494
28 0.6367798621100859 0.7780598072154047 0.06666133601209037 0.09250176051544959
28 0.8011054441040407 0.7248894623492158 0.05699543467536321 0.06701043758467104
28 0.7457730541056315 0.739515206356322 0.0569954346753633 0.06701043758467104
28 0.6935565734404496 0.7531959260531687 0.05701361600890866 0.06857293758467105
28 0.7189100147596775 0.6478975944159628 0.07113066000954511 0.07399742198083885
28 0.23261907344044963 0.7773526368164455 0.10548747867599957 0.07423643939369332
28 0.6573367154280412 0.663632137043588 0.07429202267663584 0.07728619629109837
28 0.1359349774426768 0.7988358904344901 0.11171929734245412 0.07300148801421251