28 0.27518820315384235 0.9646538942210222 0.031024506920082205 0.032985216822512695
28 0.278188527754691 0.923274915298261 0.03296900889724856 0.042369307181592576
28 0.30621939136739396 0.6719351290957117 0.0652376808363588 0.0675511143631848
28 0.32809446098814565 0.21201522843178183 0.08570668973360736 0.10984769867214013
28 0.30950887604435473 0.5993152405320302 0.06973417984777566 0.06289088544042372
28 0.336424272737413 0.10974420130441875 0.08376218775644109 0.10046360831306052
28 0.34186650642579064 0.03245044827935666 0.08060801285158128 0.061392017953980894
28 0.3012148508726648 0.8749828610435351 0.05216467787060939 0.053415891490547554
28 0.30855782418091915 0.748493083916172 0.059751684790691505 0.08626475292686635
28 0.3060177560058611 0.8203362676593933 0.05041117688202616 0.04871930113146803
28 0.30731495364813394 0.9671839965821544 0.0325870069200823 0.032994307181592575
28 0.30950219475088536 0.9250192224798536 0.03296900889724856 0.042369307181592576
28 0.4060430474519924 0.2273089512062229 0.050949687756441084 0.1002727107723885
28 0.40211423421985026 0.3225759994108248 0.0553825197716634 0.09404998184962743
28 0.3972450034972222 0.41393225243588694 0.05512785178688588 0.08779998184962742
28 0.4146911941822317 0.13285042407885986 0.05056768577927469 0.09089771077238852
28 0.42134575939154023 0.04697201141287736 0.055191518783080394 0.08936248184962739
28 0.4225831734963471 0.8249197494108248 0.06849001482874759 0.07069429508134384
28 0.4210445312147321 0.9405083879745064 0.04884867688202621 0.048710210772388504
28 0.4188891236100779 0.9834544120768072 0.04626750494291585 0.023701120413308983
28 0.4244441038384144 0.889758954231285 0.0487850098858317 0.04714771077238851
28 0.45662532068369704 0.3377333667990716 0.07276102076024671 0.09883747579950315
28 0.4509430064629717 0.42830382464459393 0.06756418479069151 0.08631020472226432
28 0.4468868592384408 0.5204458728491959 0.05474584980971962 0.07842498184962743
28 0.4613990509120335 0.24403336377400953 0.07869268577927464 0.09106133723582169
28 0.46711319863085593 0.15424415592848723 0.07932935574121877 0.10668633723582163
28 0.47419884536109524 0.05977653844204456 0.07920202174882966 0.10356133723582164
28 0.10322438395302014 0.6356062227744411 0.05822367688202612 0.04876475292686635
28 0.10577903958050802 0.5832897438516799 0.058032675893442943 0.04407725292686635
28 0.10057422783124066 0.6855789516972022 0.058096342889637366 0.04563975292686617
28 0.16858817391627662 0.035347668421519096 0.09967634783255322 0.0693136022629363
28 0.165489690227899 0.11265505698520065 0.09986734882113639 0.07400110226293631
28 0.15788939034162972 0.2711669937534841 0.09980368182494201 0.07243860226293623
28 0.1532602401513493 0.349246541958086 0.0983048488211364 0.07399201190385671
28 0.16098787403000736 0.19385960518980255 0.09999468281352519 0.07712610226293633
28 0.1546065173373866 0.47813006606038694 0.0802896778706093 0.0535795179539809
28 0.1569383384781941 0.42034483713762577 0.0802896778706093 0.0535795179539809
28 0.1530877796946763 0.5367010901626879 0.0802896778706093 0.0535795179539809
28 0.1541448968046014 0.6968255239059091 0.05822367688202616 0.04876475292686635
28 0.15660405193779772 0.6421652949831481 0.05822367688202616 0.04876475292686635
28 0.16009912505577156 0.5937596112399268 0.05822367688202612 0.04876475292686635
28 0.2474200529263809 0.6473800358097659 0.06342051285158128 0.06129202400410509
28 0.26982170456235505 0.18121468032537577 0.058507519771663484 0.0940681625677866
28 0.2512188735728968 0.5872601472460843 0.06504667984777565 0.0628636143631848
28 0.2770346852849831 0.08987206283893309 0.05563718775644109 0.10029998184962738
28 0.2858565869581383 0.018846490532030236 0.04046317391627667 0.034602258976990444