34 0.4804390202419889 0.9744590586049654 0.21881859905006032 0.05108188279006924
34 0.4701632615355617 0.9915920072181947 0.2076420816372057 0.016815985563610525
34 0.6093971749215148 0.2973413526766325 0.09866322930778501 0.09593205547083343
34 0.6177917718238687 0.5102959475663894 0.21988313206674698 0.08626872758291686
34 0.6422428951841885 0.446724410047327 0.22218261646291496 0.10036759517409735
34 0.7137328770939654 0.9333542007005216 0.10343261646291495 0.09760365824437507
34 0.39947994233436945 0.258038544071667 0.22514384215265534 0.0973153303564585
34 0.7947814812324083 0.9533961769554518 0.10170634215265525 0.09320764608909649
34 0.7404015976953232 0.8573190307726396 0.10038950361804452 0.0990934230620141
34 0.8251107903683771 0.88275674828757 0.1161782779283043 0.10258209897381931
34 0.7598575203535306 0.33682469281673677 0.09866322930778501 0.09593205547083343
34 0.7076576125061861 0.24330977573864643 0.09866322930778501 0.09593205547083343
34 0.7806889987568045 0.26769348631972284 0.08575379353213641 0.087828614741389
34 0.6566893340120549 0.1412192924561464 0.09718261646291496 0.09745818787965285
34 0.7336269702626735 0.16569392201517422 0.10524077792830404 0.10232752583555564
34 0.8027930500908571 0.1892054636182993 0.08624511646291486 0.09720361474138892
34 0.037504485527821534 0.8240018508736806 0.07500897105564307 0.09800370174736121
34 0.04333840569963806 0.7803609536472222 0.08667681139927612 0.09822190729444458
34 0.05155701944901947 0.7359933578075347 0.10311403889803894 0.10011171561506949
34 0.058830608888141366 0.6970763281722571 0.11766121777628273 0.10040265634451409
34 0.3850965377663852 0.2936851033422226 0.2332838907731743 0.10374716831236128
34 0.3704674717330116 0.3340191626127781 0.2314757293077852 0.09902330072118079
34 0.6857582790599579 0.31789154844007006 0.10351450361804453 0.09916615824437507
34 0.35925001074259216 0.36895720706569474 0.2314757293077852 0.09902330072118071
34 0.3464291061746079 0.40464013392743087 0.2314757293077851 0.09902330072118079
34 0.3318819272963641 0.44341169319798646 0.2332020036180446 0.10218466831236128
34 0.10213629183668535 0.4003838193385418 0.2042725836733707 0.0986596248093751
34 0.0939995652424337 0.4414991286090973 0.1879991304848674 0.09702438962701407
34 0.07731833729141532 0.5536718202884723 0.15463667458283065 0.09171864057694457
34 0.5080870646786365 0.8722491272779171 0.23961577792830405 0.10545513867708359
34 0.4997898858003927 0.911166156913195 0.2314757293077852 0.09902330072118062
34 0.4891899004997137 0.9490775255027607 0.23320200361804472 0.10184494899447856
34 0.7371769369073025 0.4113882817225701 0.0844369549975255 0.09247974715020835
34 0.6677242520361648 0.393345490119445 0.10335072930778502 0.09604115824437506
34 0.5837963093631112 0.36792595640010467 0.11124511646291495 0.09778549620027785
34 0.8715398123037872 0.7281790042714938 0.10038950361804452 0.09909342306201392
34 0.7913134017429091 0.7067566395301048 0.10672139077317429 0.10080139342673604
34 0.07090788500742318 0.5933882837193403 0.14181577001484635 0.09927656743868063
34 0.57637447648271 0.6438708605604171 0.23953389077317447 0.10389263867708358
34 0.5672960476044662 0.6827697064001047 0.23953389077317447 0.10389263867708358
34 0.5550107315710926 0.723158317057431 0.23953389077317447 0.10389263867708358
34 0.5429301334255434 0.7596406777147575 0.23468261646291494 0.10065853590354194
34 0.5308085917024294 0.7969042883720838 0.23468261646291494 0.10065853590354176
34 0.5202086064017506 0.8349855166205907 0.23953389077317447 0.10389263867708358
34 0.8495176481248645 0.8051045269729175 0.09874511646291495 0.09749455547083344
34 0.7708537375639865 0.783718529822709 0.10992827792830422 0.10243662860909719
34 0.6118759644969224 0.5336243447928478 0.21988313206674714 0.08626872758291686
34 0.6070313342391976 0.5663641096104867 0.22358134215265543 0.097278962765278
34 0.5949507360936485 0.602846470267813 0.22374511646291495 0.10040396276527801
34 0.6732882615355618 0.994610517286181 0.09514208163720568 0.010778965427638098
34 0.4502788817280628 0.15440570421590316 0.19175813206674713 0.08561411094166682
34 0.2049088280191612 0.07516757342260434 0.2203744549975256 0.09564372758291687
34 0.2143181275441913 0.044880661378507124 0.21823874491161738 0.08466985999173629
34 0.20201744912023276 0.9363057483844794 0.2061481806872661 0.09219141926229213
34 0.2118361844209117 0.898206336340382 0.2061481806872661 0.09219141926229213
34 0.222313338988896 0.8624688580918752 0.20614818068726617 0.09219141926229177
34 0.23164075135879642 0.833744446047778 0.2024499706013579 0.0811811840799308
34 0.2279735187716509 0.7992421594786461 0.2332020036180446 0.10218466831236128
34 0.2378741412274596 0.7595802474345488 0.23468261646291486 0.10065853590354194
34 0.24937820726083312 0.7191734529816322 0.23640889077317437 0.10381990349472243
34 0.46297695556335244 0.12106652735416708 0.19003185775648762 0.08245274335048627
34 0.25845663613907693 0.6802746071419448 0.23640889077317437 0.10381990349472243
34 0.27205879070706124 0.6446098640757989 0.23640889077317437 0.10381990349472243
34 0.2805606874731294 0.6017865844405211 0.23640889077317437 0.10381990349472243
34 0.34102455393604425 0.5077651339274308 0.17777751922187682 0.08684930262104178
34 0.4412823400049488 0.19174205005559064 0.18855124491161734 0.08397887575930571
34 0.4099570969023537 0.22230106582316006 0.2221826164629149 0.10036759517409743