34 0.8828125 0.60859375 0.03359375 0.1921875
34 0.915625 0.6078125 0.03359375 0.18984375
34 0.24375 0.525 0.06953125 0.06953125
34 0.4265625 0.5921875 0.02421875 0.196875
34 0.36484375 0.5953125 0.0359375 0.19453125
34 0.953125 0.86640625 0.09140625 0.0984375
34 0.7671875 0.7953125 0.06953125 0.07421875
34 0.2640625 0.33125 0.03359375 0.19921875
34 0.76484375 0.871875 0.0671875 0.07421875
34 0.6953125 0.796875 0.071875 0.071875
34 0.6953125 0.878125 0.071875 0.084375
34 0.2390625 0.6671875 0.06953125 0.06953125
34 0.171875 0.5953125 0.06953125 0.06953125
34 0.175 0.665625 0.06484375 0.06015625
34 0.096875 0.52265625 0.071875 0.0671875
34 0.0984375 0.596875 0.07421875 0.07421875
34 0.1015625 0.66328125 0.07421875 0.0578125
34 0.8640625 0.1046875 0.03828125 0.20703125
34 0.8234375 0.103125 0.0375 0.20625
34 0.78125 0.1046875 0.03828125 0.20703125
34 0.74375 0.1046875 0.03828125 0.209375
34 0.2984375 0.32890625 0.03828125 0.2046875
34 0.3375 0.32734375 0.03359375 0.2046875
34 0.2421875 0.5984375 0.071875 0.07421875
34 0.3703125 0.32734375 0.03359375 0.2046875
34 0.4046875 0.32578125 0.03359375 0.2046875
34 0.44140625 0.32421875 0.0359375 0.2046875
34 0.4640625 0.103125 0.03828125 0.196875
34 0.50390625 0.1 0.0359375 0.19921875
34 0.609375 0.10234375 0.03125 0.2015625
34 0.7671875 0.5984375 0.03828125 0.209375
34 0.803125 0.60234375 0.03359375 0.2046875
34 0.83828125 0.60390625 0.0359375 0.2046875
34 0.309375 0.66796875 0.06953125 0.0578125
34 0.31171875 0.603125 0.0671875 0.07421875
34 0.31171875 0.521875 0.0671875 0.08203125
34 0.55 0.875 0.071875 0.071875
34 0.5515625 0.79921875 0.071875 0.0765625
34 0.646875 0.10078125 0.03828125 0.2015625
34 0.55234375 0.59375 0.0359375 0.209375
34 0.58828125 0.596875 0.0359375 0.209375
34 0.62578125 0.596875 0.0359375 0.209375
34 0.6609375 0.596875 0.03359375 0.20703125
34 0.696875 0.596875 0.03359375 0.20703125
34 0.73203125 0.5984375 0.0359375 0.209375
34 0.621875 0.8765625 0.071875 0.06953125
34 0.6234375 0.80234375 0.071875 0.0796875
34 0.4484375 0.59375 0.02421875 0.196875
34 0.478125 0.5984375 0.03359375 0.196875
34 0.51171875 0.5984375 0.0359375 0.196875
34 0.86875 0.7875 0.06953125 0.06953125
34 0.9359375 0.78828125 0.06484375 0.0671875
34 0.1609375 0.346875 0.03125 0.16796875
34 0.15625 0.1046875 0.03359375 0.20703125
34 0.12109375 0.10234375 0.0359375 0.2046875
34 0.9734375 0.3484375 0.03359375 0.18046875
34 0.9375 0.35 0.03359375 0.18046875
34 0.9015625 0.35 0.03359375 0.18046875
34 0.865625 0.3484375 0.03359375 0.18046875
34 0.8328125 0.346875 0.03359375 0.18046875
34 0.8046875 0.346875 0.02421875 0.18046875
34 0.77578125 0.33359375 0.0359375 0.2046875
34 0.7390625 0.33125 0.03359375 0.20703125
34 0.70078125 0.3296875 0.0359375 0.20703125
34 0.128125 0.3484375 0.02890625 0.16796875
34 0.971875 0.60234375 0.04296875 0.2046875
34 0.66484375 0.3265625 0.0359375 0.20703125
34 0.63046875 0.328125 0.0359375 0.20703125
34 0.59140625 0.3234375 0.0359375 0.20703125
34 0.49453125 0.35 0.0359375 0.15390625
34 0.87265625 0.85703125 0.0671875 0.0671875
34 0.1953125 0.3484375 0.03125 0.165625
34 0.23046875 0.3296875 0.0359375 0.19453125