34 0.5676091850700227 0.04303245180657024 0.21984592721213972 0.08606490361314048
34 0.5539447913563288 0.025302453042299212 0.21726458271265764 0.050604906084598424
34 0.6943988566960819 0.7419143611040641 0.0997517510334573 0.09919618676785795
34 0.7039235982190264 0.526274773651634 0.2226070541766104 0.09172587946721471
34 0.7280738817174724 0.5910402692030099 0.2231892510334573 0.1042258794672147
34 0.8036965423897862 0.09718549844276315 0.10451202564056317 0.10094968775644106
34 0.48190101074885777 0.7842304895826956 0.22780397642635145 0.10285438045579802
34 0.8810574090151746 0.07759589863304357 0.09328342721213971 0.0942540187830803
34 0.8299551354415261 0.17360607699794448 0.10138702564056316 0.10082235376405224
34 0.9055715655491501 0.1501738941844193 0.09506425103345748 0.09900518577927472
34 0.8466676780362 0.7004869119789164 0.09975175103345749 0.09919618676785795
34 0.7931488798554456 0.7950300908381089 0.09975175103345749 0.09919618676785777
34 0.8670936480524107 0.7693178250207782 0.08688787799792799 0.09087435079830257
34 0.7407752047102205 0.8973539361992042 0.09648120181924558 0.0959438527754692
34 0.8186262229071856 0.8714825028913875 0.10294952564056317 0.1008860207602467
34 0.8887739030148094 0.8482731545645426 0.08725175103345748 0.09868685079830267
34 0.08309940611969054 0.2212582346769608 0.14989730024766904 0.1043585306460784
34 0.08971543320799576 0.26247348368837764 0.15949062406898656 0.10942803262324477
34 0.09892992142117149 0.30906198220550285 0.17340757485477487 0.10687603558899425
34 0.10703567390237086 0.3486510642207253 0.18598034946188072 0.10894787155854946
34 0.4677271947854231 0.7488023255522507 0.2359075748547749 0.10942271543676992
34 0.45326228039356486 0.7071241615218058 0.23412675103345731 0.10467154844057554
34 0.7724681987143645 0.7207304277962472 0.10458480024766903 0.10251218775644108
34 0.44224985173368314 0.6723499134989723 0.23412675103345731 0.10467154844057554
34 0.42807603577024833 0.6369217494685274 0.23412675103345731 0.10467154844057554
34 0.41453792059260197 0.5983367519399854 0.23583480024766904 0.10786021543676991
34 0.17253451116314253 0.6457688033463104 0.22638702564056318 0.10591571345960346
34 0.15579862137839023 0.6057486398101571 0.22951202564056317 0.1060430474519924
34 0.1293559377561097 0.4917643942587814 0.21679370181924557 0.10084621148243719
34 0.5945249036384912 0.1604998764271032 0.24066784946188075 0.11117621642535314
34 0.5872367884608447 0.12166021091378357 0.23412675103345731 0.10467154844057554
34 0.57775047249741 0.08604104589475552 0.23583480024766904 0.10786021543676996
34 0.8227164476809072 0.6231895829294436 0.08710620181924549 0.09556185079830275
34 0.7532408556626246 0.6440233477581911 0.10265842721213972 0.09463602076024671
34 0.6683949747692124 0.6709625325488827 0.11054370181924558 0.0965168557412186
34 0.954905881719727 0.3038918017890735 0.09018823656054593 0.09887785178688588
34 0.8816546842414532 0.3256978176064043 0.10614730024766886 0.10257585475263546
34 0.12128657257846329 0.4529565622435589 0.2047303494618807 0.10971187551288217
34 0.6632899820079227 0.3933004475679107 0.24059507485477488 0.10961371642535304
34 0.6544029795267233 0.35374319905078544 0.24059507485477488 0.10961371642535314
34 0.6415733397419711 0.3135638680241462 0.24059507485477488 0.10961371642535314
34 0.6295977245643246 0.2749152034994098 0.2356892510334573 0.10473521543676992
34 0.6168408593866782 0.23629837247277052 0.2356892510334573 0.10473521543676993
34 0.6072817688161376 0.19911670745374246 0.24059507485477488 0.10961371642535314
34 0.9342102959044428 0.22728022224530903 0.08717897642635145 0.09712435079830276
34 0.8600835911897132 0.24908623806263983 0.10934507485477454 0.10426568874502422
34 0.6972904545053327 0.5014976081383145 0.22260705417661059 0.09172587946721471
34 0.6934912123632155 0.4703431086326061 0.22460620181924576 0.10116454646340926
34 0.6815519844891221 0.43247569410786957 0.22631425103345731 0.10435321345960365
34 0.7617936786598818 0.02064017486767874 0.09858735731976367 0.04128034973535748
34 0.532943434032056 0.888602313194961 0.19440927956950455 0.0890173735357159
34 0.2762974817985257 0.9577647845632299 0.23430653349844607 0.0750477154367701
34 0.286545777083796 0.9761327825860636 0.23255994292790544 0.03754771543677009
34 0.2641203120344933 0.040898278137439424 0.19815070967712847 0.06889587452429893
34 0.27376929383752824 0.06320435965837028 0.20720037799792798 0.09577670950527088
34 0.2857085217116217 0.10107177418310673 0.20720037799792798 0.09577670950527088
34 0.2961216368892682 0.13978410570403757 0.20720037799792798 0.09577670950527092
34 0.3063892028527029 0.17537143722496842 0.20720037799792798 0.09577670950527088
34 0.31565719499482003 0.20630310224399645 0.2036387303552928 0.08627437551288208
34 0.31186226095825476 0.24246343673067683 0.23583480024766904 0.10786021543676991
34 0.3222389888323483 0.28039451825160766 0.23739730024766903 0.10792388243296429
34 0.33272487861710054 0.32066934977253847 0.23739730024766903 0.10792388243296429
34 0.545445588084832 0.9217503942216003 0.19277400496239885 0.08739120653952134
34 0.3424295184018528 0.3609760147915666 0.23739730024766903 0.10792388243296429
34 0.3558948589723935 0.3979985123201087 0.23739730024766903 0.10792388243296429
34 0.36407338606069867 0.4391500943353311 0.23739730024766903 0.10792388243296429
34 0.4249081863083677 0.5352955824723329 0.18049232878371627 0.09156937056996632
34 0.8346125944994821 0.005830916959013344 0.09422518899896408 0.011661833918026688
34 0.5242747553721743 0.853732564677836 0.19128427956950453 0.08889003954332679
34 0.4922777386229513 0.8221615711036264 0.2231892510334573 0.1042258794672147