34 0.48048638399109134 0.06282516940347774 0.21188292934436315 0.08247719847574839
34 0.4902068293284548 0.03481484065366721 0.21021134134309047 0.06962968130733442
34 0.40522637189691385 0.7569660548439013 0.09167951734563573 0.0911522408266178
34 0.38187232992523074 0.5485222957687149 0.21335452267663593 0.07467378883482816
34 0.3623768952498675 0.6126938800776704 0.21349997334499946 0.08717378883482815
34 0.2553858393141373 0.13991088593140288 0.09636701734563573 0.09117951190385667
34 0.6142922892266413 0.7823104467272325 0.21971361067790873 0.0840851502711466
34 0.17431765264959168 0.12475858460354301 0.09634883601209036 0.08961701190385667
34 0.23497279463718318 0.2158057654198981 0.09484088001272672 0.09429542154477702
34 0.15004381130650124 0.19676993998973727 0.10737724267981755 0.097493144417414
34 0.25401840790105 0.7273790696746242 0.09167951734563573 0.0911522408266178
34 0.31314741255573236 0.8153103408500589 0.09167951734563573 0.09115224082661796
34 0.23915592922505047 0.7962108829063407 0.08065111067790857 0.0832761083130606
34 0.3706139198759148 0.9118444523845733 0.08857269867918127 0.09269656010845857
34 0.2934883458784602 0.8935444251590144 0.09800224267981754 0.09743860226293606
34 0.22340311254777817 0.8744222413175973 0.08077838001272666 0.09421360831306061
34 0.9445114266390922 0.19761624239775166 0.10719542934436319 0.081868144417414
34 0.9401051899665924 0.24060771829545075 0.11498974801081766 0.08035109621281204
34 0.9333370219605474 0.2851753297317692 0.1275079293443632 0.08198631908544902
34 0.9274137386219111 0.32426964598854785 0.13844542934436319 0.0820499515990063
34 0.6256570505649592 0.7455280642136752 0.22603633601209036 0.09037151170746505
34 0.6370581745703681 0.7056206817001179 0.2259817920114541 0.08568401170746505
34 0.328073525899141 0.7410097776183424 0.09796588001272673 0.09431360226293624
34 0.6452706639083678 0.6712002299047197 0.2259817920114541 0.08568401170746505
34 0.6550729252466858 0.6344269377502421 0.2259817920114539 0.08568401170746505
34 0.6664558679185492 0.5960820552366848 0.226018154678545 0.08880901170746505
34 0.8872405352482767 0.6213582694269189 0.18061474801081764 0.08073289129415606
34 0.898659840587231 0.5798883869133615 0.17745338534372693 0.07758971057599666
34 0.9132683279360485 0.46574861886118474 0.16335452267663583 0.07438289734428025
34 0.46185346797422844 0.18714391335335354 0.23074201734563576 0.0919612827847038
34 0.4669773199793191 0.14961664227611468 0.22598179201145396 0.08568401170746495
34 0.47368185331795526 0.11051778083979621 0.226018154678545 0.08880901170746495
34 0.2720604305776859 0.6538415757247484 0.07914315467854491 0.0879545179539809
34 0.34065588924254964 0.6667228499252452 0.09634883601209036 0.08961701190385671
34 0.4255848725732315 0.6857586753554061 0.10417951734563577 0.09122496369925485
34 0.11544044995227494 0.3508670875304093 0.09484088001272671 0.09429542154477702
34 0.19571829595004775 0.36680518403780893 0.09954656134627213 0.09588519262201593
34 0.9191916112746845 0.4266543026044062 0.15248974801081766 0.08056926483072288
34 0.41155183394336625 0.41476491930528187 0.23072383601209037 0.09039878278470379
34 0.4174660266152296 0.37645185304850326 0.23072383601209037 0.09039878278470379
34 0.4273046506206385 0.3365535608940255 0.23072383601209037 0.09039878278470379
34 0.43632566195895645 0.2997848139190876 0.22756247334499946 0.08725560206654456
34 0.44535576396404714 0.2622348169441497 0.22756247334499946 0.08725560206654456
34 0.4528324566359105 0.22391266032829144 0.23072383601209037 0.09039878278470379
34 0.132728494629229 0.2749903887600732 0.09171588001272668 0.09427724082661779
34 0.21066259062700182 0.2909421208060924 0.10267156134627209 0.09590337334017515
34 0.3852700499284124 0.5250666150505557 0.21335452267663585 0.07467378883482816
34 0.3879956079328667 0.49224047951193634 0.21658861067790855 0.0840669695529872
34 0.39700752860441196 0.4562529825369984 0.21662497334499947 0.0871919695529872
34 0.2885897853278184 0.039915951991789815 0.09157042934436319 0.07983190398357963
34 0.5716769805458692 0.8864575912428425 0.18524770401018137 0.07607266237139498
34 0.8045707492043694 0.9452548325604395 0.1868102040101814 0.0760817527304745
34 0.7972667792011878 0.9687332391762979 0.18343066534054503 0.05418857201231546
34 0.7663511586569095 0.0674116336919077 0.19936474801081766 0.08084197560311143
34 0.7573210566518188 0.10496163066684558 0.19936474801081766 0.08084197560311147
34 0.7498443639799556 0.14328378728270388 0.19936474801081766 0.08084197560311143
34 0.743185283975183 0.17847639871902235 0.19936474801081766 0.08084197560311143
34 0.7365989293045923 0.2074190101553408 0.19769316000954512 0.07145788524403188
34 0.7416767806333652 0.24098094389856217 0.22601815467854483 0.08880901170746495
34 0.7349631566279564 0.2808610553348806 0.22756247334499946 0.08725560206654456
34 0.7266779419557747 0.3215315071302787 0.22759883601209036 0.09038060206654457
34 0.5611207412078694 0.9208916785768599 0.18521134134309047 0.07294766237139498
34 0.7215540899506842 0.3590587782075175 0.2275988360120902 0.09038060206654457
34 0.7101893286123662 0.3958411607210749 0.22759883601209036 0.09038060206654457
34 0.7057921826066391 0.4380513866187739 0.22759883601209036 0.09038060206654457
34 0.652339371260367 0.533668413647941 0.1711852040101814 0.07599084913967821
34 0.21606080466263658 0.02918298507108122 0.08662839067472687 0.05836597014216244
34 0.5783542418841872 0.849702479806524 0.18210452267663585 0.07449198165323594
34 0.6068610498886414 0.8167263533430908 0.21349997334499946 0.08717378883482789