28 0.859375 0.3703125 0.03125 0.04453125
28 0.8984375 0.375 0.03515625 0.040625
28 0.5984375 0.3984375 0.06484375 0.084375
28 0.66328125 0.3984375 0.0609375 0.08203125
28 0.7203125 0.40703125 0.046875 0.0671875
28 0.7703125 0.4078125 0.046875 0.06640625
28 0.9546875 0.41015625 0.03125 0.0578125
28 0.98515625 0.4109375 0.0296875 0.05625
28 0.85 0.41875 0.03515625 0.04453125
28 0.9234375 0.4203125 0.03515625 0.04453125
28 0.8875 0.41875 0.03125 0.04453125
28 0.940625 0.5234375 0.06484375 0.06015625
28 0.8765625 0.534375 0.05546875 0.03828125