28 0.30622855015249983 0.1831957595105127 0.04934668977951393 0.04131851282028158
28 0.3047939899320138 0.1440240975998539 0.04625805737069451 0.042735463606069855
28 0.3730296179724302 0.4381422787409351 0.09560474715020835 0.08405397642635144
28 0.3635650054152427 0.37435160649119403 0.09233427678548622 0.07765842721213971
28 0.36334810628892333 0.31646633188408824 0.07634560087368056 0.06130568114108117
28 0.35668118541111093 0.2668837088485589 0.07478310087368065 0.061232906533975305
28 0.33123050978364577 0.08346974131354763 0.06344555737069442 0.04353598428423431
28 0.32725217781166666 0.052782667492230054 0.06184668977951393 0.041900709677128445
28 0.3554291163569096 0.1862694096343472 0.04941942496187508 0.04444351282028158
28 0.3454014593468055 0.11306735008105326 0.04941942496187508 0.04444351282028158
28 0.3492525047496527 0.14922317390237083 0.04934668977951393 0.04131851282028158
28 0.44543848014836807 0.08253228763227523 0.07205814437666688 0.07827485731976358
28 0.465876960296736 0.14526988213175723 0.04832970364722229 0.06468323821317572