28 0.5160769135497454 0.5756075689749904 0.06913179508134384 0.06802580290255769
28 0.5902729376520461 0.5769220431142748 0.07538179508134384 0.0682440577118811
28 0.6652456665748074 0.5789904854023937 0.07225679508134383 0.0681349303072194
28 0.7371161213952675 0.5772618050951743 0.06913179508134384 0.06802580290255769
28 0.5739126603282914 0.4353347438399142 0.08790906615858277 0.07336806733052796
28 0.7566706181738138 0.4383257906672041 0.09103406615858275 0.0734771947351895
28 0.6668541392510525 0.4367757035512282 0.09259656615858276 0.07353175843752062
28 0.38897249542281376 0.9416914151614589 0.05183521077238851 0.04867560217691817
28 0.20777703757729146 0.9386458046318381 0.058085210772388506 0.0488938569862416
28 0.329615676140973 0.9406398358500315 0.05496021077238851 0.048784729581579714
28 0.2702588568591322 0.9395882565386039 0.058085210772388506 0.048893856986241956
28 0.5515497634749905 0.9227355401190499 0.05490566861791084 0.039409729581580066
28 0.4984520345522293 0.919903205998299 0.051762487899751616 0.036175602176918176
28 0.4445685104499284 0.9178794037287135 0.05178066861791084 0.03930060217691818
28 0.38457134173382174 0.8926363562684514 0.05968407220870695 0.055198420688572725
28 0.32130372727244116 0.8925024362128511 0.05812157220870695 0.0551438569862416
28 0.25805429352921977 0.8892435161572507 0.05812157220870695 0.055143856986241954
28 0.18932701942691885 0.8877380690598085 0.06124657220870704 0.055252984390903495
28 0.5509775917338218 0.8868253219702155 0.051762487899751616 0.036175602176918176
28 0.4978753176315207 0.8847742378494644 0.05019998789975162 0.036121038474587405
28 0.44320145317014015 0.8843402174310444 0.05488748789975162 0.03628472958157971
28 0.6721718565645446 0.7310614168907394 0.0831579336450254 0.06226687622353531
28 0.5854894680008631 0.727839702370102 0.08471134328594587 0.060758939925866076
28 0.48553037461672144 0.7243005293192767 0.08468407220870695 0.05607143992586625
28 0.38792412159165923 0.7191170107149552 0.0830943011314682 0.051329376223535304