28 0.540625 0.4125 0.05859375 0.05546875
28 0.60703125 0.4125 0.0640625 0.05625
28 0.67421875 0.4125 0.0609375 0.05546875
28 0.7390625 0.4140625 0.05859375 0.05625
28 0.584375 0.53828125 0.07578125 0.0578125
28 0.7484375 0.5390625 0.078125 0.05859375
28 0.66796875 0.5390625 0.0796875 0.05859375
28 0.44609375 0.084375 0.0453125 0.03984375
28 0.2828125 0.084375 0.05078125 0.03984375
28 0.39296875 0.084375 0.0484375 0.03984375
28 0.3390625 0.084375 0.05078125 0.03984375
28 0.590625 0.10390625 0.046875 0.0296875
28 0.5421875 0.1046875 0.04453125 0.02890625
28 0.49375 0.10546875 0.04453125 0.0296875
28 0.4390625 0.12734375 0.05078125 0.0453125
28 0.3828125 0.1265625 0.04921875 0.04453125
28 0.3265625 0.128125 0.04921875 0.04453125
28 0.26484375 0.12890625 0.0515625 0.0453125
28 0.5875 0.134375 0.04453125 0.02890625
28 0.540625 0.1359375 0.04296875 0.02890625
28 0.49140625 0.1359375 0.0484375 0.02734375
28 0.6890625 0.2765625 0.07109375 0.04921875
28 0.6109375 0.27734375 0.071875 0.0484375
28 0.52109375 0.2796875 0.0734375 0.04296875
28 0.43359375 0.2828125 0.0734375 0.03984375