28 0.5384616712621788 0.5614277215549149 0.06830571509696401 0.06797572625188941
28 0.6042503124958809 0.5669805005646973 0.07299321509696384 0.06824874203690498
28 0.6708202037295828 0.5724877769436437 0.06986821509696384 0.06806673151356132
28 0.7358003214243347 0.5765235585842621 0.06830571509696384 0.06797572625188959
28 0.5973400190714282 0.43990976634971285 0.0839852621748646 0.07201077886860788
28 0.7602218486167329 0.4523202191358406 0.08716480925276535 0.0753177893919517
28 0.6803297970746054 0.4452427374811049 0.08872730925276535 0.07540879465362363
28 0.4048402422827717 0.8812459398437096 0.05081820616851016 0.04978716837349921
28 0.24272602596799175 0.868008734426746 0.05550570616851021 0.050060184158514785
28 0.35159251135749514 0.8773088687405526 0.053943206168510206 0.04996917889684269
28 0.29833114366274344 0.8725905476373953 0.05550570616851012 0.050060184158514785
28 0.5501663790522467 0.8735637005082276 0.05062729139585791 0.038849668373499215
28 0.5023873981269704 0.8693081109892191 0.04747501785690744 0.03710515785015574
28 0.45459478043221857 0.8642712714702103 0.04750229139585791 0.03866765785015573
28 0.40252771996163733 0.8383681951053814 0.057150026785361165 0.05483868942018653
28 0.3469226022668856 0.8337863818947321 0.057122753246410876 0.053276189420186526
28 0.2912902110331836 0.8276420686840827 0.057122753246410876 0.053276189420186526
28 0.23018906979948156 0.8218162738892849 0.05871252678536125 0.054929694681858265
28 0.5511970450427153 0.8430039452465558 0.04747501785690744 0.037105157850155376
28 0.5049669273479636 0.8378761004658752 0.04747501785690744 0.03710515785015574
28 0.45562544642268693 0.8337115162085386 0.05216251785690744 0.03737817363517095
28 0.6693003883877376 0.7094340400978234 0.07916139448011297 0.06392526308359248
28 0.5917520868456101 0.7022200505505799 0.07913412094116268 0.0623627630835923
28 0.5024304882255819 0.6925636004658753 0.07905230032431163 0.05767526308359248
28 0.4162202528360785 0.6819438898578271 0.07899775324641087 0.054550263083592475