34 0.09679325379783309 0.7322116344415963 0.1329266058051153 0.14421474672063966
34 0.9545239082443369 0.6849118362753626 0.07164187622353531 0.0864155348257091
34 0.9153522808396751 0.6838340151536063 0.062376003628197195 0.08904921189493056
34 0.8760988078815171 0.6804124440318502 0.062376003628197195 0.08904921189493073
34 0.8367907712210283 0.6754283729100938 0.06868056733052796 0.09093926051544958
34 0.7904514845605395 0.6708127939864216 0.07029763103285873 0.09258364767057933
34 0.7378349160488851 0.6657435136832682 0.07196925843752063 0.0957905348257091
34 0.6891245975372309 0.6604695154922906 0.07196925843752063 0.0957905348257091
34 0.634191560876742 0.6563043159218319 0.07051588584218216 0.09883364767057934
34 0.5737079286627569 0.6500819713943273 0.07698414065150558 0.10541119629109837
34 0.5070015782999372 0.6449684254873418 0.07698414065150558 0.10541119629109837
34 0.44339294608595203 0.6389098552700967 0.0724057680561673 0.10829053482570909
34 0.37428828202080144 0.6323566400958058 0.08517858656782167 0.11675813206674715
34 0.2965898679556509 0.6262538042747285 0.09622521397248338 0.12045634215265544
34 0.21250504463467318 0.6165722670741702 0.10436509618646843 0.13024077792830405
34 0.9445536196849315 0.309748061965103 0.0778571598887993 0.13041119629109837
34 0.9152927056197809 0.3011067243350034 0.05280259618646852 0.12753850180902226
34 0.885032286745307 0.28625633028246866 0.06530259618646853 0.1281935990500603
34 0.8422445860196675 0.27127978347097204 0.06546628729346118 0.13288109905006032
34 0.7940972626986897 0.2597148417024294 0.065466287293461 0.13288109905006032
34 0.7419345619730503 0.24522961782171127 0.06579366950744614 0.14225609905006031
34 0.6944866430985763 0.23127998247560383 0.06579366950744614 0.14225609905006031
34 0.6413517194147789 0.21136695217245052 0.07716767912609299 0.1553293091359686
34 0.5906969549868087 0.19523734113660254 0.08029267912609299 0.15549308344622811
34 0.5366170901960187 0.17067775441101413 0.08826887023308565 0.16059001922187682
34 0.4788219483633867 0.15179163557325007 0.09015875244707061 0.17004690637700662
34 0.41224208357259673 0.12788714608869964 0.0905406983633867 0.1809844063770066
34 0.3511582506329722 0.10447730156119509 0.09037700725639412 0.17629690637700662
34 0.2795188636096636 0.09257816711959879 0.10222224282842385 0.15820200361804462
34 0.19010169954451306 0.08708948496199465 0.10038692431676957 0.15030761646291485
34 0.10593503067003907 0.07506419776143639 0.10134922359113019 0.13320200361804463
34 0.9748760036281972 0.17579246381955385 0.050247992743605606 0.11199538896415207
34 0.9401785998146656 0.16205086838753813 0.0648115228654909 0.11413109905006032
34 0.9066294898331989 0.14267674864526292 0.07295140507947587 0.12391553482570909
34 0.8639236346610559 0.1300439518337662 0.07295140507947621 0.12391553482570909
34 0.8320734339354164 0.11449419493636126 0.06524803248413776 0.12663109905006031
34 0.7915203558051153 0.09626981739216993 0.06993553248413757 0.12687676051544958
34 0.7412202554422956 0.090296456356322 0.06324902286549072 0.11404921189493056
34 0.9844717476377471 0.3252601973112105 0.031056504724505628 0.11783595318850333
34 0.582527334838541 0.3647243255327703 0.22860120435383635 0.11491675033868427
34 0.3049901226801563 0.3064802148356066 0.31105160580511526 0.15354988240543133
34 0.7963740692294445 0.4145661160126889 0.18463294954451293 0.10637390999505118
34 0.9433135234984629 0.4611467876548435 0.11337295300307418 0.09273413387576941
34 0.11678331686719176 0.6098486335370852 0.11870041469812276 0.13879026232447184
34 0.1377282447273404 0.5148293826325739 0.09943949400955021 0.07851450361804453
34 0.22591029100647608 0.5297749519453079 0.09140873920022677 0.07185506784239593
34 0.3084326143274538 0.5395383763009959 0.08208830290255768 0.0729262449116174
34 0.381607219499597 0.5505743735874624 0.07729167549789598 0.06955558344622811
34 0.4475868835647475 0.5572913630720129 0.06775298439090349 0.06437676051544958
34 0.5097694250345597 0.5673380704443877 0.06931548439090349 0.06445864767057934
34 0.5741320253973795 0.5725744470840678 0.0692063569862416 0.06133364767057934
34 0.9685144366989732 0.7631629890343244 0.06297112660205358 0.08921298620519025
34 0.9345139978073833 0.7618804500247439 0.052946439925866076 0.0869953889641522
34 0.8883111204027216 0.7611711211010717 0.05930556733052796 0.09044793758467087
34 0.8490576474445636 0.7577495499793154 0.0719146947351895 0.0942280348257091
34 0.7989485200399018 0.7572449389434673 0.07665675843752062 0.09603619629109836
34 0.7503473289329093 0.7550959407524898 0.07051588584218216 0.09883364767057934
34 0.6900273878259167 0.7535610962249851 0.08328870435383635 0.10730124491161738
34 0.6343131011654279 0.7494368402320915 0.07385914065150559 0.10524742198083885
34 0.5724033782072698 0.7472026328597166 0.08183533175849825 0.11034435775648763
34 0.5058334371002774 0.745995336952731 0.07876489546082902 0.11174308344622794
34 0.4352481185886231 0.7418677589335699 0.08824902286549072 0.11535940637700648
34 0.36326399118396135 0.7425095680695385 0.09649803248413757 0.12826884215265544
34 0.2801786726723071 0.7390370872914154 0.09811509618646852 0.1299132293077852
34 0.19472232230948738 0.7349061872459869 0.11094247840045357 0.13994332654882308