34 0.11385545510906728 0.7400971201303836 0.13541295680654794 0.14129893019392786
34 0.9709968716070684 0.7070188295518953 0.05800625678586328 0.08401253571381488
34 0.9393534220923805 0.7053569180256538 0.06535940637700648 0.08543866801906326
34 0.8992640106269914 0.7013648932688875 0.06535940637700648 0.08543866801906326
34 0.8590517684289074 0.6950291185121211 0.07029256784239593 0.09020798863591431
34 0.8118492198083883 0.6895973246806314 0.07037445499752551 0.0917704886359143
34 0.7592188647654343 0.6850422382354677 0.07358134215265544 0.09338753571381489
34 0.7103719289897855 0.6780752179429284 0.07358134215265544 0.09338753571381489
34 0.6537943803692665 0.6728070653451406 0.07062011646291495 0.0964579886359143
34 0.5924474445936176 0.6660582333642038 0.07727955223856356 0.10437958279171564
34 0.5256317588179689 0.6594048587695933 0.07727955223856356 0.10437958279171564
34 0.4611188794647553 0.6519293238665572 0.07423643939369348 0.10588753571381489
34 0.3903560001115417 0.6445628831193225 0.0871458751693421 0.11391822402541756
34 0.3124799836031983 0.6357566732973643 0.0982471494796016 0.11723413879807013
34 0.22749082993972514 0.6255106944006826 0.10498847241038015 0.12671823295387127
34 0.95485675486124 0.3297432633992712 0.07850785956551007 0.12781708279171564
34 0.9254182383528967 0.3200915738698525 0.05178158525525021 0.12422843262955982
34 0.8932674796464694 0.30344954464885926 0.06436347241038014 0.1260091209411625
34 0.851001414517607 0.2877660434310433 0.06625352103089917 0.13228639448011298
34 0.8019088172765689 0.27611152313850384 0.06625352103089917 0.13228639448011298
34 0.7486643085701417 0.25983768669334023 0.06674484396167771 0.14166139448011295
34 0.6994079370188442 0.24505816640080075 0.06674484396167771 0.14166139448011295
34 0.6451365168470277 0.2241104667251123 0.07661116689245624 0.15120003571381496
34 0.5941538709854706 0.2062332199715232 0.08138055404758582 0.15284435633066593
34 0.5381152329258297 0.18140654383478508 0.09108310266810485 0.15925799756436804
34 0.4784160063315781 0.16133555154542284 0.09141065128862387 0.16550799756436801
34 0.4106176746943723 0.13593217695081228 0.09362824852966192 0.17803527110331835
34 0.34832903663473136 0.11121459496987554 0.09182008706427265 0.17332049756436801
34 0.2756761086609988 0.09762542776159118 0.10333744120271575 0.15478868587597075
34 0.1853819793077851 0.09059990625123573 0.10144739258219673 0.14851141233702042
34 0.09944780133405247 0.07724256412402926 0.10046474672063965 0.1297614123370204
34 0.9779224827564876 0.19475460877288853 0.044155034487024736 0.11178297970746054
34 0.9454330879687838 0.17977053693822154 0.06518898801421216 0.11197389448011293
34 0.9107748049520972 0.16004441802565383 0.07341092378986111 0.11992276217486464
34 0.8670281269783644 0.14595069034678818 0.07341092378986147 0.11992276217486464
34 0.8348773682719373 0.12930866112579498 0.0658440852552502 0.12447389448011292
34 0.7924475288328152 0.11050015990797898 0.07053158525525038 0.12455571509696392
34 0.7420380930571666 0.10356041315438987 0.06362648801421251 0.11194662094116259
34 0.9900561912027157 0.34613983076971133 0.019887617594568495 0.11468979139585792
34 0.5914427080497433 0.3783127715136508 0.231885165083434 0.10551716314779931
34 0.30815217322403426 0.31444473498576164 0.31477290818602893 0.13818538717321704
34 0.8100565892119793 0.43158027313850383 0.18772572930778503 0.09694100405718978
34 0.9517992746489436 0.4812512163213706 0.09640145070211262 0.08491256249917604
34 0.12930231343138174 0.6170590405850789 0.11781602103089917 0.13318642126547414
34 0.14774469696846687 0.5213374375008237 0.1022043091359686 0.07359323295387128
34 0.236967649252459 0.5377652325501296 0.09406426051544958 0.06720686525911965
34 0.32047619007106193 0.5496009849857616 0.0832905348257091 0.07014095048646744
34 0.3946097308896648 0.5616003786550956 0.07991987336031983 0.06539890340856669
34 0.4622885538204433 0.569802616480231 0.06881859905006031 0.062082988635914306
34 0.5246624010614813 0.5812253116916926 0.07038109905006032 0.062110262174864775
34 0.5899155868371301 0.5879059598252534 0.07029921189493056 0.06054776217486459
34 0.9816582722740946 0.7864881412402926 0.03668345545181069 0.08541139448011278
34 0.9614984170039979 0.7847307723277249 0.05442190637700648 0.08524775324641087
34 0.9144596426937384 0.7824239784962351 0.06083568068726599 0.08848184740221221
34 0.8744521183834788 0.7799944537394689 0.0734994549975255 0.09182503571381488
34 0.8242474004956545 0.7769609569858796 0.07670634215265518 0.09344208279171565
34 0.7749058197629598 0.7754763234628154 0.07062011646291495 0.0964579886359143
34 0.7129004647200057 0.7710848782513537 0.08509205223856356 0.10451595048646727
34 0.6579263596770515 0.7665707021146156 0.07571705223856355 0.10435230925276535
34 0.595262585366792 0.7645366436726293 0.08361143939369349 0.10605117694751698
34 0.5270481739014028 0.7610355426169692 0.07908771370395282 0.10909435633066593
34 0.45640812528088376 0.7560128518697343 0.08862648801421233 0.11238299756436802
34 0.38366998812575404 0.7557185714309252 0.09873847241038014 0.12660913879807012
34 0.2996668023501053 0.7493652057647684 0.1003828595655099 0.1281989123370204
34 0.21266144730715114 0.7454101371765123 0.11329229534115867 0.13622960064862308