34 0.28864731136191335 0.06479762856306799 0.14926787727617324 0.12959525712613598
34 0.20672446298599545 0.9166406160599092 0.089636813011266 0.07598348997087001
34 0.21408833359825113 0.8781775096334185 0.09101745658477531 0.06977895407749272
34 0.22308290037044082 0.8373251891003051 0.09101745658477525 0.06977895407749272
34 0.23352630687607387 0.8003336544605689 0.09271634890464335 0.07451191818411544
34 0.2457822659681316 0.7547029057142102 0.09427884890464336 0.07455738229073816
34 0.25824281353999146 0.7020409069678515 0.0974493130112661 0.0762108105039836
34 0.27058970084529455 0.6532851582214926 0.0974493130112661 0.0762108105039836
34 0.2830729804704657 0.5998419094751339 0.10061977711788872 0.07786423871722903
34 0.29808186652212754 0.5400804645688411 0.10856866943775678 0.08277905925034226
34 0.31409932310690286 0.4724837876092369 0.10856866943775678 0.08277905925034226
34 0.3299803873718101 0.40957461064963285 0.11004024122451135 0.07969952335696498
34 0.34599784395658545 0.3419779336900287 0.11982441818411545 0.0940348079967011
34 0.36460910312778544 0.2657193105704906 0.12317673871722885 0.10193823620994644
34 0.38572323667216485 0.18392374129101838 0.13282452335696499 0.11158602084968253
34 0.5792981449601646 0.9354621945770883 0.13209709765100222 0.08658602084968266
34 0.5926164988793727 0.906973481724107 0.12819920783841657 0.05993259263643722
34 0.6122075848518923 0.8775216624446347 0.13012542069139812 0.07247805674305993
34 0.6329209016240821 0.8363283611118512 0.13481292069139794 0.07261444906292809
34 0.6522990389293852 0.7873680238856904 0.1348129206913981 0.07261444906292773
34 0.6740436582879996 0.7375582404995955 0.14423338479802067 0.07444973370266403
34 0.6956973494333687 0.6908734571135007 0.14423338479802067 0.07444973370266403
34 0.7229334508452945 0.6401232993542265 0.15709709765100222 0.08731344655564541
34 0.747021820203909 0.5902453198081976 0.15714256175762475 0.08887594655564542
34 0.7797948677757688 0.5369922876757439 0.16205738229073816 0.09682483887551356
34 0.8064088435608741 0.4807961119697811 0.17147784639736088 0.09866012351524951
34 0.8402359257724699 0.4181453477840161 0.1824608105039836 0.10054087226160835
34 0.872386847717509 0.35944629770487385 0.1777733105039836 0.10040447994174029
34 0.8947225004622184 0.28932401431877897 0.16090405925034262 0.11084187476889076
34 0.9145241865930226 0.19898015914592948 0.15143813103709683 0.10744409012915472
34 0.9340530880840905 0.11801130397307999 0.12643813103709717 0.10671666442319179
34 0.7065138628277109 0.9629841378340285 0.11184678213245362 0.03447795157021005
34 0.7266588782671171 0.941322086501245 0.1144549565847754 0.07046091567683313
34 0.7510511245061935 0.9078276249019048 0.12566524122451134 0.08015416442319179
34 0.7702019412783832 0.8666797876757439 0.12566524122451134 0.08015416442319179
34 0.7905742772509027 0.8372052363429605 0.12700042069139794 0.0723871285298145
34 0.8143443978631584 0.7982647567969317 0.12869931301126591 0.07712009263643722
34 0.8282537851684616 0.7494635439439501 0.11445495658477531 0.07046091567683313
34 0.5564911307743996 0.9681299420698061 0.11805131802583091 0.03309730799670092
34 0.5798032279631832 0.5693514612701358 0.12387072367353405 0.23309730799670092
34 0.6798560184089071 0.2963565789793976 0.16685985721791355 0.31552937476889087
34 0.4979752517823666 0.7793689704413358 0.11322272868809904 0.18907452335696498
34 0.4297073219197687 0.9257642488128658 0.09885870031656907 0.12464831050398359
34 0.40724654717614844 0.0880656720115462 0.14260870031656908 0.1259213054894186
34 0.4985247650436948 0.11663328972080803 0.08264266693047428 0.10388116943775674
34 0.47022025712613597 0.20410219748008224 0.07455738229073816 0.09427884890464337
34 0.4483930697416906 0.28357674881286576 0.07589256175762493 0.08651181301126601
34 0.42601195289035854 0.3552615321989606 0.07263116943775674 0.08173338479802066
34 0.409258710412206 0.42131844121187606 0.06762542069139794 0.07065949247815265
34 0.39032084230723274 0.48197479638472557 0.06762542069139794 0.07065949247815269
34 0.3752210280423255 0.5448612412910184 0.06454588479802066 0.07213106426490726
34 0.12699149887937278 0.920521785497666 0.09092652837152992 0.06665395407749272
34 0.13412804895851507 0.8898711790711751 0.08913670783841651 0.05879598997087001
34 0.14171924010388415 0.8435955726446845 0.09088106426490725 0.06509145407749273
34 0.15062287866282847 0.805868252111571 0.09593227711788872 0.07772784639736088
34 0.15910898007475427 0.755663663631769 0.09914820533113407 0.08094377461060631
34 0.16750415327343476 0.7085840751519669 0.100574313011266 0.07630173871722903
34 0.17862952137840793 0.6481550405122308 0.10875052586424747 0.08902905925034225
34 0.19115826511020179 0.593149291765872 0.10691524122451139 0.07960859514371954
34 0.2023745614284204 0.529595257126136 0.11183006175762475 0.08755748746358769
34 0.21363632185326162 0.4644787224863999 0.11486413354437941 0.08452341567683312
34 0.2289634566512823 0.3937797775801071 0.11826191818411554 0.09398934389007838
34 0.23886730555592567 0.3216774570469937 0.1310347028238516 0.10372805674305985
34 0.255293939100305 0.24001828008738957 0.1342051669304743 0.1053814849563052
34 0.2718115008579298 0.15523410312778543 0.14394387978345574 0.11815426959604132