34 0.8953125 0.2265625 0.115625 0.12734375
34 0.0515625 0.30234375 0.0625 0.0765625
34 0.090625 0.30234375 0.053125 0.0796875
34 0.1296875 0.30390625 0.053125 0.0796875
34 0.16796875 0.3078125 0.0578125 0.08203125
34 0.21484375 0.3109375 0.0578125 0.084375
34 0.265625 0.3140625 0.06015625 0.08671875
34 0.3140625 0.3171875 0.06015625 0.08671875
34 0.36953125 0.31953125 0.0578125 0.0890625
34 0.4296875 0.3234375 0.06484375 0.09609375
34 0.4953125 0.3265625 0.06484375 0.09609375
34 0.5578125 0.33046875 0.06015625 0.0984375
34 0.6265625 0.334375 0.071875 0.10546875
34 0.703125 0.33828125 0.08203125 0.1078125
34 0.78671875 0.34375 0.0890625 0.115625
34 0.08125 0.67109375 0.0625 0.1203125
34 0.11015625 0.67890625 0.0359375 0.1203125
34 0.14140625 0.69296875 0.0484375 0.1203125
34 0.18359375 0.70625 0.0484375 0.125
34 0.23203125 0.715625 0.0484375 0.125
34 0.28359375 0.728125 0.0484375 0.134375
34 0.33203125 0.740625 0.0484375 0.134375
34 0.38515625 0.7578125 0.0578125 0.14453125
34 0.4359375 0.771875 0.0625 0.14453125
34 0.490625 0.7953125 0.06953125 0.14921875
34 0.5484375 0.8109375 0.06953125 0.15625
34 0.615625 0.8328125 0.06953125 0.16796875
34 0.6765625 0.853125 0.06953125 0.16328125
34 0.7484375 0.8625 0.084375 0.14453125
34 0.8359375 0.865625 0.08203125 0.13671875
34 0.9203125 0.87421875 0.084375 0.1203125
34 0.05625 0.8046875 0.040625 0.10546875
34 0.0921875 0.8171875 0.05078125 0.10546875
34 0.12734375 0.834375 0.0578125 0.11328125
34 0.16953125 0.8453125 0.0578125 0.11328125
34 0.2015625 0.8609375 0.05078125 0.11796875
34 0.24375 0.8765625 0.05546875 0.11796875
34 0.29296875 0.88125 0.0484375 0.10546875
34 0.0328125 0.65703125 0.03359375 0.1109375
34 0.434375 0.6046875 0.21640625 0.084375
34 0.7125 0.65234375 0.29296875 0.1109375
34 0.22109375 0.56328125 0.1734375 0.0796875
34 0.0625 0.5234375 0.125 0.07421875
34 0.88125 0.346875 0.10078125 0.12265625
34 0.865625 0.4421875 0.09140625 0.06484375
34 0.778125 0.43046875 0.084375 0.0578125
34 0.696875 0.4234375 0.07421875 0.0625
34 0.6234375 0.41484375 0.06953125 0.0578125
34 0.5578125 0.4109375 0.06015625 0.05546875
34 0.496875 0.403125 0.0625 0.05546875
34 0.4328125 0.4 0.0625 0.053125
34 0.0328125 0.22578125 0.05546875 0.0796875
34 0.0671875 0.22578125 0.04296875 0.0796875
34 0.11328125 0.225 0.0484375 0.08203125
34 0.1515625 0.2265625 0.06015625 0.084375
34 0.2015625 0.2265625 0.06484375 0.08671875
34 0.24921875 0.22578125 0.0578125 0.0890625
34 0.309375 0.2265625 0.071875 0.09609375
34 0.3640625 0.228125 0.0625 0.09609375
34 0.425 0.22734375 0.06953125 0.0984375
34 0.4921875 0.2265625 0.06484375 0.10078125
34 0.5609375 0.228125 0.07421875 0.103125
34 0.63125 0.225 0.08203125 0.115625
34 0.7140625 0.2265625 0.084375 0.11796875
34 0.7984375 0.2265625 0.09375 0.125