34 0.05335965824382939 0.8845730621203473 0.10671931648765878 0.15421733415618064
34 0.9427530710102145 0.6670594541253811 0.047018842152655435 0.09316942496187508
34 0.9182477159672604 0.6730919017886798 0.07522572930778501 0.0953865416031249
34 0.8727304980794361 0.6780528119329159 0.07530761646291495 0.09694904160312508
34 0.8321054980794361 0.6789983693036103 0.08024077792830431 0.10174564437666671
34 0.7795570301916117 0.684122933608159 0.08032266508343397 0.10330814437666672
34 0.7215398123037873 0.6893747844818396 0.08361143939369331 0.10650587955902786
34 0.6659482315710926 0.6930095839687495 0.08361143939369331 0.10650587955902786
34 0.6063275701057034 0.6990790524336106 0.083775213703953 0.10963087955902787
34 0.5397166022178791 0.7045309250587841 0.09035276232447202 0.11602634992375016
34 0.46438905359736005 0.712526569435451 0.09035276232447202 0.11602634992375016
34 0.39387183570953566 0.718069361038576 0.08582903663473136 0.11904224715020835
34 0.3185852306665815 0.7252837554152427 0.1035078595655099 0.12881729065319458
34 0.23392362562362737 0.7327163553389928 0.11304663387576941 0.13216049620027787
34 0.1422717141582381 0.7395313594230555 0.1229129568065479 0.1417537017473613
34 0.8998174570336905 0.26542552536378394 0.09182673111680728 0.14415134992375006
34 0.8672506184990798 0.26150174477857563 0.06353795680654813 0.14037173328250008
34 0.831105078584988 0.2514188831713188 0.0761198439616777 0.1422251740119445
34 0.7831589015157665 0.243171278497916 0.07784611827193721 0.14538654160312509
34 0.7270726758260261 0.24135551178041603 0.07784611827193721 0.14538654160312509
34 0.66884741802411 0.23568804644968694 0.07841932835784533 0.15632404160312507
34 0.613706216644629 0.2307290959365967 0.07841932835784533 0.15632404160312505
34 0.554986313885667 0.21961106440145786 0.09469942559888338 0.16918771751493064
34 0.4960616932388806 0.21239928286631898 0.09634381275401313 0.17078658510611117
34 0.43294089552287274 0.19592160410472187 0.10752697421940245 0.17572865824437506
34 0.3678072184536513 0.18807404293430524 0.10793640999505119 0.18354115824437506
34 0.2920226464273839 0.17501230490215253 0.11023589439121899 0.19764002583555565
34 0.22326932440111658 0.1617869127096873 0.10990834577069997 0.19139002583555564
34 0.14440401797868144 0.16284222606430543 0.1215075870642727 0.17449346656500006
34 0.05140869176854257 0.17452656810427078 0.10281738353708514 0.16344686379145842
34 0.005028336725588436 0.17481816204409723 0.010056673451176872 0.13786367591180557
34 0.9170536239261468 0.1152073198167006 0.06576219810012063 0.12325696846486114
34 0.8753165032793604 0.10759549477857563 0.07678158525525056 0.12507404160312507
34 0.8339069312530931 0.09373366974045069 0.08664790818602901 0.13466724715020842
34 0.785796979873612 0.08861106506704794 0.0866479081860291 0.1346672471502084
34 0.74973332711465 0.07696570345979104 0.07908106965141819 0.1391729091943056
34 0.7026502872005583 0.06839830238515597 0.08533106965141819 0.13679660477031194
34 0.6479218436229934 0.0691915306821175 0.07678158525525039 0.12507404160312505
34 0.948503940525347 0.27443619624159643 0.05038285956551007 0.12758079255305557
34 0.5098365089335699 0.39622876899861065 0.2563871981001206 0.12769381458888915
34 0.19811443690730252 0.3886585372347221 0.3460162641334942 0.1703553996950003
34 0.7511232502271425 0.4077792923656244 0.2090208751693421 0.11722778685347243
34 0.9163421364777612 0.42656239390489503 0.12538950361804452 0.09967530452090294
34 0.05130969697049653 0.751288436645382 0.10261939394099306 0.14807643692972228
34 0.05134233548239301 0.6450202528497917 0.10268467096478602 0.086920731382639
34 0.14496402419871784 0.6434921608098263 0.10549308344622807 0.07736389342673622
34 0.23501249208654224 0.6374947743169442 0.09471935775648763 0.08023432028847229
34 0.3162624920865422 0.6356036595755553 0.09134869629109836 0.07547408510611113
34 0.3899456535519315 0.6292068827900691 0.07868492198083885 0.07205814437666672
34 0.4578734599743666 0.6284061425737149 0.07868492198083885 0.07205814437666672
34 0.5292538150173207 0.6212826671749996 0.07852114767057934 0.0689331443766669
34 0.9389895839005133 0.7537600203297908 0.04553822930778502 0.0946955573706946
34 0.8964745352799943 0.7609919452916658 0.06922139077317446 0.09992857123840296
34 0.854822623814605 0.7666431864579506 0.08501016508343398 0.10341724715020853
34 0.7997666316165212 0.7749473021492701 0.08829893939369349 0.1066149823325695
34 0.7478356394184373 0.7831786826582284 0.08065021370395282 0.10955814437666689
34 0.6810608972203533 0.7917555552834022 0.0982471494796016 0.11777068787965277
34 0.6205770985998343 0.7994057075438536 0.08879026232447203 0.11598998233256949
34 0.5489920256690559 0.8104354329425689 0.09684842378986111 0.12085932028847246
34 0.4774478963158423 0.8206839083412841 0.09068031094499088 0.12227634992375007
34 0.39969471054019345 0.8302966041047218 0.10342597241038014 0.1272547906531944
34 0.32087366972159065 0.8453962336637497 0.11345606965141819 0.13997299620027767
34 0.2305385967908121 0.8568623701566317 0.11682673111680737 0.144733231382639
34 0.13617444312733895 0.8707631756274651 0.1266111668924562 0.1527639369297223