34 0.6699253233850637 0.800598095415965 0.16029120533620986 0.32399748407380996
34 0.5977603963158422 0.795454840083706 0.15971135119776694 0.34265647881213823
34 0.5241557999793154 0.7880588400131188 0.1599570126631562 0.34734397881213824
34 0.4540037522633075 0.774230829419188 0.15675012550802644 0.3455994682887944
34 0.38533231739216994 0.7618743135635853 0.15987512550802635 0.3457814788121382
34 0.31731930178833767 0.7518160450771466 0.15502385119776693 0.34238346302712264
34 0.17672860131336787 0.7296287738892848 0.1581488511977669 0.3425654735504665
34 0.1032877792871005 0.7191077738186976 0.15494196404263713 0.34082096302712267
34 0.056824913218640735 0.707532507963095 0.11364982643728147 0.3425654735504663
34 0.019713877205507057 0.6949183868740553 0.039427754411014114 0.3382882262518894
34 0.9464833378572421 0.39817323250178177 0.07657130257724773 0.33158319994353025
34 0.9112828222534098 0.38620385352023423 0.14893762550802664 0.34514444198043526
34 0.8465176373822724 0.3736198245104519 0.15675012550802628 0.34559946828879456
34 0.7451565332438295 0.36083066914995804 0.15814885119776675 0.3425654735504664
34 0.6746769369073025 0.35325265855602717 0.15814885119776695 0.3425654735504664
34 0.6062511635015542 0.3362086427004244 0.15675012550802628 0.34559946828879456
34 0.5372521800098976 0.33010212684482176 0.15189885119776675 0.3422014525037791
34 0.47174668871632486 0.31678235046587533 0.15362512550802646 0.3454174577654509
34 0.40126709237979796 0.30920433987194446 0.15502385119776693 0.34238346302712264
34 0.3358025446637901 0.295103313492998 0.1533794640426372 0.34072995776545084
34 0.263842335482393 0.286053808160739 0.15502385119776685 0.34238346302712264
34 0.19673340061125538 0.27360628704346446 0.1550238511977669 0.34238346302712275
34 0.1247731914298583 0.26455678171120545 0.15987512550802635 0.3457814788121382
34 0.06746526034610745 0.2558790027014231 0.1349305206922149 0.3405479472421071
34 0.24786661691720008 0.7395050318523797 0.15814885119776695 0.3425654735504665
34 0.7421721376094149 0.8041788507482239 0.15790983378491247 0.30828147881213824
34 0.8152002018337662 0.8077141034496471 0.1570909622336149 0.29265647881213824