34 0.21640625 0.196875 0.0765625 0.33203125
34 0.2921875 0.20234375 0.07421875 0.3296875
34 0.3671875 0.2 0.07421875 0.33203125
34 0.440625 0.20234375 0.071875 0.3296875
34 0.5125 0.20390625 0.07421875 0.3296875
34 0.5828125 0.20390625 0.071875 0.3265625
34 0.728125 0.20390625 0.07421875 0.3265625
34 0.803125 0.203125 0.071875 0.32421875
34 0.875 0.20390625 0.07421875 0.3265625
34 0.9484375 0.20234375 0.071875 0.3265625
34 0.02265625 0.64765625 0.0453125 0.3265625
34 0.0828125 0.64921875 0.071875 0.3296875
34 0.1546875 0.65078125 0.071875 0.3296875
34 0.259375 0.64765625 0.07421875 0.3265625
34 0.33125 0.64453125 0.07421875 0.3265625
34 0.403125 0.65078125 0.071875 0.3296875
34 0.4734375 0.64609375 0.06953125 0.3265625
34 0.5421875 0.64921875 0.06953125 0.3296875
34 0.6140625 0.64609375 0.071875 0.3265625
34 0.6828125 0.65 0.06953125 0.32421875
34 0.75625 0.64765625 0.071875 0.3265625
34 0.8265625 0.64921875 0.071875 0.3265625
34 0.9 0.64765625 0.07421875 0.3296875
34 0.9671875 0.64609375 0.06484375 0.3265625
34 0.6546875 0.20546875 0.07421875 0.3265625
34 0.1421875 0.19921875 0.07421875 0.3296875
34 0.0671875 0.19921875 0.07421875 0.3296875