34 0.7327900760093613 0.8026998557015748 0.3682300296574953 0.15117267273646187
34 0.7446626763133724 0.7219810531151502 0.3634788626613009 0.14947378041659398
34 0.763471026123092 0.6434014120489234 0.36654019566510654 0.14800220862983943
34 0.7783412924347144 0.5657166812492532 0.36335152866891196 0.146348780416594
34 0.7931478917501424 0.4895944504495831 0.3634151956651063 0.147911280416594
34 0.8070777405712788 0.41583870170322434 0.3555390286689121 0.14612145988348058
34 0.8265665227002319 0.26310850679693154 0.32904019566510634 0.14691107007089502
34 0.8376260395061459 0.18319368626381816 0.3132878616727176 0.1433314290046682
34 0.8460871383272824 0.10959706189063878 0.3024776956651066 0.14613818025830944
34 0.8561916501902804 0.05311974135752538 0.2850700197716634 0.10193353919208262
34 0.22098380129478193 0.934640458300635 0.35426568874502423 0.11487145988348076
34 0.2328418141463632 0.8734301736608989 0.3633515286689121 0.146348780416594
34 0.2476484134617912 0.7973079428612287 0.36335152866891207 0.146348780416594
34 0.27394826969730135 0.6880776953685113 0.36029019566510645 0.14782035220334855
34 0.2934105355146322 0.6126003222489731 0.3602901956651065 0.14782035220334855
34 0.3043427183281574 0.5358105017158596 0.36335152866891207 0.146348780416594
34 0.3245225671492938 0.4618728965430101 0.36016286167271766 0.1446953522033486
34 0.33685808247233295 0.38894386190327407 0.36328786167271765 0.14478628041659397
34 0.3562566812934694 0.3150289887837359 0.360226528668912 0.14625785220334864
34 0.36862403011460576 0.24131870414399983 0.3569741946765233 0.1430419239901033
34 0.38736871292813096 0.16430156307777302 0.36022652866891214 0.14625785220334864
34 0.40211164524736454 0.08974183227810291 0.36022652866891214 0.14625785220334864
34 0.4191837401141683 0.04335153173674221 0.36163251977166344 0.08670306347348442
34 0.8156343398867069 0.339898327330045 0.3446651956651066 0.14736571113712182
34 0.714045393195836 0.8797169967678018 0.3634788626613009 0.14947378041659398
34 0.6977863818271296 0.9340324237274059 0.3614415187830803 0.09947378041659398