34 0.3378000672457099 0.2375 0.26944445916315996 0.109375
34 0.5711259440173995 0.35703125 0.28238096878180663 0.121875
34 0.5633283129845406 0.44609375 0.29866073320977693 0.140625
34 0.5471998267795388 0.55 0.31957343393541643 0.1578125
34 0.5312251079977319 0.671875 0.3563839531727101 0.1828125
34 0.5114979066391203 0.81171875 0.38990578130301123 0.203125
34 0.5003470971131408 0.9296875 0.4111607332097769 0.140625
34 0.3063020413849943 0.31171875 0.29364585099579193 0.13125
34 0.2788913147986392 0.403125 0.3190823606144388 0.14375
34 0.2387623334029607 0.50078125 0.34306549763774735 0.159375
34 0.19560755572814653 0.61796875 0.3784226442797027 0.1875
34 0.17536949991518197 0.75625 0.35073899983036394 0.2125
34 0.1618947877567972 0.8875 0.3237895755135944 0.184375
34 0.6079836255905631 0.03984375 0.20278274881887376 0.0796875
34 0.41165426261387167 0.02421875 0.2110664747722566 0.0484375
34 0.6041120919252992 0.08359375 0.20870536660488845 0.0703125
34 0.5999404578972156 0.1359375 0.23016370435383635 0.103125
34 0.5919617775899961 0.2078125 0.2507490228654907 0.1109375
34 0.580803533580446 0.28125 0.255327395460829 0.1078125
34 0.3989806478230818 0.0515625 0.21673612141421197 0.0765625
34 0.38311754564616346 0.103125 0.2378670769491748 0.1
34 0.36277527459477127 0.17109375 0.25538195916316 0.109375