34 0.315625 0.6874156321291671 0.271875 0.12980658420556884
34 0.553125 0.548653199374877 0.2828125 0.14112603012188493
34 0.5453125 0.45986351788653135 0.2984375 0.16354666714519336
34 0.52890625 0.3565301867610053 0.31875 0.17988099527549456
34 0.51171875 0.23291163748664473 0.35625 0.20931552413143512
34 0.49140625 0.10421873012973412 0.3921875 0.20843746025946824
34 0.48984375 0.028519325683230408 0.3984375 0.057038651366460816
34 0.28359375 0.6150966880269497 0.2953125 0.15250003974053178
34 0.25625 0.5254265528177396 0.321875 0.16592762268015626
34 0.215625 0.4260639590783419 0.346875 0.18398814191744997
34 0.18125 0.31007686052962075 0.3625 0.21422127894075854
34 0.1640625 0.17005206125526012 0.328125 0.23802087748947973
34 0.15 0.07913688457623784 0.3 0.11985123084752432
34 0.596875 0.949469165709613 0.18125 0.065704389470379
34 0.59453125 0.9159572612631095 0.1921875 0.08327383538669508
34 0.590625 0.8707811705189364 0.203125 0.09146828130301117
34 0.39296875 0.9175272288637897 0.2125 0.09960816351699649
34 0.40703125 0.9545361555428121 0.1953125 0.06932046279135698
34 0.42109375 0.9743575822218343 0.1921875 0.028586335386695083
34 0.58671875 0.8256050797747637 0.2109375 0.08705359981466562
34 0.58203125 0.7718625208817562 0.23125 0.12057542794496676
34 0.57421875 0.6986978393934105 0.2515625 0.1290972560752678
34 0.5625 0.627232067160892 0.2578125 0.12619051088459124
34 0.37890625 0.8734870521847675 0.21875 0.09045141832631956
34 0.3625 0.8232787210592415 0.2390625 0.11772324645662095
34 0.3421875 0.7560192991895425 0.2578125 0.12931551088459123