34 0.2942832633086918 0.32665836282678307 0.08981055239490825 0.24982845048646726
34 0.34916312840426955 0.5700577609603439 0.09956755437207461 0.25936709172016936
34 0.4306850424347144 0.5811259001654511 0.1188905573378241 0.2737568741875734
34 0.528740540457548 0.5887826672115797 0.13209089429596244 0.2911625624991762
34 0.6446056209898957 0.6000320385597793 0.15530290121604473 0.324356892044481
34 0.7776263680241462 0.6117626509795253 0.17538990813612684 0.357496674511885
34 0.9057049470736193 0.6298250840161221 0.1514085800752369 0.3820602978886797
34 0.3690113492782469 0.3128628697266419 0.10945189034162972 0.2720307329538715
34 0.45748360026683016 0.30663441477594766 0.11821939528454557 0.2956046006486231
34 0.5596509367306768 0.29001788474417556 0.13154706623507267 0.31613528896022586
34 0.6750358561983292 0.2747320296313256 0.1578204061589606 0.3478216655834313
34 0.8138901091640787 0.2582558214342205 0.18084141209045948 0.37632849512873606
34 0.9317461126241199 0.239804056012945 0.132815088972486 0.4238932418823251
34 0.017162995038493604 0.5299778262988939 0.03432599007698721 0.17740797970746058
34 0.04841105330912933 0.5362726907472346 0.06232753954332697 0.18845457386326175
34 0.06467667635055349 0.34784143628300784 0.06739704152049333 0.19791139448011288
34 0.023558222319671116 0.3517573689125677 0.04711644463934223 0.18053297970746057
34 0.0035090133272823315 0.35763522199682274 0.007018026654564663 0.17839773538950343
34 0.08956263532435176 0.5417999419650507 0.05483337452429895 0.1961307061685101
34 0.1399937168452826 0.5495073019491646 0.08672004448624286 0.212301176947517
34 0.20758046486811627 0.5576959030048249 0.09210788144438116 0.22957049756436804
34 0.27529454688333865 0.562759504060485 0.08923754942915867 0.23576595048646745
34 0.10933526034294228 0.3439391404229231 0.05821304250907651 0.20243525324641087
34 0.15868134433533107 0.3399550239459875 0.0823508794672148 0.22003185633066594
34 0.22446551182581703 0.3349032853100732 0.09080004942915869 0.23579322402541775