34 0.3171875 0.6625 0.06484375 0.23828125
34 0.3921875 0.428125 0.07421875 0.24765625
34 0.4734375 0.4203125 0.09140625 0.259375
34 0.5703125 0.41640625 0.103125 0.2765625
34 0.6828125 0.41015625 0.12265625 0.3078125
34 0.8140625 0.403125 0.13671875 0.33671875
34 0.9421875 0.3890625 0.115625 0.36328125
34 0.3890625 0.678125 0.08203125 0.25703125
34 0.47578125 0.6875 0.0890625 0.28125
34 0.5703125 0.70625 0.10078125 0.30078125
34 0.6828125 0.72578125 0.12265625 0.3296875
34 0.81640625 0.746875 0.1421875 0.35546875
34 0.9421875 0.76875 0.115625 0.40390625
34 0.01875 0.45859375 0.0375 0.1609375
34 0.05703125 0.45546875 0.0359375 0.1703125
34 0.09765625 0.4515625 0.0453125 0.18046875
34 0.09609375 0.634375 0.0484375 0.1875
34 0.05390625 0.62890625 0.0359375 0.1734375
34 0.0171875 0.62265625 0.03359375 0.1703125
34 0.13828125 0.446875 0.0359375 0.1875
34 0.1875 0.44140625 0.06484375 0.2015625
34 0.253125 0.4359375 0.06953125 0.21875
34 0.321875 0.4328125 0.06484375 0.22578125
34 0.1390625 0.6390625 0.040625 0.19453125
34 0.1875 0.6453125 0.06015625 0.209375
34 0.25234375 0.6515625 0.0671875 0.22578125