34 0.790625 0.88046875 0.071875 0.0484375
34 0.6734375 0.178125 0.06015625 0.10546875
34 0.5625 0.1484375 0.071875 0.14921875
34 0.490625 0.14609375 0.06953125 0.1515625
34 0.41875 0.1453125 0.06953125 0.14921875
34 0.3453125 0.1421875 0.06953125 0.14921875
34 0.2828125 0.1484375 0.06015625 0.134375
34 0.7703125 0.165625 0.06953125 0.13203125
34 0.8390625 0.1671875 0.071875 0.13203125
34 0.90859375 0.16875 0.0671875 0.13203125
34 0.971875 0.178125 0.05546875 0.11328125
34 0.0515625 0.40625 0.040625 0.10546875
34 0.0890625 0.4078125 0.03828125 0.10546875
34 0.1296875 0.4078125 0.04296875 0.103125
34 0.1703125 0.409375 0.040625 0.103125
34 0.209375 0.409375 0.03828125 0.103125
34 0.2484375 0.409375 0.040625 0.103125
34 0.9359375 0.87890625 0.07421875 0.0484375
34 0.9390625 0.8296875 0.071875 0.05078125
34 0.940625 0.7796875 0.07421875 0.05078125
34 0.9453125 0.7296875 0.07421875 0.05078125
34 0.8640625 0.87890625 0.071875 0.0484375
34 0.86875 0.83046875 0.071875 0.0484375
34 0.86875 0.78046875 0.06953125 0.0484375
34 0.296875 0.4109375 0.03828125 0.103125
34 0.3359375 0.4109375 0.03828125 0.103125
34 0.3734375 0.409375 0.03828125 0.10078125
34 0.4125 0.4109375 0.03828125 0.103125
34 0.4484375 0.4109375 0.03828125 0.103125
34 0.4890625 0.4125 0.03828125 0.103125
34 0.37578125 0.5609375 0.0765625 0.05546875
34 0.45546875 0.5625 0.0796875 0.05546875
34 0.53671875 0.5609375 0.0796875 0.05546875
34 0.37890625 0.6125 0.0796875 0.05078125
34 0.45703125 0.61484375 0.0765625 0.0484375
34 0.5359375 0.61484375 0.07421875 0.0484375
34 0.6640625 0.5609375 0.07421875 0.05546875
34 0.65859375 0.615625 0.0765625 0.05078125
34 0.7359375 0.6125 0.07421875 0.05078125
34 0.81953125 0.5625 0.0765625 0.05546875
34 0.896875 0.5625 0.08203125 0.05546875
34 0.81484375 0.615625 0.0796875 0.05078125
34 0.8921875 0.615625 0.07421875 0.05078125
34 0.9671875 0.5671875 0.06015625 0.05546875
34 0.9625 0.6171875 0.06953125 0.053125
34 0.10625 0.734375 0.08203125 0.053125
34 0.09921875 0.7859375 0.0796875 0.05078125
34 0.10078125 0.8359375 0.0796875 0.05078125
34 0.10390625 0.88671875 0.0765625 0.0484375
34 0.17890625 0.8375 0.0796875 0.05078125
34 0.17890625 0.88671875 0.0765625 0.0484375
34 0.2546875 0.88515625 0.07421875 0.0484375
34 0.2234375 0.71953125 0.0625 0.0484375
34 0.284375 0.759375 0.0625 0.04296875
34 0.3296875 0.83515625 0.07421875 0.0484375
34 0.3328125 0.88359375 0.07421875 0.0484375
34 0.40625 0.88203125 0.07421875 0.0484375
34 0.415625 0.76015625 0.06015625 0.0484375
34 0.4796875 0.715625 0.0625 0.040625
34 0.4796875 0.7578125 0.0625 0.03828125
34 0.478125 0.7984375 0.0625 0.03828125
34 0.54375 0.7 0.05546875 0.02890625
34 0.5421875 0.7359375 0.06015625 0.03828125
34 0.540625 0.7765625 0.06015625 0.040625
34 0.6515625 0.7296875 0.071875 0.05078125
34 0.65 0.78125 0.07421875 0.05078125
34 0.6484375 0.83125 0.07421875 0.05078125
34 0.6453125 0.88125 0.07421875 0.05078125
34 0.725 0.7296875 0.07421875 0.05078125
34 0.7234375 0.78125 0.071875 0.05078125
34 0.721875 0.83046875 0.071875 0.0484375
34 0.71875 0.88046875 0.071875 0.0484375
34 0.7984375 0.7296875 0.07421875 0.05078125
34 0.796875 0.78203125 0.07421875 0.0484375
34 0.79453125 0.83046875 0.0765625 0.0484375
34 0.8734375 0.7296875 0.07421875 0.05078125