34 0.170696103895034 0.15918190543716154 0.06235572402541765 0.08231366801906326
34 0.8700450876596844 0.40256863027006284 0.11855117694751698 0.08017051542127547
34 0.8846042398504348 0.5207555685816656 0.16421823295387128 0.10127394805083548
34 0.8757162094116259 0.5932345405784883 0.1672886858759707 0.09820349512873605
34 0.8668554525117669 0.6672760125753111 0.1641636858759707 0.0981489480508353
34 0.8595708323813833 0.7421260081110843 0.1641636858759707 0.0981489480508353
34 0.8434742739393968 0.8043259991826306 0.14675799756436803 0.08534893912238176
34 0.8957115150142384 0.3069521672016938 0.14692163879807013 0.09472393912238157
34 0.9038728425309482 0.2375845584353958 0.1469761858759707 0.0978489391223816
34 0.9120068965087078 0.16665444966909787 0.14686709172016918 0.09159893912238166
34 0.911669931411744 0.10260558643857305 0.12469208279171581 0.07402960957707688
34 0.5475147118439624 0.9806944411509765 0.11488070616851012 0.03861111769804708
34 0.5524243542954805 0.9538860738599666 0.11504434740221221 0.05824096834337489
34 0.5579788790522469 0.9141514180157679 0.11356366801906326 0.06290119480442442
34 0.5619299935005877 0.8720457386326188 0.11194662094116267 0.059748921265474306
34 0.567484518257354 0.8323110827884204 0.11189207386326191 0.05662392126547431
34 0.5730390430141202 0.7925764269442217 0.11194662094116267 0.059748921265474306
34 0.19184262662320545 0.028341008521416643 0.06181025324641087 0.05106366801906326
34 0.24344603693163097 0.03158478530677787 0.06501707386326191 0.055805715096963936
34 0.2935142207790068 0.03636378855318874 0.06515344155801354 0.06361821509696394
34 0.34510399431795713 0.03882631533854996 0.0652079886359143 0.06674321509696393
34 0.18268186079489285 0.08519498051823944 0.06235572402541769 0.08231366801906326
34 0.23273640787279354 0.08919273376465031 0.06235572402541774 0.08231366801906326
34 0.28364038879807 0.09711037378053637 0.06230117694751698 0.07918866801906325
34 0.5784162897677094 0.7426855211000231 0.11189207386326191 0.05662392126547413
34 0.5839844512939509 0.7037321152558245 0.11189207386326191 0.05662392126547413
34 0.5903474995896676 0.6655735961811009 0.10876707386326193 0.05656937418757337
34 0.595120774346434 0.6258253035674272 0.11189207386326175 0.05662392126547413
34 0.6007298461811009 0.5892156477232284 0.11189207386326191 0.05662392126547413
34 0.604694597398917 0.5478912183400795 0.11189207386326191 0.05662392126547413
34 0.4375400994275118 0.6363519261334428 0.0686875446422686 0.08711026217486459
34 0.4470593754020942 0.5552928409060952 0.07030459172016937 0.09026253571381489
34 0.4604712646072013 0.47352068952612336 0.07030459172016937 0.09026253571381489
34 0.3842241846548594 0.6244871258091312 0.06717959172016937 0.09020798863591431
34 0.39375709739891696 0.5442092905817837 0.062410271103318316 0.08543866801906326
34 0.4048797836819248 0.4655212288933863 0.06238299756436803 0.08387616801906325
34 0.4785336976437982 0.34496899553247784 0.06866027110331849 0.0855477621748646
34 0.4214342637964224 0.3400672613607904 0.06556254464226878 0.08705571509696401
34 0.4356955868489054 0.26221499675029386 0.06553527110331832 0.08549321509696402
34 0.4992029334403387 0.18678434861673293 0.0686875446422686 0.08711026217486464
34 0.5103119829538715 0.10731503692833566 0.07035913879807013 0.09338753571381497
34 0.44366599959296293 0.18190988798399585 0.06717959172016937 0.09020798863591431
34 0.4547886858759707 0.10322182629559859 0.0655352711033185 0.08549321509696392
34 0.5161568340095316 0.03946901785361219 0.06668866801906326 0.06208298863591427
34 0.4646216075484819 0.04013149106825097 0.06674321509696383 0.06520798863591427
34 0.22150954504271522 0.877818857141445 0.06879663879807003 0.09336026217486477
34 0.16758965827324004 0.8760966700476581 0.06717959172016937 0.09020798863591431
34 0.11664476703953801 0.865835280031772 0.06717959172016937 0.09020798863591431
34 0.06567260226688562 0.8540113900158861 0.06241027110331836 0.08543866801906326
34 0.12619131655307067 0.7863386948044244 0.06717959172016937 0.09020798863591431
34 0.07683619885831897 0.7776670783274888 0.06241027110331836 0.08543866801906326
34 0.08878104544975232 0.7013364034085667 0.06238299756436803 0.08387616801906325
34 0.25308505316039004 0.7627802382288772 0.06062958279171564 0.07291139448011279
34 0.22141626744657508 0.6934984042193456 0.05435230925276533 0.07123980032431163
34 0.15087589650541253 0.6344722317360555 0.06238299756436803 0.08387616801906325
34 0.10146623173276015 0.6226756152591197 0.06238299756436803 0.08387616801906325
34 0.11343835186314381 0.5479074403401977 0.06238299756436803 0.08387616801906325
34 0.24017812986632103 0.5602728469951751 0.06060230925276526 0.07134889448011279
34 0.29385650892515847 0.5034149208584371 0.05278980925276535 0.07121252678536116
34 0.25076502799988193 0.49563364853730274 0.049637535713814976 0.06959547970746058
34 0.20927695738303093 0.49022339975511875 0.049637535713814976 0.06959547970746058
34 0.31854681736714485 0.4413649342511176 0.03856366801906326 0.061592064934808025
34 0.28174624675029386 0.43603650608578465 0.0496102621748646 0.06803297970746058
34 0.24102578936396765 0.4298586440730759 0.05276253571381497 0.06965002678536121
34 0.30405584902377003 0.32708424593951496 0.06550799756436802 0.08393071509696393
34 0.2508081180984935 0.3191256956152034 0.06553527110331832 0.08549321509696392
34 0.20069902394269215 0.3120029423687925 0.06553527110331832 0.08549321509696392
34 0.14906834009531628 0.3071966655834313 0.06553527110331836 0.08549321509696392
34 0.3144791059236288 0.25307004748164247 0.06553527110331832 0.08549321509696392
34 0.26121773822887717 0.24433024715733093 0.06550799756436802 0.08393071509696393
34 0.21188989407307585 0.23722113068039521 0.06235572402541765 0.08231366801906326
34 0.1602455734562248 0.231633603895034 0.06235572402541769 0.08231366801906326
34 0.32488872605401253 0.17827459902377005 0.06553527110331832 0.08549321509696392
34 0.2716409951287361 0.17031604869945846 0.06238299756436803 0.08387616801906325
34 0.22231315097293466 0.16320693222252278 0.062410271103318406 0.08543866801906326
34 0.3352710726454459 0.10191665056589758 0.06553527110331832 0.08549321509696392