34 0.9046552747604852 0.8639194403467881 0.06519563206674732 0.08231366801906326
34 0.19002845149102265 0.641803896104966 0.12128185775648755 0.08017051542127547
34 0.1713050277011615 0.5232720844165687 0.16922139077317438 0.10130122158978576
34 0.17683133141006319 0.4496709431828666 0.17218261646291486 0.09823076866768651
34 0.18387919154139992 0.3752612784102143 0.16905761646291487 0.09817622158978567
34 0.18772016451760698 0.2993436607154626 0.16905761646291487 0.09817622158978567
34 0.20159123473485202 0.23576240178700886 0.15285940637700657 0.08696598620028233
34 0.16780264868663214 0.7399374330365969 0.15170634215265535 0.09475121266133187
34 0.16137226424503584 0.8112084610397743 0.15187011646291487 0.09787621266133187
34 0.15572312980343955 0.8824658522734762 0.15162445499752558 0.09318871266133186
34 0.15982413161246187 0.9308760787345258 0.12096095318850333 0.044260288960225935
34 0.49365814676606823 0.03439122200011808 0.11717421189493056 0.06136596834337481
34 0.4910587692218769 0.0743167926169691 0.1170923247398008 0.05980346834337482
34 0.48693783525525036 0.11505088677277046 0.11561171189493055 0.0613386948044245
34 0.4844612884437537 0.15732020738962146 0.1139673247398008 0.05974892126547413
34 0.4795591044771273 0.198067938314898 0.11388543758467122 0.05818642126547413
34 0.4753972269329359 0.23802078247069938 0.1139673247398008 0.05974892126547413
34 0.8339477063522626 0.9769745937553548 0.06192014586155707 0.019813668019063257
34 0.7837020448868735 0.9731598470017657 0.06241146879233543 0.02918866801906326
34 0.7304951577317438 0.9725246473260774 0.06257524310259513 0.032313668019063255
34 0.8953046082067135 0.939151265427866 0.06519563206674732 0.08231366801906326
34 0.8435783338964541 0.9369262922132273 0.06519563206674732 0.08231366801906326
34 0.7924285916983702 0.9307814322291132 0.06503185775648763 0.07918866801906325
34 0.471767615897088 0.2881298766265007 0.11388543758467104 0.05818642126547413
34 0.4676057383528967 0.3280827207823021 0.11388543758467122 0.05818642126547413
34 0.4626216672311404 0.36726795170757864 0.11232293758467105 0.05815914772652384
34 0.4592410396869491 0.4072071590939048 0.11388543758467104 0.05818642126547413
34 0.45573758141006315 0.444802616480231 0.11388543758467104 0.05818642126547413
34 0.4524388410210016 0.4863043238665572 0.11388543758467104 0.05818642126547413
34 0.6179199988683463 0.3911440081209701 0.07489818068726599 0.08872730925276535
34 0.6112815745126582 0.4733661728936225 0.07506195499752569 0.09185230925276536
34 0.6007778437345351 0.5564377715136507 0.0750619549975255 0.09185230925276536
34 0.6724404025318194 0.40192182102718343 0.07037445499752551 0.0917704886359143
34 0.6657200910210015 0.4825814857998358 0.06700379353213641 0.08702844155801355
34 0.6574372795101838 0.5632684241114385 0.06535940637700666 0.08543866801906326
34 0.5872619776103045 0.6864798275200051 0.07325379353213642 0.08713753571381488
34 0.6453201390756937 0.6901582065788425 0.07021068068726599 0.0886454886359143
34 0.6337894968321812 0.768555941968346 0.06856629353213642 0.08705571509696401
34 0.5714776045886689 0.8478400673737354 0.07489818068726599 0.08872730925276535
34 0.5631538495002862 0.9277457556853381 0.07514384215265543 0.09341480925276535
34 0.6278913788989284 0.8499832199715233 0.07037445499752551 0.0917704886359143
34 0.6195676238105458 0.9298889082831259 0.06856629353213642 0.08705571509696383
34 0.5611276820420033 0.9786088263021891 0.0606851944820761 0.02603639448011279
34 0.6149520448868735 0.9761053892084025 0.06241146879233561 0.02918866801906326
34 0.8275971347802805 0.13960127882054668 0.07358134215265544 0.09338753571381496
34 0.8823255783578453 0.13942795495728477 0.07037445499752551 0.09177048863591429
34 0.9335981512886239 0.14791656494139874 0.07037445499752551 0.09177048863591426
34 0.9760955105154496 0.15724097200341336 0.047808978969100836 0.08689207386326192
34 0.926877839777806 0.22857622971405114 0.07037445499752551 0.09177048863591428
34 0.9718926893936934 0.23551597646764028 0.056214621212613024 0.08702844155801356
34 0.9672372461548129 0.31232393831819333 0.06535940637700648 0.08543866801906326
34 0.799363671415012 0.2573887966774541 0.0631418091359686 0.07291139448011297
34 0.833435456240721 0.3256069626679225 0.05689180913596843 0.07280230032431163
34 0.9075999745580866 0.3829597666456821 0.06535940637700648 0.08543866801906326
34 0.9573919346439951 0.3930381501687464 0.06535940637700648 0.08543866801906326
34 0.948041268090223 0.4682699752498243 0.06535940637700648 0.08543866801906326
34 0.8209874451594447 0.4611041319048018 0.06305992198083885 0.07134889448011279
34 0.7678082134768103 0.520679729307014 0.055329309135968605 0.07277502678536116
34 0.8111045120973293 0.5261797069858797 0.053766809135968784 0.07274775324641088
34 0.8535786171402833 0.5309120714342205 0.05376680913596843 0.07274775324641088
34 0.7444802561044355 0.5828621294691698 0.04233798620519007 0.0631818384737585
34 0.7822668611473895 0.5876763145343616 0.05360303482570927 0.06962275324641087
34 0.8239187726127788 0.5916410657521777 0.055165534825709274 0.06965002678536117
34 0.763862099161602 0.699036554388092 0.0684025192218769 0.08393071509696384
34 0.8173146477821209 0.7043592540637803 0.06856629353213642 0.08705571509696383
34 0.8692456399802049 0.7104904772784192 0.06856629353213642 0.08705571509696383
34 0.9210538014455942 0.7142779504930579 0.06856629353213606 0.08705571509696401
34 0.7560739326078301 0.7742411059302194 0.06856629353213642 0.08705571509696401
34 0.808786174805914 0.7803586923753831 0.06840251922187682 0.08393071509696401
34 0.8598949734264331 0.785722302359497 0.06519563206674732 0.08231366801906326
34 0.912525328469387 0.7902773888046607 0.06519563206674697 0.08231366801906326
34 0.7482857660540582 0.849445657472347 0.06848440637700666 0.08549321509696384
34 0.8017792582521419 0.8555496071480354 0.0652775192218769 0.08387616801906325
34 0.8520658632950961 0.8601456039016245 0.06700379353213641 0.08702844155801373
34 0.7398391802329808 0.9270075957839499 0.06856629353213642 0.08705571509696383