34 0.11596227278067275 0.2212519156720761 0.21495045443865451 0.43977367349399665
34 0.6354711199786316 0.834994439208425 0.22515877894075853 0.33001112158314994
34 0.449751874787955 0.8233296261389501 0.2255952885594054 0.35334074772209983
34 0.2688292570019401 0.8122829512236546 0.21950897966639796 0.3754340975526908
34 0.2845485816736802 0.2357679839326358 0.21527783665263964 0.4491486734939967
34 0.44836554501319126 0.25235478640818 0.2157689099736174 0.46321117349399665
34 0.6121825083527025 0.26894158888372405 0.2114087921876024 0.4723131577089811
34 0.7798238761387173 0.2880996545134479 0.21900303737827898 0.46651818401734035
34 0.9178050257758976 0.30474737017140646 0.16264390997361744 0.46011699459715383
34 0.09892605100364112 0.7956148788403731 0.19785210200728223 0.3936267155873715
34 0.8344716151693081 0.8467957601704079 0.24190976932211186 0.3064084796591843