34 0.11821216870147848 0.1990647347764936 0.21767433740295697 0.3980203852440318
34 0.6991179257104251 0.8195322917616942 0.25657970714523215 0.3609354164766116
34 0.5001891027796466 0.8095800539601384 0.2575623530067892 0.3808398920797231
34 0.3039758440732193 0.7929334303253757 0.2516399016273082 0.3904078731437835
34 0.28576816089956236 0.20706865319801274 0.2465363217991247 0.41224651170746496
34 0.46138231456303547 0.21980552341492987 0.24776462912607097 0.43568401170746496
34 0.6385180246489438 0.23177023399092672 0.24381411352223878 0.44971924063022606
34 0.8205868962002413 0.24844971564416238 0.2513809520568497 0.44507719242562416
34 0.9377832830166867 0.26326217026823084 0.12443343396662669 0.4351113190854491
34 0.13177661747896768 0.7708442860061576 0.20328428878243798 0.3916885720123153
34 0.8875497461548127 0.8310606651018695 0.2249005076903746 0.33787866979626113