34 0.5361284398410482 0.23439641739269268 0.24961812031790362 0.46879283478538536
34 0.41089282686435674 0.22058998165759994 0.2469643462712865 0.4411799633151999
34 0.2864111820364999 0.20756479592250718 0.24592763592700023 0.41512959184501436
34 0.15724203720864302 0.19467600250728248 0.25426592558271394 0.38935200501456496
34 0.838050482955323 0.809142420824412 0.21156750489414158 0.33706940564770316
34 0.7104711199786315 0.7972454775674718 0.2376587789407587 0.3690468313536662
34 0.5758877888531055 0.7847718727903338 0.2341171166897066 0.4017229390337981
34 0.07686256724570992 0.6920534561890639 0.15372513449141983 0.4440180876218722
34 0.16676081471382118 0.7225329148854102 0.24027783665263963 0.44404683135366607
34 0.9597345762313847 0.31937757568069236 0.07267367440158737 0.47194920783841654
34 0.8940376543616857 0.3009973002121563 0.206140938829558 0.49456365690134446
34 0.7863987691524758 0.2768133056224326 0.2500546299365503 0.5005241518867795
34 0.6569394476455965 0.2517033085254265 0.2469296299365505 0.5004332236735342