34 0.4453125 0.759375 0.11796875 0.459375
34 0.328125 0.76015625 0.11796875 0.4546875
34 0.2125 0.76015625 0.11796875 0.4546875
34 0.090625 0.76171875 0.125 0.4546875
34 0.87578125 0.2140625 0.1296875 0.428125
34 0.740625 0.2140625 0.12265625 0.42578125
34 0.615625 0.215625 0.11796875 0.42578125
34 0.10859375 0.21953125 0.1203125 0.4234375
34 0.23359375 0.21640625 0.1203125 0.4234375
34 0.925 0.759375 0.125 0.459375
34 0.8015625 0.759375 0.125 0.459375
34 0.6796875 0.7546875 0.11796875 0.459375
34 0.5578125 0.753125 0.11328125 0.46171875