34 0.4338915526336834 0.23890204497534206 0.15243848806490606 0.47780408995068413
34 0.31273416796627423 0.24476487062382013 0.15240212539781517 0.47670904535327185
34 0.1939114426320925 0.252396651973274 0.15240212539781522 0.47670904535327174
34 0.07409148066518188 0.2585113866565914 0.14818296133036377 0.4767272266868172
34 0.8988672838956411 0.7581866452100966 0.16121350405790622 0.42838063335454457
34 0.759713877227914 0.7676172838956412 0.15182032272436102 0.42670904535327187
34 0.6299536518937321 0.7753763345799131 0.14713282272436104 0.4266545013526354
34 0.11025876989182315 0.7954841279837734 0.15003964672181563 0.4079408640197263
34 0.2384019512253686 0.792430758633047 0.1500760093889065 0.41106586401972633
34 0.9231267753023651 0.22316149594209356 0.15062144939526972 0.4463229918841871
34 0.7996529126352743 0.2270319306174568 0.16006917472945154 0.4540638612349136
34 0.6738080279678651 0.23320975262572916 0.1523839440642698 0.4664195052514583
34 0.5502978026336833 0.23899240430061514 0.14778735073199697 0.47798480860123027