34 0.19248089326394457 0.38083743042357165 0.38496178652788915 0.2022362283335859
34 0.21092999716062621 0.22546867437344745 0.3846864659077429 0.19909304761542668
34 0.23288859212720645 0.08651980386194266 0.3873478157455871 0.17254872833358598
34 0.6574178445661337 0.6531094236860764 0.3877296452908919 0.1944237283335859
34 0.675633830766416 0.5047628272768726 0.39085464529089187 0.1944419090517453
34 0.697810614044599 0.3533139567653678 0.3878660129856435 0.2022362283335859
34 0.7169033076312076 0.19950315553570377 0.3846046452908919 0.19440554761542678
34 0.7354232568998589 0.07850485430603976 0.3774546185055307 0.14280668617910824
34 0.15736684618769153 0.8720482377033598 0.31473369237538307 0.20972147540671965
34 0.16972257021310921 0.7103931202169173 0.33944514042621843 0.21141124043383447
34 0.1813379545469524 0.5440459575509348 0.3626759090939048 0.21309191510186948
34 0.6166665649413987 0.9262817406302262 0.38699325973923243 0.14743651873954775
34 0.6360223112879508 0.804562839377121 0.3877296452908919 0.1944237283335859