34 0.42890625 0.19921875 0.1515625 0.3703125
34 0.278125 0.2 0.14921875 0.36328125
34 0.1203125 0.1984375 0.165625 0.365625
34 0.6328125 0.69140625 0.14453125 0.3578125
34 0.4875 0.68828125 0.14453125 0.3609375
34 0.33984375 0.68984375 0.1515625 0.3578125
34 0.1890625 0.6875 0.14453125 0.35546875
34 0.05859375 0.68828125 0.1171875 0.3546875
34 0.9109375 0.2046875 0.15859375 0.35546875
34 0.75234375 0.2078125 0.1609375 0.35546875
34 0.5890625 0.2015625 0.16328125 0.365625
34 0.925 0.69140625 0.14453125 0.3578125
34 0.78125 0.69140625 0.14453125 0.3578125