34 0.37827880054030494 0.2238160239497296 0.25368557222466936 0.421531744032453
34 0.22244795199158376 0.2600182479710468 0.2502877537130151 0.41368288136536224
34 0.09778525788936632 0.2935130953214551 0.1895685085223385 0.4192238093570898
34 0.7156325338349 0.6857047599061407 0.24381949890369176 0.4073601560311804
34 0.5651067441791863 0.7171558492600487 0.24392862630835346 0.4104851560311804
34 0.41161964563046505 0.7533308012810478 0.2501240626060225 0.40899538136536223
34 0.25643363782591677 0.7856176846355923 0.24214787149902994 0.40421697469763485
34 0.13376002965854875 0.8089290099856825 0.18669647966639796 0.38170562802354446
34 0.8635416887447398 0.15970807061586598 0.2302083774894797 0.31941614123173195
34 0.7142237350238756 0.18019384062700183 0.2596974700477512 0.36038768125400367
34 0.5445387176006804 0.1991625639720013 0.2640774352013608 0.3983251279440026
34 0.947428104623989 0.6218764278724149 0.10514379075202207 0.3982749626829992
34 0.869174196085952 0.6510923078851416 0.24381949890369156 0.4073601560311804