34 0.4805343598822782 0.8614785612667303 0.11043061203054413 0.22625451201463562
34 0.3115389118794146 0.8845358952896383 0.1088499306969986 0.22467383068109034
34 0.2224218678787783 0.8902597313017286 0.11811584269572598 0.21540791868236298
34 0.1301889145449147 0.89523867998091 0.1211499360279987 0.2076317813494537
34 0.39525084054746007 0.8734069439449572 0.1104487933640895 0.2278170120146356
34 0.6606256806174569 0.35476384257641325 0.09106244668999892 0.17291133601209036
34 0.734971699952275 0.3429627292330046 0.10052835335772628 0.18083292401336298
34 0.8397773786203203 0.33158832988545983 0.1067419906906352 0.17778064934754473
34 0.9234620352880475 0.32280312854077853 0.09418744668999893 0.17294769867918128
34 0.13211142397359213 0.19296765531509172 0.09102608402290802 0.16978633601209037
34 0.20489494330841024 0.18118472330522856 0.09102608402290802 0.16978633601209037
34 0.27684266864259205 0.1740983819621381 0.09102608402290802 0.16978633601209037
34 0.3472369846435465 0.16624897195259308 0.09100790268936265 0.16822383601209037
34 0.41992050664386465 0.1630597899427299 0.08942722135581711 0.1666431546785449
34 0.4911597073122282 0.14973253926641217 0.09100790268936265 0.16822383601209037
34 0.5638705013128646 0.14419960725654896 0.09100790268936265 0.16822383601209037
34 0.6381801579805918 0.13552349391314036 0.09100790268936265 0.16822383601209037
34 0.709364814648319 0.1268837432368226 0.09100790268936265 0.16822383601209037
34 0.8039415179821827 0.1218775225573232 0.09422380935708966 0.17607269867918127
34 0.8813943559834552 0.1116025465468237 0.09424199069063519 0.17763519867918126
34 0.5870972739497295 0.3634308652530492 0.09106244668999892 0.17291133601209036
34 0.5135688672820024 0.372097887929685 0.09106244668999892 0.17291133601209036
34 0.44080352928072963 0.38231831993954823 0.09106244668999892 0.17291133601209036
34 0.3664847819462297 0.39177568328295687 0.09106244668999892 0.17291133601209036
34 0.29843421594527525 0.39959782129218374 0.08484880935708983 0.17596361067790856
34 0.23115580927754803 0.4081921186346379 0.08477608402290801 0.16971361067790855
34 0.16767456460854813 0.4261159626432284 0.08143290802036271 0.15092724801081764
34 0.9505768765913671 0.543551433203415 0.08830107336090762 0.20412497334499946
34 0.8746865385900945 0.5538082278803691 0.10859539202736243 0.20279883068109025
34 0.7825172199236399 0.5533184265595503 0.10699652936027153 0.1996556493475449
34 0.6988234725891399 0.5628848779042317 0.10699652936027135 0.1996556493475449
34 0.6151479065881855 0.5708888292489129 0.10703289202736244 0.2027806493475449
34 0.53690472792014 0.5819541459261852 0.09918402936027135 0.19956474267981755
34 0.4610416619191856 0.5898671906031392 0.10080107336090798 0.2042704240133631
34 0.3804547332511402 0.6009597792807296 0.1008010733609078 0.2042704240133631
34 0.3130581479153675 0.6197103266231838 0.08179653469127164 0.18217724801081764
34 0.2441990599140949 0.6298853052991834 0.09589539735836253 0.18546588001272682
34 0.16911724391314037 0.6377892593093647 0.10214539735836245 0.18553860534690844
34 0.9309616212205961 0.8195235872056422 0.12167719470081657 0.2529442813494537
34 0.8332417365531871 0.8261286705522325 0.11364651869827114 0.2341033746817267
34 0.7432798078851417 0.8373303472310955 0.11364651869827132 0.23410337468172662
34 0.6556889012174144 0.8461610019096405 0.11986015603118041 0.2310511000159085
34 0.5649639038829145 0.8558092692552763 0.11204765603118041 0.23096019334818116