34 0.09634302940004238 0.48771356422072537 0.1823408800127267 0.10113537155854928
34 0.09538160809195032 0.6737783982131141 0.1760545173456358 0.09775570357377177
34 0.09652703210531334 0.7722158982131141 0.17618178668045392 0.10869320357377177
34 0.09849006878576724 0.8737465647150169 0.1777806493475448 0.11188187056996632
34 0.0958805000795418 0.5823084812169197 0.1792158800127267 0.10100803756616053
34 0.5934703786998622 0.22046512543852 0.18217724801081764 0.08707287155854945
34 0.5964221086887262 0.13827470794803404 0.190080654678545 0.09520370653952136
34 0.594304530673136 0.03743769711080017 0.185484061346272 0.07487539422160033
34 0.8437111147755859 0.768345574032195 0.17905224801081765 0.08694553756616052
34 0.8458997760979955 0.6877494900398062 0.17905224801081765 0.08694553756616052
34 0.8434100280871778 0.6081256570360006 0.17905224801081765 0.08694553756616052
34 0.843300392743451 0.5315313235379033 0.17748974801081766 0.08688187056996632
34 0.8353418947326334 0.4521303250207781 0.17436474801081764 0.0867545365775774
34 0.8414640780553612 0.37371882353790337 0.17748974801081766 0.08688187056996624
34 0.8366305800445435 0.29419049102838934 0.17748974801081766 0.08688187056996624
34 0.8356851507001803 0.21294049102838933 0.17748974801081766 0.08688187056996624
34 0.834776084022908 0.13481549102838936 0.17748974801081766 0.08688187056996624
34 0.8273170253421359 0.038163255894318 0.18533861067790847 0.076326511788636
34 0.5944067173774525 0.30093387543852 0.18217724801081764 0.08707287155854945
34 0.5953521467218156 0.38218387543852 0.18217724801081764 0.08707287155854945
34 0.5947168947326333 0.4619350424347144 0.18217724801081764 0.08707287155854945
34 0.5941089147437693 0.5440299594309088 0.18217724801081764 0.08707287155854929
34 0.5957628687539505 0.6189981259328116 0.18521134134309047 0.07938770555093821
34 0.5958270507638137 0.6916862094309089 0.17896134134309047 0.07913303756616052
34 0.5849355514401314 0.7632574619023668 0.15864884134309049 0.07830536661563343
34 0.3465482833386361 0.03414422454398326 0.2102840666772722 0.06828844908796652
34 0.3609113226845901 0.11738784087528997 0.21046588001272665 0.10228137749004844
34 0.36198402136377134 0.20957534087528998 0.21046588001272673 0.10228137749004844
34 0.36461012937617987 0.30091792387909555 0.21199201734563572 0.09922004448624282
34 0.3640476027211793 0.3869190908752899 0.21035679201145402 0.09290637749004844
34 0.3658015540658606 0.47048100737719273 0.213481792011454 0.09303371148243719
34 0.3652662994111783 0.5588259243733871 0.21348179201145392 0.09303371148243719
34 0.3536480940881323 0.6351165103429424 0.19453179734245402 0.07508220752810466
34 0.3529582980983137 0.7101801773391367 0.19627611067790857 0.09077087452429886
34 0.3539128181094495 0.7922114273391367 0.1947681546785449 0.09539470752810467
34 0.0909068106699544 0.02421875 0.1818136213399088 0.0484375
34 0.08950849001431753 0.10187156471501688 0.17767156134627213 0.10250687056996624
34 0.09065391402768055 0.2003090647150169 0.17767156134627213 0.10250687056996624
34 0.09178115670749812 0.2971840647150169 0.17774428668045392 0.10875687056996623
34 0.09371692138763386 0.3963709812169197 0.1792158800127267 0.10100803756616061