34 0.4578125 0.14765625 0.084375 0.2140625
34 0.290625 0.1421875 0.08203125 0.21640625
34 0.2015625 0.1421875 0.09140625 0.21640625
34 0.1109375 0.1421875 0.09375 0.21875
34 0.3734375 0.1453125 0.084375 0.21640625
34 0.6796875 0.6234375 0.071875 0.16328125
34 0.75390625 0.62734375 0.0796875 0.1703125
34 0.8578125 0.6265625 0.08671875 0.165625
34 0.940625 0.625 0.07421875 0.16328125
34 0.178125 0.84296875 0.071875 0.1609375
34 0.25 0.84609375 0.071875 0.1609375
34 0.321875 0.84453125 0.071875 0.1609375
34 0.390625 0.8453125 0.071875 0.15859375
34 0.4625 0.8390625 0.071875 0.15625
34 0.5328125 0.8453125 0.071875 0.15859375
34 0.6046875 0.8421875 0.071875 0.15859375
34 0.678125 0.8421875 0.071875 0.15859375
34 0.7484375 0.8421875 0.071875 0.15859375
34 0.8421875 0.8359375 0.07421875 0.165625
34 0.91875 0.8375 0.07421875 0.16796875
34 0.6078125 0.6234375 0.071875 0.16328125
34 0.534375 0.6234375 0.071875 0.16328125
34 0.4625 0.621875 0.071875 0.16328125
34 0.3890625 0.6203125 0.071875 0.16328125
34 0.321875 0.621875 0.06484375 0.165625
34 0.25625 0.62109375 0.06484375 0.1609375
34 0.1921875 0.61015625 0.06484375 0.1421875
34 0.9515625 0.4046875 0.07421875 0.19453125
34 0.871875 0.4046875 0.084375 0.18984375
34 0.78125 0.415625 0.084375 0.1875
34 0.6984375 0.415625 0.084375 0.1875
34 0.615625 0.4171875 0.08203125 0.18984375
34 0.53828125 0.415625 0.0765625 0.1875
34 0.46328125 0.41640625 0.0765625 0.1921875
34 0.38359375 0.41484375 0.0765625 0.1921875
34 0.315625 0.40390625 0.06015625 0.1734375
34 0.2484375 0.4015625 0.07421875 0.17578125
34 0.17421875 0.40234375 0.0796875 0.1734375
34 0.91171875 0.13671875 0.1109375 0.2359375
34 0.80625 0.1421875 0.08671875 0.22109375
34 0.7171875 0.1421875 0.08671875 0.22109375
34 0.6296875 0.1421875 0.09140625 0.21875
34 0.540625 0.14375 0.084375 0.21875