34 0.609375 0.078125 0.05546875 0.15625
34 0.81875 0.0609375 0.053125 0.121875
34 0.8734375 0.05390625 0.06015625 0.1078125
34 0.93515625 0.05 0.0640625 0.1
34 0.946875 0.409375 0.08671875 0.33671875
34 0.86640625 0.4109375 0.0796875 0.32421875
34 0.796875 0.39765625 0.0625 0.3296875
34 0.728125 0.39765625 0.07421875 0.3265625
34 0.65625 0.4015625 0.07421875 0.31953125
34 0.5875 0.40703125 0.06484375 0.3078125
34 0.5234375 0.4109375 0.06015625 0.290625
34 0.4671875 0.4109375 0.05546875 0.28125
34 0.4140625 0.415625 0.05546875 0.27421875
34 0.35703125 0.415625 0.0578125 0.271875
34 0.3015625 0.42890625 0.05546875 0.2359375
34 0.25234375 0.428125 0.0484375 0.22578125
34 0.19921875 0.4359375 0.0578125 0.228125
34 0.1484375 0.4390625 0.040625 0.22578125
34 0.10625 0.43984375 0.03828125 0.2234375
34 0.06875 0.4421875 0.03828125 0.22109375
34 0.0296875 0.4421875 0.03828125 0.21640625
34 0.9421875 0.85234375 0.08671875 0.2953125
34 0.85390625 0.83515625 0.0796875 0.2984375
34 0.7796875 0.82890625 0.071875 0.2953125
34 0.71015625 0.821875 0.0671875 0.303125
34 0.640625 0.81171875 0.06953125 0.2953125
34 0.56875 0.78671875 0.06953125 0.2640625
34 0.50625 0.7796875 0.06015625 0.25703125
34 0.4375 0.81328125 0.05546875 0.2359375
34 0.3828125 0.80546875 0.05078125 0.2328125
34 0.33671875 0.8 0.0453125 0.23046875
34 0.2953125 0.7859375 0.04296875 0.23046875
34 0.2546875 0.7796875 0.040625 0.22109375
34 0.2140625 0.771875 0.03828125 0.22109375
34 0.13359375 0.7796875 0.0453125 0.196875
34 0.765625 0.0625 0.053125 0.125
34 0.7125 0.0671875 0.053125 0.134375
34 0.6625 0.07265625 0.05078125 0.1421875
34 0.33984375 0.1 0.0453125 0.196875
34 0.3828125 0.096875 0.04296875 0.18984375
34 0.43515625 0.09296875 0.0578125 0.1828125
34 0.48984375 0.0875 0.0515625 0.175
34 0.5421875 0.084375 0.05546875 0.16796875