34 0.28455628630074525 0.10146600946796977 0.08369426483072288 0.15204428903121975
34 0.05708981645317039 0.12388240671405415 0.07566359621281209 0.11449883723582163
34 0.018527286202549363 0.12645341569104457 0.037054572405098726 0.10021816861791084
34 0.030322783373878993 0.5005994428184076 0.060645566747757985 0.3644261143631847
34 0.07096596409203823 0.49176934348233753 0.14193192818407646 0.3602113130353249
34 0.1402552778147341 0.46557448214421504 0.1302339633064713 0.36324540944452866
34 0.21298879586691086 0.4518705304470128 0.14273396330647134 0.3633181323171656
34 0.2911637928418488 0.4428222624930319 0.1426885115110732 0.35550563231716553
34 0.3646467446372469 0.4345825156162898 0.1285441982793567 0.3413613190854491
34 0.433442196432645 0.4263700398167867 0.12061352361132158 0.32100336729005097
34 0.49444332894620224 0.41507801581268156 0.11273739109776422 0.3100204154946528
34 0.551506395202981 0.4092774677062755 0.11113852966144577 0.30376132513557325
34 0.6117171873574586 0.39955248888171024 0.11424534894328672 0.30065450585373255
34 0.6741990066392993 0.4023138745185255 0.10464308996629619 0.26153746369925485
34 0.7258160487937771 0.3926388926688981 0.09676695745273882 0.25055451190385664
34 0.7836421843323965 0.3899587993829523 0.10616922852997775 0.2552965540583344
34 0.8383615005891751 0.3841718868151657 0.08737377673457977 0.24737496974937906
34 0.8829382023845733 0.3761003115813965 0.08266809601642038 0.24422269867214014
34 0.9235904734618121 0.37117646224532647 0.08265900565734086 0.24266019867214011
34 0.9611313800776703 0.3639270436274157 0.07481014422102206 0.23636474687674197
34 0.08769634173382172 0.9057091236347627 0.09015334308955411 0.1880181504675381
34 0.1542071308632373 0.887354033373879 0.1356749213483853 0.2242192708808471
34 0.23316792301771505 0.8775199702403583 0.1279715056573407 0.2429238190854491
34 0.308240645890352 0.8645836330045367 0.12499195140261463 0.2679056383672897
34 0.3801701880448297 0.8547904764868741 0.12822603571156996 0.2866738190854491
34 0.4529400675333249 0.834836524789672 0.1251464875069681 0.29446813836728997
34 0.5178929018422803 0.8157092748878678 0.11416353571156997 0.28659200585373235
34 0.5990110916356258 0.8378928262157277 0.10620558996629618 0.2615465540583344
34 0.6545889259445813 0.8188201184684013 0.09837490924813679 0.2583761022629364
34 0.7031127843558377 0.8036945673369331 0.09366922852997775 0.25522383118569747
34 0.7446508445624922 0.7807974228213233 0.09054422852997775 0.25520565046753807
34 0.7869201577942085 0.7664894831261736 0.08579309601642038 0.24424087939029934
34 0.8284218565645446 0.7498423386105637 0.08265900565734086 0.24266019867214011
34 0.9159627631804028 0.7423020285021051 0.08720105991206709 0.21768746974937905
34 0.1149523134281083 0.1149523134281083 0.07724427693097134 0.1176329275949013
34 0.17201083450534713 0.10993301532170223 0.07887040944452864 0.1285795179539809
34 0.22594435558258602 0.10493189793345543 0.07579995159900632 0.13793633723582163
34 0.5737187802506211 0.08438759377692517 0.08381243949875791 0.16877518755385035
34 0.5284062802506211 0.08451031362450002 0.07756243949875792 0.16902062724900005
34 0.4721471898915414 0.08625916598563219 0.09320562021691714 0.17251833197126437
34 0.41275400917338223 0.0882206000234411 0.08537493949875792 0.17236587939029938
34 0.35647219291660354 0.09401660295030735 0.08688289734428026 0.16299996974937897