34 0.4844853104771719 0.9102694884225727 0.0882557508107789 0.1368151033908223
34 0.6993739249255126 0.9424140926419643 0.07740797970746058 0.05200345574818712
34 0.7561869866139099 0.9522578194826006 0.08165910308425506 0.027221779569504535
34 0.9099564634787015 0.6398754818075442 0.1627411022701807 0.3791524607105858
34 0.8321587459461055 0.6247642121628371 0.16252291395857804 0.3666524607105856
34 0.7556235194850559 0.626767667911024 0.1453354139585782 0.3658519400324213
34 0.6832400048745593 0.6145266871414463 0.1562729139585782 0.3663613622821623
34 0.6093758108809137 0.5976709809789746 0.15616381980277688 0.36011136228216234
34 0.5386502536567432 0.5798884756022911 0.14185585795222372 0.3453938908182096
34 0.4733388993546722 0.5649762591007372 0.13525130194586943 0.32479029238978613
34 0.4134008376662749 0.5552780814743127 0.12727516071216732 0.3150514193542568
34 0.3589997098252534 0.5414189427230177 0.12398651947846524 0.3055308701400452
34 0.2998701716758065 0.5301218777930402 0.12708424593951495 0.3041139193542568
34 0.2448514350684871 0.5069241263452982 0.11546490746575647 0.2645419971045158
34 0.1934662130716643 0.49916943837979144 0.10589899269310407 0.25316784946188076
34 0.13991451907801875 0.48136766232494355 0.11691831330995509 0.2583647717116218
34 0.08781623092857181 0.46974311166298977 0.09803194561520338 0.24967897642635145
34 0.04545104748493777 0.46166093796550667 0.09090209496987554 0.2479709272121397
34 0.02441184456283845 0.45341394437564747 0.0488236891256769 0.24004711124870504
34 0.9669345353100731 0.19305183168370962 0.06280355762791245 0.2886301604629168
34 0.9178794265437752 0.18596923180754416 0.1506308400953163 0.3114555384608447
34 0.8400135251638033 0.174764212162837 0.14443538717321697 0.3142894400324213
34 0.7659584163975055 0.16884600600036523 0.13991152840691895 0.3234461162111037
34 0.692725467939633 0.1635336912752756 0.14476266964062107 0.3270673825505512
34 0.611311826705931 0.17370694210384513 0.13793992532266391 0.29993584160399783
34 0.5442470576312075 0.16980500020939698 0.12681151055001152 0.2884889193542569
34 0.4794948108776184 0.12756626613005045 0.11546490746575629 0.2551325322601009
34 0.4209556079555191 0.1265324590579559 0.1107228603878557 0.2530649181159118
34 0.3718186785723701 0.12407206586099082 0.10282853977100474 0.24814413172198163
34 0.3240669711860439 0.1278980599675787 0.10126603977100475 0.2557961199351574
34 0.2811391314944694 0.12741640881028687 0.09638762499835236 0.24491870181924558
34 0.23663515503341973 0.12792798511280382 0.09482512499835236 0.2448459272121397
34 0.15349141842610034 0.10839038875129499 0.09597852191409731 0.21678077750258998
34 0.6463852926202645 0.9370759292835636 0.07768071509696384 0.06762845574818713
34 0.5911074573929168 0.9287219278358215 0.0796250446422686 0.0895762303552928
34 0.538159735396094 0.9210400144774207 0.07997960064862308 0.10988873035529281
34 0.20921830357731303 0.8489318438803094 0.08923759821299111 0.1930651033908223
34 0.25195522849623514 0.8602117921848984 0.08441373051823949 0.18503427956950452
34 0.3063836298762069 0.8725084309361935 0.09839440990138844 0.18100175103345711
34 0.36311487094775313 0.8870396577768297 0.09039099512873605 0.16970037799792834
34 0.4159671355582497 0.9001903211352303 0.09184440097293471 0.16352315260503403