34 0.88984375 0.49982402847742236 0.2203125 0.14831848202865067
34 0.0796875 0.5707514988188735 0.159375 0.14150299763774718
34 0.28125 0.549665216419554 0.2875 0.1647272212288776
34 0.71328125 0.8616270801140355 0.25625 0.1511359471822602
34 0.696875 0.7462104112395617 0.25625 0.14957344718226045
34 0.68671875 0.6372619971744111 0.2546875 0.14170638347992953
34 0.665625 0.5263691371929445 0.2625 0.15447920199158388
34 0.6515625 0.41103431387196687 0.2625 0.15447920199158371
34 0.9140625 0.8389510158635506 0.171875 0.1450645072563943
34 0.90625 0.7261781973518964 0.1875 0.14561014427970279
34 0.89921875 0.6165576606914075 0.2015625 0.1429762176006804
34 0.88046875 0.3877778962634373 0.221875 0.14681054573098154