34 0.4828125 0.115625 0.10546875 0.22578125
34 0.48046875 0.90234375 0.1078125 0.1921875
34 0.47734375 0.6875 0.1109375 0.24765625
34 0.790625 0.334375 0.103125 0.22109375
34 0.6859375 0.3359375 0.10078125 0.22109375
34 0.5875 0.3328125 0.09375 0.22109375
34 0.4875 0.3390625 0.10546875 0.22578125
34 0.3828125 0.3390625 0.10546875 0.22578125
34 0.7890625 0.1125 0.103125 0.22109375
34 0.6875 0.1140625 0.103125 0.22109375
34 0.5875 0.1140625 0.10078125 0.22109375
34 0.3796875 0.11328125 0.103125 0.2234375