34 0.47213617328319835 0.09813245798521508 0.14739734656639664 0.19626491597043016
34 0.5951716062817971 0.8970249668452827 0.14343328453190338 0.16647652866891213
34 0.5606745200544827 0.6941373887843929 0.1648802531003719 0.29211319863085594
34 0.8454581650110307 0.25437857452648654 0.15256003556536077 0.2619800296574953
34 0.7312693864749834 0.2731205987467743 0.1494350355653605 0.26185269566510644
34 0.6214770095105127 0.2854216219784789 0.1399872609582548 0.25990819368794016
34 0.5122304420993359 0.3094413952101835 0.15434085938667827 0.26673119665368966
34 0.39796888895618276 0.3266209194304713 0.1543408593866782 0.26673119665368966
34 0.8109974660872691 0.07009900540002642 0.1438699321745383 0.14019801080005284
34 0.6988249518192455 0.07942226726302451 0.14452490363849116 0.15884453452604902
34 0.5889234129441161 0.08708752863173101 0.1403468258882322 0.17417505726346202
34 0.3600364336222805 0.10509605309916459 0.14590762117350256 0.21019210619832918