34 0.5926395107813128 0.8716761784504848 0.2178056653405452 0.06324067038771411
34 0.5965559461329939 0.9907856275836433 0.2176602146721816 0.018428744832713305
34 0.5976184594604941 0.9640456149682495 0.21784202800763594 0.0663656703877141
34 0.4284957421228125 0.9241547074008167 0.07618178668045386 0.10505568114108144
34 0.4261889021323576 0.9837329528527029 0.08026930267345418 0.03253409429459424
34 0.5541880606699544 0.050017348219026446 0.20837612133990877 0.05811652274507904
34 0.5562596380092268 0.09384012282613231 0.2084124840069997 0.06124152274507903
34 0.5598937153484993 0.13773567204034404 0.2115556653405452 0.06294957195929074
34 0.5619743833545444 0.1823396966474499 0.2115556653405452 0.06294957195929074
34 0.5624925513605896 0.2268709466474499 0.2115556653405452 0.06294957195929074
34 0.5645823100334075 0.27225622125455573 0.21157384667409057 0.06451207195929073
34 0.5666811593729981 0.3184227458616616 0.2115556653405452 0.06294957195929082
34 0.568770918045816 0.3638080204687674 0.2115738466740904 0.06451207195929083
34 0.5708879487189521 0.4115370450758733 0.21157384667409057 0.06451207195929083
34 0.5729686167249973 0.4561410696829792 0.2115556653405452 0.06294957195929082
34 0.5750492847310426 0.5007450942900851 0.2115556653405452 0.06294957195929082
34 0.577148134070633 0.5469116188971908 0.2115556653405452 0.06294957195929066
34 0.5800645960773145 0.5962395308078496 0.21468066534054522 0.06309512117350238
34 0.5821816267504507 0.6439685554149556 0.21468066534054522 0.06309512117350238
34 0.5842713854232686 0.6893538300220614 0.2146988466740906 0.06465762117350238
34 0.5879327347628592 0.7355931292362732 0.2146988466740904 0.06465762117350238
34 0.5884509027689043 0.7801243792362731 0.2178056653405452 0.06324067038771411
34 0.5905588427752677 0.827072153843379 0.21782384667409058 0.0648031703877141
34 0.5955377914544491 0.9194415903611436 0.21787839067472703 0.0694906703877141
34 0.23105055267345423 0.060734254548113965 0.08066929201145401 0.08808650496239871
34 0.23758291068586276 0.15239521567298447 0.08244996801399936 0.10690927956950462
34 0.24423344736631666 0.254212426797855 0.08244996801399936 0.10690927956950454
34 0.24927603071290694 0.35205061331561965 0.08237724267981754 0.10065927956950453
34 0.2566260013924063 0.4468729617440431 0.08241360534690845 0.10378427956950458
34 0.2592702907383603 0.5399144863511489 0.07921588001272664 0.0973887303552928
34 0.31070169000636333 0.06132075951051269 0.08066929201145409 0.08808650496239874
34 0.3172431386855446 0.1537629706353832 0.0793067866804539 0.1052012303552929
34 0.3215135626989076 0.2523460198495949 0.07930678668045399 0.1052012303552929
34 0.3265834180458161 0.35252795636735956 0.07928860534690844 0.10363873035529289
34 0.33159872939208823 0.4480223928851242 0.07460110534690845 0.10342040653397536
34 0.33425210940481487 0.54184516749223 0.07460110534690845 0.1034204065339754
34 0.3880454400063634 0.06492310256225263 0.07914315467854491 0.09113873035529288
34 0.3906806386855446 0.15718337716935848 0.07928860534690844 0.10363873035529289
34 0.39804879069858945 0.2535682255977819 0.07932496801399935 0.10676373035529281
34 0.3999936460454979 0.3536046129013349 0.07928860534690844 0.10363873035529289
34 0.40422770739177005 0.4490626621155466 0.07921588001272664 0.0973887303552928
34 0.40921574673772404 0.5422133486333112 0.07612724267981755 0.10036818114108108
34 0.2603793520846325 0.6352269863511489 0.0793067866804539 0.1052012303552928
34 0.2653946634309046 0.7307214228689135 0.07928860534690844 0.10363873035529281
34 0.26733951877781303 0.8307578101724665 0.0824317866804539 0.10534677956950453
34 0.27315426145763066 0.9278511339937839 0.08241360534690845 0.1037842795695049
34 0.2738906054662212 0.9841096344080688 0.07861589600572697 0.031780731183862446
34 0.34084810208463245 0.6389748786171006 0.07928860534690844 0.10363873035529281
34 0.34274750409767735 0.7351050159206535 0.07928860534690844 0.10363873035529281
34 0.3469815654439495 0.8305630651348652 0.07928860534690844 0.10363873035529281
34 0.3511883547899034 0.923677364349077 0.07928860534690844 0.10363873035529281
34 0.354332083465903 0.983658024192821 0.07710794000636331 0.03268395161435791
34 0.41581173941754157 0.6393430597581817 0.07928860534690844 0.10363873035529281
34 0.42004580076381376 0.7348011089723935 0.07612724267981755 0.10036818114108108
34 0.4211275901097677 0.8277698589723934 0.07616360534690844 0.10349318114108108