34 0.1874455025318887 0.48864323464354653 0.09955359981466554 0.21201019867918128
34 0.05881950552711361 0.4534062633275003 0.09330359981466554 0.21193747334499946
34 0.10074411069925675 0.467768207988546 0.10111609981466554 0.21202838001272664
34 0.16983387268015632 0.32002959464513736 0.11253969473518959 0.09189769334818117
34 0.08765628974053175 0.29441252398950046 0.10003969473518963 0.09175224267981755
34 0.9554204258567911 0.6703230185391877 0.08915914828641788 0.20581474267981753
34 0.9163492964487716 0.6591406178787784 0.09459328130301117 0.204143154678545
34 0.8761781642347867 0.6502292418841872 0.0978274087076727 0.20730451734563574
34 0.8336360001696359 0.6405638878899141 0.09777284500534203 0.20574201734563574
34 0.7926017724021546 0.6293178525620957 0.09777284500534211 0.20574201734563574
34 0.750059608337004 0.6196524985678227 0.09933534500534211 0.20576019867918127
34 0.706708912420688 0.6092149852403225 0.09777284500534211 0.20574201734563574
34 0.6633582165043721 0.5987774719128222 0.09933534500534211 0.20576019867918127
34 0.619226270588056 0.5883490492520946 0.09933534500534211 0.20576019867918127
34 0.5774653565229055 0.5786746045910489 0.09777284500534211 0.20574201734563574
34 0.535704442457755 0.5690001599300032 0.09777284500534211 0.20574201734563574
34 0.49235374654143893 0.558562646602503 0.09777284500534211 0.20574201734563574
34 0.4459053324762884 0.5489427459420936 0.09944447241000383 0.20888519867918126
34 0.4017733865599724 0.5385143232813661 0.09944447241000383 0.20888519867918126
34 0.3592312224948218 0.528848969287093 0.10100697241000382 0.20890338001272682
34 0.3151538402808367 0.5199830466263655 0.10100697241000382 0.20890338001272662
34 0.27411961251335526 0.5087370112985471 0.09955359981466554 0.21201019867918128
34 0.2299876665970393 0.49830858863781946 0.10111609981466554 0.21202838001272678
34 0.14331355661557274 0.47821481198281895 0.1042956635169964 0.21362724267981759
34 0.9807291887447398 0.36365484786764246 0.03854162251052031 0.09433180267345423
34 0.9225967741314353 0.3456593732097784 0.11588294954451328 0.09818405601527207
34 0.8273016322988032 0.3248843438892778 0.1158829495445132 0.09818405601527207
34 0.7350769267638404 0.30251045190168635 0.10957838584218216 0.09654883068109026
34 0.64535966233587 0.28479678791377666 0.11114088584218215 0.09656701201463562
34 0.5586309886520726 0.26314051125877613 0.10472719473518968 0.09180678668045399
34 0.9719097494518458 0.4387730265356879 0.056180501096308434 0.09144316000954507
34 0.9071925181409852 0.41930595854555097 0.11264882213985103 0.09502269334818111
34 0.8141865626060225 0.3969411572247323 0.11103175843752063 0.09344201201463571
34 0.7204266389222251 0.3753666965706862 0.10946925843752062 0.09342383068109025
34 0.6306002470895932 0.35452803258277654 0.10936013103285873 0.09029883068109026
34 0.5430903234057958 0.3328808465945488 0.10936013103285873 0.09029883068109026
34 0.9629811827542902 0.5092037052037333 0.07403763449141962 0.09167951734563573
34 0.8900075073412121 0.4867207252148691 0.1110863221398514 0.09500451201463563
34 0.7987004610620764 0.4682439925605049 0.11421132213985138 0.0950408746817267
34 0.7056126599736173 0.4435354412396861 0.10946925843752045 0.09342383068109025
34 0.6157589862898198 0.42191552725177645 0.1047271947351895 0.09180678668045399
34 0.5283309081595189 0.4026120912635487 0.1078521947351895 0.09184314934754471
34 0.4702306875636135 0.23837741593732104 0.11259425843752044 0.09346019334818115
34 0.38040429573098156 0.2175387519494114 0.10946925843752045 0.09342383068109025
34 0.2873710583448533 0.19439270062859265 0.11270338584218216 0.09658519334818112
34 0.19522819836338673 0.1743625586410012 0.11114088584218221 0.09656701201463572
34 0.11706599282842386 0.1518250346515007 0.0969692584375205 0.09327838001272667
34 0.45253724527549455 0.31361377327341183 0.10946925843752058 0.09342383068109025
34 0.3617931941870355 0.28887794995227495 0.10946925843752045 0.09342383068109025
34 0.27274805235440347 0.2680301952975926 0.10946925843752045 0.09342383068109025
34 0.1852654105217715 0.24716425930936473 0.11108632213985134 0.09500451201463571
34 0.10249755054030496 0.2270250293205006 0.09998513103285878 0.09018974267981754
34 0.4377778300292177 0.3833450179424117 0.10946925843752045 0.09342383068109025
34 0.3471429063454202 0.3617341946212748 0.10785219473518967 0.09184314934754481
34 0.2611136371081265 0.3377250772995016 0.10941469473518968 0.09186133068109026