34 0.8203125 0.56796875 0.04296875 0.2046875
34 0.9546875 0.56484375 0.04296875 0.2046875
34 0.90859375 0.56796875 0.0453125 0.2046875
34 0.871875 0.4078125 0.09375 0.06953125
34 0.9578125 0.4046875 0.08203125 0.07421875
34 0.0328125 0.5671875 0.05078125 0.196875
34 0.0796875 0.5671875 0.040625 0.196875
34 0.121875 0.56875 0.04296875 0.19921875
34 0.1640625 0.56875 0.04296875 0.19921875
34 0.20625 0.5671875 0.04296875 0.19921875
34 0.24921875 0.5671875 0.0453125 0.19921875
34 0.29375 0.5671875 0.04296875 0.19921875
34 0.33671875 0.5671875 0.0453125 0.19921875
34 0.38203125 0.5671875 0.0453125 0.19921875
34 0.425 0.5671875 0.04296875 0.19921875
34 0.4671875 0.5671875 0.04296875 0.19921875
34 0.5109375 0.5671875 0.04296875 0.19921875
34 0.5578125 0.56796875 0.04296875 0.2015625
34 0.603125 0.56796875 0.04296875 0.2015625
34 0.64609375 0.56796875 0.0453125 0.2015625
34 0.68984375 0.56953125 0.0453125 0.2015625
34 0.7328125 0.56796875 0.04296875 0.2046875
34 0.77734375 0.56796875 0.0453125 0.2046875
34 0.86484375 0.56796875 0.0484375 0.2046875
34 0.0453125 0.25859375 0.090625 0.0734375
34 0.1390625 0.2609375 0.09609375 0.07421875
34 0.2359375 0.2625 0.09609375 0.07421875
34 0.32890625 0.2625 0.0890625 0.07421875
34 0.41875 0.265625 0.09140625 0.07421875
34 0.5078125 0.2640625 0.08671875 0.071875
34 0.0484375 0.334375 0.08671875 0.071875
34 0.1390625 0.3359375 0.09375 0.071875
34 0.2328125 0.3359375 0.09375 0.071875
34 0.328125 0.3359375 0.09140625 0.071875
34 0.41875 0.33671875 0.09140625 0.0671875
34 0.5078125 0.33515625 0.09140625 0.0671875
34 0.0515625 0.4078125 0.08671875 0.071875
34 0.140625 0.40625 0.09140625 0.071875
34 0.234375 0.409375 0.09609375 0.071875
34 0.328125 0.40625 0.09140625 0.071875
34 0.4203125 0.40625 0.08671875 0.071875
34 0.50859375 0.40625 0.0890625 0.06953125
34 0.5984375 0.2609375 0.09375 0.071875
34 0.6890625 0.2609375 0.09140625 0.071875
34 0.784375 0.259375 0.09375 0.07421875
34 0.8765625 0.2609375 0.09140625 0.07421875
34 0.96015625 0.259375 0.0796875 0.07421875
34 0.6 0.3375 0.09140625 0.071875
34 0.6921875 0.334375 0.09140625 0.071875
34 0.7828125 0.334375 0.09140625 0.071875
34 0.871875 0.334375 0.09140625 0.071875
34 0.95859375 0.334375 0.0828125 0.071875
34 0.6 0.409375 0.09140625 0.071875
34 0.69140625 0.4078125 0.0890625 0.06953125
34 0.7796875 0.4046875 0.09140625 0.06953125