34 0.6531416101313369 0.07297337080609237 0.4655917797373263 0.14594674161218474
34 0.6323167757805976 0.16970590759781695 0.48441702283992144 0.18245096916020379
34 0.6102569900503773 0.2627746515476927 0.47760045680654795 0.14179869808296494
34 0.5888556235874625 0.35818260031802873 0.52874023292583 0.19364299921443306
34 0.5699274819097769 0.48091157319066563 0.5495440558566083 0.20313617388246819
34 0.5410511301461831 0.6146325882177803 0.5846560402527761 0.2173986617822198
34 0.5115196811415513 0.7608536032448949 0.6122830732694627 0.2378656978865731
34 0.48017674864526294 0.896932003810629 0.6464190558566081 0.20369977614540452
34 0.21341072478522935 0.02716194281840765 0.3075535504295413 0.0543238856368153
34 0.1960251509499397 0.05977847921734873 0.2922494549975256 0.09229762607064966
34 0.1883487697877037 0.11683700029458759 0.29874511646291485 0.09702148750696815
34 0.17195580789277315 0.17628926834676434 0.28977955223856366 0.10477944535249044
34 0.15597560379975872 0.2427682412194013 0.28541960085908263 0.11100217427525154
34 0.13962632575788328 0.31628300927157804 0.27925265151576656 0.11253740319801268
34 0.12684636476746386 0.38434266286237423 0.2536927295349277 0.10777718032537571
34 0.11604000056582689 0.457076180914551 0.23208000113165378 0.11397263817089805
34 0.09750468453245334 0.5407653796848869 0.19500936906490668 0.11846924063022612
34 0.09138748134395004 0.625944355582586 0.18277496268790008 0.11998628883482798
34 0.07902027815544674 0.7103784429166036 0.15804055631089348 0.11986811416679295
34 0.06093866350155418 0.8065630965073997 0.12187732700310835 0.12437380698520073