34 0.9106618821064935 0.5382279192434698 0.13990799431480525 0.4457409683433749
34 0.8203176031672985 0.5483898977331144 0.18631255745486747 0.4652819009729347
34 0.726939329489775 0.5570439233006595 0.1454145416698518 0.45988528896022596
34 0.6320895610739237 0.5641627224071553 0.19961619425833543 0.5060978157455871
34 0.5131197531955334 0.5834093745979059 0.20861176266006928 0.5265466834403387
34 0.3812327163638304 0.5966378518697344 0.2230228731551783 0.5595773717519414
34 0.2367091716396196 0.6124282674531656 0.2432289573419279 0.5849046542193456
34 0.10381670278612769 0.6316164184261004 0.20763340557225538 0.6211421631477994
34 0.9388665369728774 0.1295088530875504 0.07851692605424532 0.2590177061751008
34 0.8975967948653849 0.1276014797107558 0.0954314102692301 0.2552029594215116
34 0.8456170659120724 0.12181512987291161 0.09626586817585511 0.24363025974582322
34 0.790565544865385 0.12855605357401773 0.10011891026922992 0.25711210714803545
34 0.732017297496221 0.1283339111224997 0.110965405007558 0.2566678222449994
34 0.666392297496221 0.128920292209932 0.114090405007558 0.257840584419864
34 0.5921280448653851 0.13035610714474016 0.11574391026922992 0.2607122142894803
34 0.5250770527578928 0.1285851014626973 0.11234589448421435 0.2571702029253946
34 0.4524208027578928 0.12925330316698064 0.12015839448421435 0.2585066063339613
34 0.36818231065040063 0.12415076887285256 0.12375383134415205 0.24830153774570513
34 0.28395152381869765 0.13630609821628642 0.12402684712916763 0.2534716477265238
34 0.200911510664518 0.14165784578065446 0.12504331555913664 0.24412392126547414
34 0.10390000277201025 0.1456925551955755 0.13047426820408997 0.2301705154212755