34 0.065625 0.39765625 0.084375 0.4328125
34 0.16328125 0.4 0.1109375 0.446875
34 0.2546875 0.403125 0.071875 0.446875
34 0.3484375 0.40625 0.11796875 0.48828125
34 0.465625 0.4015625 0.12265625 0.50703125
34 0.5953125 0.4046875 0.13203125 0.53828125
34 0.7390625 0.40625 0.14921875 0.5625
34 0.8984375 0.4078125 0.165625 0.59609375
34 0.021875 0.815625 0.04296875 0.28359375
34 0.06484375 0.828125 0.0484375 0.290625
34 0.115625 0.8453125 0.05078125 0.290625
34 0.1703125 0.846875 0.053125 0.30546875
34 0.2296875 0.85078125 0.06484375 0.2953125
34 0.29375 0.8546875 0.06953125 0.28828125
34 0.365625 0.8578125 0.071875 0.28359375
34 0.4328125 0.8625 0.06953125 0.271875
34 0.50390625 0.86640625 0.0765625 0.2640625
34 0.5875 0.878125 0.084375 0.24296875
34 0.6703125 0.875 0.084375 0.24765625
34 0.753125 0.8796875 0.08671875 0.23828125
34 0.846875 0.8875 0.09375 0.22109375