34 0.49627428153513886 0.07095807779100737 0.051201436929722274 0.11987739532659727
34 0.9807746084731249 0.17759908244375083 0.034159407294444576 0.12572735182361114
34 0.9637143950422569 0.1717302889407647 0.05134690729444458 0.12612739532659725
34 0.9380058802246178 0.1680052236862855 0.05134690729444458 0.12612739532659728
34 0.9115524829981595 0.16269947463621603 0.05134690729444458 0.12612739532659728
34 0.886643401976111 0.15821134317732713 0.05134690729444458 0.12612739532659725
34 0.8617525047496526 0.1529419617184382 0.05134690729444458 0.12612739532659728
34 0.8345178575231943 0.14761802887277847 0.05134690729444458 0.12612739532659725
34 0.8096633278879166 0.14078614741388956 0.05134690729444458 0.12612739532659728
34 0.7832462982526387 0.13391789836382012 0.05134690729444458 0.12612739532659725
34 0.7567929010261805 0.12861214931375065 0.05134690729444458 0.12612739532659728
34 0.7295218862085415 0.1248507164680909 0.05134690729444458 0.12612739532659725
34 0.7038861065732638 0.11800065121361172 0.048221907294444574 0.12605466014423614
34 0.6789952093468055 0.11273126975472278 0.05134690729444458 0.12612739532659728
34 0.6525781797115278 0.10586302070465332 0.051383274885625066 0.1276898953265973
34 0.6253435324850694 0.10053908785899357 0.051383274885625066 0.1276898953265973
34 0.5997259366453819 0.0929077726045144 0.04825827488562506 0.12761716014423613
34 0.5740356056233333 0.08840145735003521 0.051383274885625066 0.12768989532659727
34 0.5476367597836458 0.08075195829996575 0.05134690729444458 0.12612739532659728
34 0.5227640463527777 0.07470132684107682 0.048221907294444574 0.12605466014423614
34 0.9802453187698609 0.30109113383052166 0.029326436929722276 0.11936824905006951
34 0.9671095391345832 0.29453200930548695 0.051201436929722274 0.11987739532659729
34 0.939820340521354 0.2915518264598272 0.051201436929722274 0.11987739532659729
34 0.9141481932948956 0.286264261205348 0.051237804520902944 0.1214398953265972
34 0.8876947960684373 0.2809585121552785 0.051201436929722274 0.1198773953265972
34 0.8628038988419788 0.2756891306963897 0.051201436929722635 0.1198773953265972
34 0.8378766340243402 0.2719822492375007 0.05127417211208325 0.12300239532659721
34 0.8114596043890623 0.2651140001874312 0.051201436929722274 0.1198773953265972
34 0.7849880233670137 0.2605895011373618 0.04807643692972228 0.11980466014423614
34 0.7601334937317359 0.2537576196784729 0.048221907294444574 0.12605466014423614
34 0.7320994127096874 0.24919675303722286 0.051274172112083426 0.12300239532659722
34 0.7056823830744096 0.24232850398715336 0.051274172112083426 0.12300239532659722
34 0.6799738682567706 0.23860343873267417 0.051274172112083426 0.12300239532659729
34 0.6535568386214929 0.2317351896826047 0.051274172112083426 0.12300239532659729
34 0.6271398089862151 0.22486694063253526 0.051274172112083426 0.12300239532659729
34 0.6022489117597567 0.21959755917364632 0.051274172112083426 0.12300239532659722
34 0.575050632124479 0.21271112632798655 0.051274172112083606 0.12300239532659722
34 0.5501233673068401 0.2090042448690977 0.051274172112083426 0.12300239532659729
34 0.5245057714671526 0.2013729296146185 0.05290940729444458 0.12616376291777778
34 0.4964898742406943 0.19603081297336847 0.05134690729444458 0.12612739532659728
34 0.4700364770142359 0.190725063923299 0.05134690729444458 0.12612739532659728
34 0.9408145703853815 0.5510904806201398 0.06704594889756947 0.19676720364722228
34 0.9112361731589231 0.5457119963877091 0.0686811840799308 0.19992857123840296
34 0.8824572097280552 0.5395704459508688 0.06551981648875013 0.19829333605604163
34 0.8528969962971871 0.5334107117184382 0.0686811840799308 0.19992857123840296
34 0.8240998490707288 0.5280504112815979 0.06708231648875014 0.1983297036472223
34 0.7945396356398607 0.5218906770491673 0.0686811840799308 0.19992857123840296
34 0.7649248708222218 0.5180746928167368 0.06708231648875014 0.1983297036472223
34 0.733820341186944 0.5110973409931256 0.06708231648875014 0.1983297036472223
34 0.7042419439604857 0.5057188567606951 0.06708231648875014 0.1983297036472223
34 0.6747180981207983 0.4979966225282645 0.0686811840799308 0.1999285712384029
34 0.6459027670987496 0.4934175720914242 0.06708231648875014 0.1983297036472223
34 0.6147618698722913 0.48800272026781305 0.06551981648875013 0.19829333605604163
34 0.5875817740326038 0.4803350374221533 0.06708231648875014 0.1983297036472223
34 0.5595658768061454 0.4749929207809032 0.06708231648875014 0.1983297036472223
34 0.5284795309664579 0.46723431895729217 0.0686811840799308 0.19992857123840277
34 0.4996641999444094 0.4626552685204518 0.0686811840799308 0.19992857123840277
34 0.4701585379003122 0.4541517842880213 0.0686811840799308 0.19992857123840277
34 0.4390540082650343 0.44717443246441013 0.0686811840799308 0.19992857123840277
34 0.41025686103857606 0.4418141320275698 0.06708231648875014 0.1983297036472223
34 0.3783347138121177 0.4363810964083684 0.0686811840799308 0.19992857123840277
34 0.3495921179724302 0.42867704597152806 0.07028005167111129 0.20152743882958343
34 0.3177245221327427 0.4209002603523267 0.07028005167111129 0.2015274388295833
34 0.28887282351951354 0.41788370991548635 0.06868118407993071 0.19992857123840277
34 0.2593307938842358 0.4109427256830558 0.07028005167111129 0.20152743882958343
34 0.2289529628621872 0.4063273076550349 0.06868118407993071 0.1999285712384029
34 0.1978666170224997 0.39856870583142384 0.07184255167111128 0.20156380642076394
34 0.7404638525861105 0.8301746493137505 0.07889263867708358 0.2360842767854862
34 0.706197955359652 0.8246870623077784 0.07889263867708358 0.2360842767854862
34 0.6696246757243743 0.8175824239150353 0.08201763867708359 0.2361570119678472
34 0.632233778497916 0.8120221017267021 0.08198127108590292 0.23459451196784747
34 0.5965326678405896 0.8010293971295491 0.08198127108590292 0.2345945119678472
34 0.5615582557964924 0.7923986263279866 0.08198127108590292 0.2345945119678472
34 0.5210605423656244 0.7859843189572921 0.08201763867708359 0.23615701196784739
34 0.48526851273034655 0.7788978643601393 0.08201763867708359 0.2361570119678472
34 0.44873160068624934 0.7702307259673963 0.08201763867708359 0.23615701196784739
34 0.41214013725538134 0.7639073375746531 0.08201763867708359 0.23615701196784739
34 0.37482197521128413 0.7552220153863198 0.08201763867708359 0.2361570119678472
34 0.33744926178041607 0.7488804431979863 0.08358013867708358 0.23619337955902786
34 0.30089416594072854 0.7409945548052432 0.08365287385944464 0.23931837955902785
34 0.2642845187142703 0.7354524164125003 0.0837256090418057 0.24244337955902787
34 0.22849248907899247 0.7283659618153474 0.08528810904180573 0.24247974715020834
34 0.18955727564812438 0.7219880220358335 0.0852881090418058 0.24247974715020834
34 0.1522209298084369 0.7140839498475001 0.08372560904180575 0.24244337955902787
34 0.1156840177643397 0.705416811454757 0.08365287385944464 0.23931837955902785