34 0.5929065432050059 0.9242236290491241 0.038609061346272 0.09662202885594055
34 0.0496105292011879 0.9713095156090965 0.03499316534054512 0.05432540145127902
34 0.07541905120150608 0.9680654645206375 0.039735209341181445 0.059176592558271325
34 0.1019906418682788 0.9663566315810129 0.0397533906747269 0.060739092558271326
34 0.12857132320182424 0.9638665486413884 0.0397897533418178 0.06386409255827133
34 0.15671450453536967 0.9613219019994329 0.03982611600890866 0.06698909255827132
34 0.18329518586891513 0.9588318190598084 0.03986247867599957 0.07011409255827132
34 0.20831336720246055 0.9563962998225147 0.03989884134309048 0.07323909255827132
34 0.23645654853600603 0.9538516531805594 0.03993520401018138 0.07636409255827133
34 0.26302813920277873 0.9521428202409348 0.03995338534372674 0.07792659255827132
34 0.2919343892027787 0.951133391747814 0.03839088534372674 0.07787202885594055
34 0.3200775705363242 0.9485887451058586 0.03842724801081765 0.08099702885594055
34 0.34744859253664234 0.9452901303150686 0.04004429201145401 0.08573909255827132
34 0.3732298425366424 0.9443898292266095 0.03535679201145401 0.08557540145127902
34 0.3998196145369605 0.941118496286985 0.03853633601209037 0.09037202885594056
34 0.427962795870506 0.9385738496450295 0.03857269867918127 0.09349702885594055
34 0.45609688653727865 0.9368104530030742 0.03859088001272663 0.09505952885594056
34 0.48110597720405135 0.9351561837657805 0.035484061346272 0.09651290145127903
34 0.5092491585375969 0.932611537123825 0.038645424013363086 0.09974702885594056
34 0.5389275678708241 0.9323560767795387 0.03860906134627218 0.09662202885594055
34 0.5647542712046878 0.9275495256910797 0.035484061346272 0.09651290145127903
34 0.039691183879732805 0.8841914615254126 0.038899962682999244 0.12162202885594056
34 0.06470936521327825 0.8817559422881189 0.042024962682999246 0.12173115626060209
34 0.09210765921391459 0.876113577497329 0.042024962682999246 0.12173115626060209
34 0.11870652188100547 0.8720609945577046 0.042024962682999246 0.12173115626060209
34 0.14685879388132364 0.868735097915749 0.042024962682999246 0.12173115626060209
34 0.17267640654841454 0.8647097968272899 0.042024962682999246 0.12173115626060209
34 0.19928435988227813 0.8598759638876654 0.04206132535009015 0.12485615626060217
34 0.2274275412158236 0.8573313172457098 0.042024962682999246 0.12173115626060219
34 0.2540264038829145 0.8532787343060854 0.038899962682999244 0.12162202885594056
34 0.28060708521645994 0.8507886513664609 0.038972688017181054 0.12787202885594057
34 0.3095496978835508 0.8466542228733399 0.04206132535009015 0.12485615626060217
34 0.33769287921709623 0.8441095762313846 0.04206132535009015 0.12485615626060217
34 0.3635286732177326 0.8385217751429256 0.04206132535009015 0.12485615626060217
34 0.3916627638845053 0.83675837850097 0.04206132535009015 0.12485615626060217
34 0.4198059452180508 0.8342137318590147 0.04206132535009015 0.12485615626060217
34 0.4464048078851416 0.8301611489193901 0.042061325350089974 0.12485615626060245
34 0.4737576485519144 0.8284250341286 0.04206132535009015 0.12485615626060217
34 0.5003746925525507 0.8228099511889756 0.04206132535009015 0.12485615626060209
34 0.5285087832193234 0.8210465545470201 0.04524086935072642 0.12965278366526398
34 0.5566610552196416 0.8177206579050648 0.042097688017181056 0.12798115626060244
34 0.5840411678867324 0.8136407931142748 0.042097688017181056 0.1279811562606022
34 0.020378490630978914 0.6241815444650372 0.04075698126195783 0.20007441106992568
34 0.045879738582140256 0.6208010841207509 0.055470392027362384 0.20341766587924912
34 0.07638485124923114 0.6166120919252992 0.05078289202736239 0.20325397477225646
34 0.10689905458309475 0.6116418497298476 0.055470392027362356 0.20341766587924895
34 0.13740416725018564 0.6074528575343958 0.0539260733609078 0.2049256021769182
34 0.16712802991727654 0.6032911471901096 0.05547039202736239 0.20341766587924912
34 0.19766041458468558 0.5967584049946579 0.05390789202736235 0.20336310217691816
34 0.23050927725177645 0.59248756724571 0.05390789202736244 0.20336310217691816
34 0.2610143899188674 0.5882985750502583 0.05390789202736235 0.20336310217691816
34 0.2930638212524128 0.5856175191524757 0.05547039202736235 0.20341766587924895
34 0.32202461525304915 0.5799205906593549 0.05390789202736244 0.20336310217691816
34 0.35410131858691274 0.5748957847615722 0.050782892027362345 0.20325397477225665
34 0.3830166592536855 0.5731051062684515 0.05390789202736235 0.20336310217691816
34 0.41274052192077637 0.5689433959241652 0.05390789202736244 0.20336310217691816
34 0.4455712032543218 0.5662350581752172 0.05547039202736244 0.20341766587924912
34 0.47453199725495815 0.5605381296820964 0.05547039202736244 0.20341766587924912
34 0.5057819972549582 0.5594468556354792 0.05547039202736244 0.20341766587924895
34 0.5394212005888217 0.5543674860353659 0.05547039202736244 0.20341766587924912
34 0.5691450632559126 0.5502057756910796 0.05390789202736244 0.20336310217691816
34 0.602012107256549 0.5443724379421317 0.053944254694453166 0.20648810217691818
34 0.6332802885900944 0.5417186638955146 0.05550675469445317 0.20654266587924894
34 0.6661200605904126 0.5382290761465666 0.05550675469445334 0.20654266587924913
34 0.6958802859245944 0.5309423658022803 0.053944254694453166 0.20648810217691818
34 0.7263672172581398 0.5283158736068285 0.05550675469445317 0.20654266587924894
34 0.7576717612587762 0.5225370995602114 0.053944254694453166 0.20648810217691818
34 0.7905024425923216 0.5198287618112636 0.05550675469445317 0.20654266587924913
34 0.13020293129377455 0.2867410534507118 0.0637374253659985 0.24275298439090331
34 0.1654228159611836 0.2800446201482676 0.0637374253659985 0.24275298439090331
34 0.20453076929504724 0.2747742775899962 0.06686242536599848 0.2428621117955651
34 0.241322244629229 0.26724203058522106 0.06684424403245304 0.2412996117955651
34 0.27962167596277443 0.2643427198781151 0.06684424403245304 0.24129961179556503
34 0.31793019796309263 0.2606621591710091 0.06684424403245312 0.2412996117955651
34 0.35860974196372897 0.25455600291040686 0.06686242536599848 0.24286211179556502
34 0.3969364452975926 0.2493129422033009 0.06686242536599848 0.2428621117955651
34 0.4344637172979107 0.24565966334736036 0.06686242536599848 0.2428621117955651
34 0.47202735196531975 0.2388813844914198 0.06686242536599848 0.24286211179556502
34 0.5119074646324107 0.23436501008198302 0.06686242536599848 0.2428621117955651
34 0.5510335992998197 0.22753216752371158 0.06842492536599849 0.24291667549789597
34 0.5885790526336834 0.22231638866777104 0.06689878803308939 0.24598711179556504
34 0.6269148466343196 0.2162920779606651 0.0669351507001803 0.2491121117955651
34 0.6644602999681833 0.21107629910472453 0.0684976507001803 0.24916667549789598
34 0.7028051846355924 0.2042707383976186 0.0684976507001803 0.24916667549789598
34 0.7434847286362286 0.19816458213701632 0.0669351507001803 0.2491121117955651
34 0.7810210913033195 0.1937300532810758 0.06689878803308957 0.24598711179556507