34 0.57890625 0.07421875 0.0265625 0.1203125
34 0.0296875 0.0875 0.03125 0.11796875
34 0.06015625 0.084375 0.0265625 0.11796875
34 0.08671875 0.0859375 0.0265625 0.11796875
34 0.11328125 0.084375 0.0265625 0.11796875
34 0.13828125 0.0859375 0.0265625 0.11796875
34 0.16484375 0.0859375 0.0265625 0.11796875
34 0.18984375 0.0859375 0.0265625 0.11796875
34 0.21484375 0.0859375 0.0265625 0.11796875
34 0.24140625 0.0859375 0.0265625 0.11796875
34 0.26640625 0.084375 0.0265625 0.11796875
34 0.29296875 0.0828125 0.0265625 0.11796875
34 0.31953125 0.0828125 0.0265625 0.11796875
34 0.34609375 0.084375 0.0265625 0.11796875
34 0.371875 0.0828125 0.02421875 0.11796875
34 0.39609375 0.0828125 0.0265625 0.11796875
34 0.42265625 0.08046875 0.0265625 0.1203125
34 0.44921875 0.08046875 0.0265625 0.1203125
34 0.475 0.07890625 0.02421875 0.1203125
34 0.50078125 0.07890625 0.0265625 0.1203125
34 0.52734375 0.0765625 0.0265625 0.11796875
34 0.553125 0.07578125 0.02421875 0.1203125
34 0.03046875 0.2046875 0.0265625 0.11328125
34 0.06171875 0.2015625 0.0265625 0.11328125
34 0.08671875 0.2 0.0265625 0.11328125
34 0.11328125 0.2015625 0.0265625 0.11328125
34 0.13828125 0.2015625 0.0265625 0.11328125
34 0.16484375 0.2015625 0.0265625 0.11328125
34 0.18984375 0.2015625 0.0265625 0.11328125
34 0.21484375 0.203125 0.0265625 0.115625
34 0.24140625 0.2015625 0.0265625 0.11328125
34 0.2671875 0.2015625 0.02421875 0.11328125
34 0.2921875 0.2015625 0.02421875 0.11796875
34 0.31953125 0.2015625 0.0265625 0.115625
34 0.34609375 0.2 0.0265625 0.115625
34 0.37109375 0.2015625 0.0265625 0.115625
34 0.39765625 0.2 0.0265625 0.115625
34 0.42421875 0.1984375 0.0265625 0.115625
34 0.44921875 0.1984375 0.0265625 0.115625
34 0.47578125 0.196875 0.0265625 0.115625
34 0.50078125 0.1984375 0.0265625 0.115625
34 0.5265625 0.196875 0.02890625 0.11796875
34 0.55390625 0.196875 0.0265625 0.11796875
34 0.58046875 0.196875 0.0265625 0.11796875
34 0.0625 0.45 0.02890625 0.1875
34 0.0921875 0.45 0.03125 0.18984375
34 0.12109375 0.45 0.0265625 0.18984375
34 0.15 0.45 0.03125 0.18984375
34 0.178125 0.45 0.02890625 0.18984375
34 0.2078125 0.45 0.03125 0.18984375
34 0.2359375 0.4515625 0.02890625 0.18984375
34 0.2671875 0.4515625 0.02890625 0.18984375
34 0.296875 0.4515625 0.02890625 0.18984375
34 0.3265625 0.45 0.03125 0.18984375
34 0.3546875 0.4515625 0.02890625 0.18984375
34 0.38515625 0.4515625 0.0265625 0.18984375
34 0.4125 0.45 0.02890625 0.18984375
34 0.440625 0.45 0.02890625 0.18984375
34 0.471875 0.4484375 0.03125 0.18984375
34 0.5 0.45 0.03125 0.18984375
34 0.5296875 0.446875 0.03125 0.18984375
34 0.5609375 0.446875 0.03125 0.18984375
34 0.5890625 0.446875 0.02890625 0.18984375
34 0.6203125 0.44765625 0.02890625 0.1921875
34 0.65 0.44609375 0.03125 0.1921875
34 0.68125 0.44453125 0.03125 0.1921875
34 0.709375 0.44765625 0.02890625 0.1921875
34 0.7390625 0.44609375 0.03125 0.1921875
34 0.76875 0.44765625 0.02890625 0.1921875
34 0.8 0.44609375 0.03125 0.1921875
34 0.2015625 0.753125 0.03359375 0.22578125
34 0.234375 0.7546875 0.03359375 0.22578125
34 0.27109375 0.7546875 0.0359375 0.22578125
34 0.30703125 0.75703125 0.0359375 0.2234375
34 0.34296875 0.75390625 0.0359375 0.2234375
34 0.37890625 0.75234375 0.0359375 0.2234375
34 0.41796875 0.753125 0.0359375 0.22578125
34 0.45390625 0.753125 0.0359375 0.22578125
34 0.48984375 0.7515625 0.0359375 0.22578125
34 0.52578125 0.753125 0.0359375 0.22578125
34 0.56328125 0.7515625 0.0359375 0.22578125
34 0.6 0.753125 0.03828125 0.22578125
34 0.63671875 0.753125 0.0359375 0.228125
34 0.67265625 0.7546875 0.0359375 0.23046875
34 0.7078125 0.7546875 0.03828125 0.23046875
34 0.7453125 0.75625 0.03828125 0.23046875
34 0.78359375 0.75625 0.0359375 0.23046875
34 0.81953125 0.7546875 0.0359375 0.228125