34 0.20683209690235374 0.2125 0.2785078595655099 0.1265625
34 0.48341569256151207 0.67421875 0.30062852103089915 0.13125
34 0.4667770692011922 0.73828125 0.2989841338757694 0.1296875
34 0.4478765829960022 0.80078125 0.29265224672063966 0.128125
34 0.4267961211010716 0.86015625 0.29577724672063965 0.128125
34 0.4064150220510113 0.92109375 0.29108974672063964 0.128125
34 0.39190878675033236 0.959375 0.28550813206674713 0.08125
34 0.9438651074178033 0.146875 0.10244332654882307 0.10625
34 0.9356940812985215 0.1984375 0.11321705223856356 0.103125
34 0.27850013625061865 0.02265625 0.28049972749876273 0.0453125
34 0.26452616745828306 0.05078125 0.2771976650834339 0.1015625
34 0.24422363353708515 0.0953125 0.27842597241038014 0.125
34 0.22552786521971946 0.15390625 0.2802341338757694 0.1296875
34 0.6762548835370852 0.0953125 0.2989841338757694 0.1296875
34 0.675504611035848 0.05 0.27711577792830405 0.1
34 0.06686775893356989 0.87265625 0.13373551786713977 0.1109375
34 0.07549580845860004 0.82109375 0.1509916169172001 0.1296875
34 0.6593263331075438 0.15 0.2562234237898611 0.11875
34 0.6431380891004377 0.20546875 0.25614153663473155 0.1171875
34 0.6229207643606368 0.26328125 0.2578678109449909 0.1203125
34 0.5927519075086604 0.3171875 0.2911716338757694 0.1296875
34 0.5772220827688596 0.375 0.29108974672063964 0.128125
34 0.5570866451841885 0.43125 0.2958591338757694 0.1296875
34 0.5397077154014335 0.49453125 0.29750352103089917 0.13125
34 0.520189753506503 0.55390625 0.29750352103089917 0.13125
34 0.5021114608788777 0.615625 0.30062852103089915 0.13125
34 0.7380877459317295 0.97265625 0.19661605042954128 0.0546875
34 0.7546101826118894 0.940625 0.19923643939369332 0.1046875
34 0.7758544188170794 0.878125 0.19767393939369332 0.1046875
34 0.7929876871344451 0.81953125 0.20088082654882305 0.10625
34 0.8109840926069406 0.759375 0.20244332654882308 0.10625
34 0.8295979737691767 0.70234375 0.2025252137039529 0.1078125
34 0.8491568792416719 0.6421875 0.202525213703953 0.1078125
34 0.8678117039814728 0.584375 0.20244332654882308 0.10625
34 0.8804621901866628 0.521875 0.18994332654882307 0.10625
34 0.8896601277713339 0.465625 0.17711577792830405 0.1
34 0.8984895731579211 0.41640625 0.1648614393936935 0.1046875
34 0.9086734786304167 0.35625 0.15088082654882343 0.10625
34 0.9168854483272633 0.30390625 0.13969766508343398 0.1015625
34 0.9267418051792398 0.25 0.12571705223856355 0.103125
34 0.08716697082850046 0.7640625 0.17433394165700092 0.13125
34 0.09591785108622525 0.6984375 0.1918357021724505 0.13125
34 0.11169998134395002 0.63203125 0.22339996268790005 0.1296875
34 0.12337114371385045 0.57421875 0.2467422874277009 0.1296875
34 0.12953261250618597 0.51640625 0.25906522501237195 0.1265625
34 0.13565147670782296 0.44765625 0.2713029534156459 0.128125
34 0.1514441547951269 0.38984375 0.27530097241038015 0.125
34 0.17026275384518724 0.32890625 0.28483974672063966 0.128125