34 0.18905581870653063 0.33294378707186906 0.2613141847906915 0.09644255437207461
34 0.6317486319758538 0.6504840445234239 0.28019151878308046 0.10033155832640724
34 0.6444197283255322 0.7126166299986874 0.2801278517868859 0.09876905832640723
34 0.6554646576790163 0.7731230484777566 0.2770028517868859 0.09864172433401848
34 0.6633527535344033 0.832720882964437 0.2785016847906915 0.09714289133021303
34 0.6720220993897901 0.8923505509492144 0.2738141847906917 0.09695189034162972
34 0.6838164452451769 0.9518158038777831 0.2738141847906917 0.09636839224443391
34 0.6918172876405226 0.9793187213682689 0.26973417984777565 0.041362557263462205
34 0.8465712524714579 0.046194428439263 0.19314250494291585 0.03126854053191016
34 0.8554024244105684 0.07151276342023495 0.19205484882113658 0.08114120653952137
34 0.1452607618629981 0.062075530151786816 0.26192167984777565 0.07306872136826899
34 0.15248035425834386 0.10526711463846719 0.26600168479069153 0.09663355536065779
34 0.16414736612134195 0.16189911661563353 0.26125051779449715 0.09488005437207461
34 0.17034562798434005 0.21830828410611952 0.26125051779449715 0.09488005437207461
34 0.17966888984733814 0.2748447855889943 0.2614415187830803 0.09956755437207451
34 0.5445431788591926 0.07990494767945384 0.2801278517868859 0.09876905832640728
34 0.5236430884410131 0.04551536022702395 0.2629111768820262 0.05906988836446338
34 0.2964411206443283 0.9698296803420672 0.2573615138401644 0.06034063931586573
34 0.286001027754691 0.9319980523949083 0.26144151878308025 0.09956755437207469
34 0.5537391067298019 0.1333164491623286 0.24087435079830274 0.09248988342154751
34 0.5637162846004111 0.18675978414330055 0.24081068380210838 0.09092738342154752
34 0.5715407134596036 0.24479511862998096 0.24093801779449714 0.09405238342154751
34 0.5699583088206989 0.30166720113949497 0.2738778517868859 0.09851439034162972
34 0.5808122371855997 0.35748611961856414 0.27381418479069153 0.09695189034162972
34 0.5893542490485979 0.41399078760334174 0.2785653517868859 0.09870539133021299
34 0.6004310119001792 0.4752784560824108 0.27862901878308044 0.10026789133021285
34 0.6097861072612745 0.5325962075652856 0.2786290187830803 0.10026789133021285
34 0.6223617031166613 0.5923850430405491 0.28019151878308024 0.10033155832640724
34 0.9579888439154015 0.9617331982109263 0.08402231216919702 0.07052735870696836
34 0.9544672544858053 0.9108564477166349 0.09106549102838954 0.08478085969555131
34 0.9501962485543063 0.8529166137242461 0.0996075028913875 0.08191052768032883
34 0.9451439926228072 0.79650744623376 0.10971201475438548 0.08222886266130089
34 0.9408093196951139 0.7370051122413713 0.1183813606097722 0.08248353064607841
34 0.9349439802655176 0.6790016112527881 0.1301120394689647 0.08286553262324467
34 0.9290149738397269 0.617873110264205 0.14197005232054635 0.08324753460041094
34 0.9247758014063251 0.5638395262718162 0.15044839718734976 0.08506470258518864
34 0.9196598784786317 0.5043053587813302 0.16068024304273648 0.08538303756616053
34 0.9154047892961812 0.4478325242946498 0.1691904214076377 0.08388420456235508
34 0.9106794913684878 0.38817102281177507 0.17864101726302445 0.08388420456235499
34 0.9011592292769344 0.33310152083460876 0.18574118182494176 0.07932403855474383
34 0.8929355523949083 0.28440935284983115 0.18593218281352505 0.08401153855474383
34 0.882799207033813 0.2270597678688592 0.18593218281352505 0.08401153855474382
34 0.8728220291632036 0.17361643288788725 0.1888661818249421 0.0794513725471326
34 0.8637216017868858 0.12254868140501252 0.1919911818249421 0.07957870653952134
34 0.2781765988954985 0.8739627179082279 0.2677551857792747 0.10138472235685221
34 0.26472425254582005 0.8117982989348672 0.2677551857792747 0.10138472235685221
34 0.26345357121516966 0.7423307159310616 0.2676915187830803 0.0998222223568522
34 0.2541303093521715 0.6857942144481868 0.2785653517868859 0.09870539133021286
34 0.24324454748917343 0.6291940459691177 0.2675641847906915 0.09669722235685221
34 0.22807053364900898 0.5630597099995625 0.2583165187830804 0.09944022037968576
34 0.2187472717860109 0.5065232085166878 0.25818918479069153 0.09631522037968576
34 0.2085472594287212 0.44761112353571575 0.2660653517868859 0.09819605536065783