34 0.709375 0.78671875 0.05546875 0.2453125
34 0.3703125 0.40859375 0.05546875 0.2640625
34 0.309375 0.40546875 0.053125 0.2640625
34 0.25 0.4046875 0.053125 0.259375
34 0.1921875 0.40625 0.05078125 0.26171875
34 0.134375 0.40625 0.053125 0.25703125
34 0.0765625 0.4046875 0.053125 0.25703125
34 0.02421875 0.4046875 0.0484375 0.25703125
34 0.9578125 0.09609375 0.05546875 0.1921875
34 0.90625 0.0953125 0.05078125 0.1875
34 0.978125 0.7859375 0.04296875 0.25
34 0.9296875 0.7859375 0.053125 0.25
34 0.875 0.78359375 0.053125 0.2453125
34 0.8203125 0.78671875 0.053125 0.2453125
34 0.76484375 0.78671875 0.0578125 0.2453125
34 0.9234375 0.40234375 0.053125 0.2640625
34 0.97421875 0.415625 0.0484375 0.25
34 0.021875 0.7921875 0.04296875 0.25703125
34 0.07109375 0.7859375 0.0578125 0.24296875
34 0.12734375 0.78671875 0.0578125 0.2453125
34 0.871875 0.4015625 0.053125 0.22578125
34 0.81875 0.4 0.05078125 0.22578125
34 0.7640625 0.4015625 0.05546875 0.22578125
34 0.709375 0.4125 0.05546875 0.25703125
34 0.6546875 0.4109375 0.053125 0.25703125
34 0.6 0.4125 0.053125 0.26171875
34 0.540625 0.4109375 0.05546875 0.26171875
34 0.484375 0.4109375 0.05546875 0.26171875
34 0.4265625 0.40859375 0.05546875 0.2640625
34 0.03125 0.08984375 0.0625 0.1796875
34 0.08984375 0.0890625 0.0578125 0.17578125
34 0.146875 0.0890625 0.05546875 0.17578125
34 0.2015625 0.0890625 0.05546875 0.17578125
34 0.26015625 0.0875 0.0546875 0.175
34 0.3171875 0.0890625 0.05546875 0.178125
34 0.37421875 0.08984375 0.0546875 0.1796875
34 0.428125 0.08984375 0.05625 0.1796875
34 0.4859375 0.08984375 0.05625 0.1796875
34 0.54140625 0.08984375 0.0546875 0.1796875
34 0.59921875 0.08984375 0.0546875 0.1796875
34 0.65234375 0.09140625 0.0484375 0.1828125
34 0.7 0.09140625 0.053125 0.1828125
34 0.75625 0.0921875 0.053125 0.184375
34 0.80703125 0.09375 0.0484375 0.1875
34 0.85703125 0.0953125 0.0484375 0.1875
34 0.18359375 0.7859375 0.0578125 0.25234375
34 0.24453125 0.7890625 0.0578125 0.25234375
34 0.3109375 0.7796875 0.05546875 0.25234375
34 0.365625 0.7796875 0.053125 0.26171875
34 0.4203125 0.78125 0.053125 0.25234375
34 0.48515625 0.7859375 0.0578125 0.24296875
34 0.540625 0.7859375 0.05546875 0.24296875
34 0.5984375 0.7859375 0.05546875 0.25