34 0.21843011850380506 0.4370995033196497 0.07709824645662096 0.23946247579950325
34 0.2701017459084668 0.43992452147002237 0.0723561827542901 0.23787270472226432
34 0.32188250071779023 0.4458745396203949 0.07370042794496667 0.23163179508134402
34 0.3729365692294445 0.45339160295030734 0.06254467313564324 0.22531816256778664
34 0.4137525421876025 0.4586240036142373 0.06561510943331239 0.22377384328594588
34 0.4591741695922642 0.46148538320092836 0.06238098202865068 0.22063066256778666
34 0.506294706252753 0.46824392242853985 0.06517859981466553 0.21127384328594587
34 0.5502902429132419 0.4750206423743105 0.05887403611233459 0.20967498184962738
34 0.5909970884667383 0.4771280430382404 0.05887403611233459 0.20967498184962738
34 0.6279886569783925 0.4847269195998695 0.04911709019601869 0.19868293969514964
34 0.6624455025318887 0.48687068170011794 0.05380459019601869 0.1987102107723885
34 0.7008904436388812 0.49133546790266724 0.055312526493687744 0.19715680113146822
34 0.735565544001701 0.4997292300029157 0.05207839908902621 0.194013620413309
34 0.9758991061640103 0.8350526098841943 0.04820178767197945 0.2363011143631848
34 0.8312327080668516 0.509330968099059 0.05169645317271012 0.18307612041330898
34 0.864208899173844 0.513827570558387 0.05002482576804823 0.1799420300542293
34 0.8995015584296713 0.5175292874790955 0.056274825768048584 0.17997839149054773
34 0.9332317176854985 0.5212400947588838 0.046845262065717465 0.17836134933607006
34 0.9622198132389947 0.5234156731159109 0.04355657095872516 0.17365566861791085
34 0.04471727767481419 0.11714659338414173 0.06130955534962838 0.23429318676828345
34 0.09493553248413761 0.1232784187161067 0.08049606496827522 0.2465568374322134
34 0.15312997840045361 0.1335114158874363 0.07737106496827524 0.2472749757995032
34 0.20833583357259672 0.1480370033196497 0.07709824645662096 0.2394624757995032
34 0.567442993461396 0.27253599180857646 0.044171640651505584 0.10179884933607006
34 0.6007465667823737 0.28640759426790446 0.04260914065150558 0.10178975897699036
34 0.6344221623358701 0.28855590154769273 0.04250001324684405 0.09866475897699045
34 0.6682614489963589 0.29539170882748095 0.04260914065150558 0.10178975897699045
34 0.7003472626986897 0.2967678564663488 0.03915675843752044 0.09239657825883123
34 0.729526331210344 0.30441218482337584 0.03904763103285873 0.08927157825883122
34 0.7610491497219983 0.3120428776417835 0.04206350362819702 0.08616475897699045
34 0.79162702712666 0.31499061563973096 0.03893850362819702 0.08614657825883124
34 0.8231498456383143 0.3226213084581386 0.038938503628197195 0.08614657825883124
34 0.8530010367453069 0.32713609163562585 0.03882937622353566 0.08302157825883123
34 0.5688566713215447 0.1787587207313376 0.043516876223535304 0.08304884933607007
34 0.6027778035355299 0.18793827801112584 0.04233632213985139 0.09397725897699045
34 0.6374256220471841 0.19555079011137427 0.04217263103285873 0.08928975897699046
34 0.6697296905588385 0.20317693775024206 0.0420635036281972 0.08616475897699045
34 0.7020610409216581 0.2115843353891099 0.04206350362819702 0.08616475897699045
34 0.7328298912844777 0.2200008233870574 0.038938503628197195 0.08614657825883117
34 0.7628174916472975 0.2284218565645446 0.03893850362819702 0.08614657825883117
34 0.7958209646054555 0.23369970902387266 0.041845248818873595 0.07991475897699045
34 0.8265352512659444 0.24055369702182014 0.03872024881887377 0.07989657825883115
34 0.8556051923729371 0.2450730253788472 0.03872024881887341 0.07989657825883115
34 0.8802629411918105 0.32463326035173257 0.030416675497895795 0.06578862646343317
34 0.8833581701404183 0.2566326940949539 0.03247024881887377 0.0798602168225127
34 0.9077133293962454 0.2603980435292198 0.035595248818873416 0.07987839754067191
34 0.9050546100662846 0.34089860978599845 0.03247024881887377 0.0798602168225127
34 0.9311359604291042 0.34934236886118475 0.03592263103285873 0.08925339754067192
34 0.9345486479078996 0.2680560074248663 0.035540685116542646 0.078315897540672
34 0.9604390253125615 0.27103101650005257 0.03241568511654265 0.0782977168225127
34 0.9586161196849314 0.35308953757729145 0.03247024881887377 0.0798602168225127
34 0.9833135135633299 0.3537117062933982 0.03337297287334025 0.07989657825883115
34 0.9986433750424091 0.3590668268049029 0.002713249915181848 0.07976931323171658
34 0.9847110778562239 0.27555943521615933 0.030577844287552124 0.07676248789975162