34 0.8017354729162041 0.9859375 0.22431079528527037 0.01875
34 0.49660713296483594 0.77734375 0.22925516046291677 0.0578125
34 0.4965557830886705 0.728125 0.22591183664159917 0.053125
34 0.49572318321250497 0.67890625 0.219734611248705 0.0546875
34 0.49169280872923365 0.63125 0.214537688998964 0.04375
34 0.49038717390688 0.5921875 0.2115582382131757 0.046875
34 0.4900447256022911 0.54921875 0.208287688998964 0.04375
34 0.4873949146012551 0.50546875 0.20218323821317571 0.046875
34 0.4846723289931133 0.46328125 0.19883991439185814 0.0421875
34 0.48574683147431263 0.4234375 0.19883991439185814 0.0421875
34 0.4810978728306415 0.3890625 0.1889554921421172 0.03125
34 0.4818448895798645 0.35625 0.18924659057054055 0.0375
34 0.4796124555432993 0.3203125 0.18626713978475226 0.040625
34 0.47414585959607514 0.28671875 0.18455909057054054 0.0375
34 0.17388911021524772 0.040625 0.22649403349844605 0.065625
34 0.47208039950466196 0.196875 0.17362159057054066 0.0375
34 0.47044727895033206 0.16484375 0.1719135413563288 0.034375
34 0.46966818300310803 0.13125 0.17227741439185812 0.0421875
34 0.4679986751452251 0.1 0.17020549214211722 0.03125
34 0.4677097307695776 0.07265625 0.1638827175350112 0.0296875
34 0.7939979015760856 0.95078125 0.2387757096771285 0.0609375
34 0.7879876501283437 0.8953125 0.2387757096771285 0.0609375
34 0.7804148986806017 0.83984375 0.23550516046291675 0.0578125
34 0.7695715980186478 0.7875 0.22932793507002264 0.059375
34 0.6776239623677248 0.446875 0.09698631596343468 0.0359375
34 0.6673970918133948 0.41484375 0.09684076674922296 0.0328125
34 0.6665452212590649 0.3828125 0.09371576674922295 0.0328125
34 0.6633132134011821 0.3515625 0.09684076674922296 0.0328125
34 0.6639510682397463 0.32109375 0.08575771753501123 0.0296875
34 0.6582661484712047 0.2921875 0.08419521753501122 0.0296875
34 0.654180116006216 0.2625 0.08277826674922295 0.0328125
34 0.6531826962376742 0.23359375 0.08263271753501122 0.0296875
34 0.6490966637726856 0.20390625 0.08263271753501122 0.0296875
34 0.647317994004144 0.175 0.07950771753501122 0.0296875
34 0.7675404869748308 0.4453125 0.07979881596343467 0.0359375
34 0.7604386164205007 0.41328125 0.08902826674922296 0.0328125
34 0.7557532704732767 0.3796875 0.08434076674922295 0.0328125
34 0.7508859880082879 0.35 0.08277826674922295 0.0328125
34 0.745346617453958 0.31796875 0.08277826674922295 0.0328125
34 0.7396616976854163 0.2890625 0.08263271753501122 0.0296875
34 0.7347216406133218 0.2609375 0.08263271753501122 0.0296875
34 0.730671995451886 0.23046875 0.07652826674922295 0.0328125
34 0.7265495756833443 0.2015625 0.07638271753501122 0.0296875
34 0.7247709059148028 0.17265625 0.07638271753501122 0.0296875
34 0.6500812750213907 0.14921875 0.0621746683207995 0.0265625
34 0.7158154369320494 0.146875 0.07623716832079949 0.0265625
34 0.7137820560386373 0.1234375 0.07630994292790554 0.028125
34 0.6378552568244256 0.1265625 0.07623716832079949 0.0265625
34 0.6312071505381193 0.1015625 0.08412244292790554 0.028125
34 0.7086964497523309 0.0984375 0.07318494292790553 0.028125
34 0.7074807061624717 0.07421875 0.0731121683207995 0.0265625
34 0.6300641815553659 0.07578125 0.07623716832079949 0.0265625
34 0.6305200998761655 0.04921875 0.07638271753501122 0.0296875
34 0.6278874055005179 0.021875 0.07623716832079949 0.0265625
34 0.7055928744832713 0.04765625 0.07169521753501122 0.0296875
34 0.7014340674111768 0.01953125 0.07140411910658777 0.0234375