34 0.01171875 0.83671875 0.0234375 0.2203125
34 0.2265625 0.5296875 0.053125 0.22109375
34 0.27578125 0.528125 0.0484375 0.21875
34 0.3234375 0.52578125 0.05078125 0.2140625
34 0.371875 0.5203125 0.040625 0.209375
34 0.4109375 0.5171875 0.04296875 0.20703125
34 0.453125 0.51640625 0.040625 0.2046875
34 0.496875 0.5125 0.04296875 0.196875
34 0.5375 0.5078125 0.03828125 0.19453125
34 0.5765625 0.5078125 0.03828125 0.19453125
34 0.6109375 0.5015625 0.02890625 0.18515625
34 0.64375 0.5015625 0.03359375 0.18515625
34 0.67890625 0.49921875 0.0359375 0.1828125
34 0.7125 0.49375 0.03359375 0.18046875
34 0.9609375 0.1890625 0.0625 0.21875
34 0.8015625 0.48828125 0.03359375 0.1703125
34 0.8328125 0.4859375 0.03125 0.16796875
34 0.865625 0.484375 0.03828125 0.16796875
34 0.896875 0.48125 0.02890625 0.165625
34 0.92421875 0.48046875 0.0265625 0.1609375
34 0.0515625 0.828125 0.05546875 0.23046875
34 0.10625 0.8203125 0.05546875 0.23046875
34 0.1609375 0.8109375 0.053125 0.228125
34 0.2125 0.8 0.053125 0.22109375
34 0.5515625 0.6984375 0.03359375 0.09375
34 0.5828125 0.6875 0.03125 0.09375
34 0.6140625 0.6859375 0.03125 0.09140625
34 0.6453125 0.68125 0.03125 0.09375
34 0.675 0.68125 0.02890625 0.084375
34 0.703125 0.675 0.02890625 0.08203125
34 0.7328125 0.66953125 0.03125 0.0796875
34 0.7609375 0.66796875 0.02890625 0.0796875
34 0.790625 0.66328125 0.02890625 0.0796875
34 0.81875 0.66015625 0.02890625 0.0765625
34 0.5515625 0.78671875 0.03359375 0.0765625
34 0.5828125 0.7796875 0.03125 0.08671875
34 0.615625 0.7734375 0.03125 0.08203125
34 0.6453125 0.76796875 0.03125 0.0796875
34 0.6765625 0.76171875 0.03125 0.0796875
34 0.7046875 0.75546875 0.02890625 0.0796875
34 0.7328125 0.74921875 0.02890625 0.0796875
34 0.7640625 0.7453125 0.03125 0.07421875
34 0.7921875 0.740625 0.02890625 0.07421875
34 0.8203125 0.7375 0.02890625 0.07421875
34 0.8453125 0.6625 0.02421875 0.06015625
34 0.846875 0.728125 0.02421875 0.07421875
34 0.86953125 0.725 0.0265625 0.07421875
34 0.86875 0.65 0.02421875 0.07421875
34 0.89296875 0.6421875 0.0265625 0.08203125
34 0.89453125 0.71875 0.0265625 0.071875
34 0.91875 0.7171875 0.02421875 0.071875
34 0.91875 0.640625 0.02421875 0.07421875
34 0.94375 0.640625 0.02890625 0.07421875
34 0.971875 0.6375 0.02421875 0.07421875
34 0.94375 0.7140625 0.02890625 0.06953125
34 0.971875 0.709375 0.021875 0.06953125