34 0.5552040878249969 0.34325527080375656 0.19457826443793955 0.4210096200809595
34 0.7463603529503073 0.3962551973071512 0.19458735479701908 0.42257212008095946
34 0.8399739975641131 0.4246059266149363 0.19458735479701908 0.42257212008095946
34 0.9195342325369985 0.4506571715265536 0.15865894515609896 0.4222512155129753
34 0.971791624125742 0.4682441412234003 0.05394417407885967 0.4120772761192818
34 0.5716127994811482 0.8644375941310198 0.14235216822512733 0.27112481173796044
34 0.04366714500658919 0.7148747274987628 0.08733429001317838 0.29849945499752567
34 0.5013866578924044 0.8559545081406004 0.1423339875069681 0.28809098371879927
34 0.6503984131569618 0.3685628872666714 0.19456917407885985 0.41944712008095947
34 0.1542394680008631 0.7567490462456699 0.14862943930236625 0.3092598925821967
34 0.22524231441006695 0.7760999118040736 0.1376555778660477 0.3024366824962884
34 0.29310198010111155 0.7984120030522177 0.13923625858420702 0.3056435696514182
34 0.3617519861512357 0.8192025378779269 0.14235216822512733 0.3042448439616777
34 0.43352244702182013 0.8409380970138954 0.14235216822512733 0.3042448439616777
34 0.18234837080609237 0.22368424072774581 0.19457826443793946 0.4210096200809595
34 0.27514440398357964 0.25824402645796607 0.19457826443793946 0.4210096200809595
34 0.37188759377692515 0.28597728007601064 0.19300667407885985 0.4193652329258297
34 0.4639296480316514 0.3158086222286661 0.19457826443793952 0.4210096200809595
34 0.08481275713027872 0.7351363178423959 0.1376373971478885 0.2993116824962884
34 0.8916616790678393 0.9184489433504222 0.08870901775758924 0.1631021132991556
34 0.849528721222317 0.9072724259375677 0.14194310206654456 0.18545514812486452
34 0.7777037181972549 0.8967952713695834 0.14204309601642037 0.2064094572608332
34 0.7066645103517326 0.8856187539567288 0.1374646803253757 0.22876249208654223
34 0.6387412121471306 0.8759637929663094 0.142243083916172 0.24807241406738106