34 0.5933174847513228 0.721250369627742 0.18737525498009688 0.4197408491396784
34 0.7912947283255323 0.6919406404103932 0.18900142197629144 0.4213124394987579
34 0.8882506413673941 0.6753212878528694 0.1875025889724859 0.4228658491396784
34 0.9465088799615063 0.6593604654477707 0.10698224007698727 0.42416472872636923
34 0.629627786083286 0.1747162580932277 0.13728773026551763 0.3022897287263694
34 0.06420305733782412 0.272184072208707 0.11847406326932317 0.30061814441741397
34 0.5573853715585495 0.18444980639602543 0.13722406326932307 0.3007272287263695
34 0.6927763152836706 0.7085509026088376 0.18731158798390252 0.4181783491396782
34 0.19827696840251946 0.24640788826909396 0.14216623125410072 0.30700449980360833
34 0.2713006329272559 0.23667888514583596 0.13260023026551754 0.30226245764913057
34 0.3417895464634092 0.22224874648395856 0.13272756425790638 0.30538745764913056
34 0.41315521049385406 0.21016690300162097 0.13728773026551763 0.3022897287263694
34 0.48686462452429885 0.19809869505790284 0.13728773026551763 0.3022897287263694
34 0.2095910835724593 0.7916744155928488 0.18731158798390252 0.41665116881430253
34 0.3040122456257378 0.7711175176593933 0.18737525498009688 0.41974084913967824
34 0.40412499216569675 0.7552975958200286 0.1842502549800969 0.419722668421519
34 0.5002359882113641 0.737111198082965 0.18737525498009688 0.41974084913967824
34 0.126974971368269 0.26005223175143155 0.13253656326932317 0.3006999576491306
34 0.9125066116727176 0.1396519534457181 0.12501322334543516 0.2694135962128121
34 0.8416675296574953 0.14548834210759548 0.13646005931499056 0.28197722872636943
34 0.76929778114037 0.15209689041039326 0.13234556228073996 0.2960124576491306
34 0.7000848661213419 0.15950486943135028 0.13728773026551763 0.30228972872636944