34 0.5 0.69453125 0.09375 0.3796875
34 0.6875 0.6984375 0.09375 0.38203125
34 0.7796875 0.6984375 0.09375 0.38203125
34 0.87734375 0.7 0.0984375 0.38203125
34 0.96484375 0.7046875 0.0671875 0.39453125
34 0.6421875 0.203125 0.06953125 0.27421875
34 0.0953125 0.2015625 0.06953125 0.271875
34 0.5734375 0.2 0.06953125 0.271875
34 0.59375 0.6984375 0.09375 0.37734375
34 0.2328125 0.20078125 0.07421875 0.2765625
34 0.3015625 0.203125 0.06484375 0.27421875
34 0.36875 0.20078125 0.06484375 0.2765625
34 0.4359375 0.2015625 0.06953125 0.27421875
34 0.50625 0.2015625 0.06953125 0.27421875
34 0.1328125 0.70078125 0.09375 0.3796875
34 0.225 0.69453125 0.09375 0.3796875
34 0.31875 0.69609375 0.09140625 0.3796875
34 0.4109375 0.69453125 0.09375 0.3796875
34 0.1640625 0.2015625 0.06484375 0.271875
34 0.97578125 0.19921875 0.0484375 0.2765625
34 0.9171875 0.19921875 0.06953125 0.2765625
34 0.8453125 0.19921875 0.06953125 0.2765625
34 0.7765625 0.2015625 0.06484375 0.27421875
34 0.709375 0.2 0.06953125 0.27421875