34 0.502611523876981 0.6034967922280905 0.15702384863353913 0.29489862602253203
34 0.5997221368536725 0.6162802855641729 0.15077384863353913 0.2947167695960413
34 0.9380406255057452 0.33717884112009855 0.11147822485707444 0.37630173871722894
34 0.8714260443802191 0.32272754770487383 0.1738690974524129 0.3749953029821362
34 0.6993129090861911 0.6250893327403213 0.16031253974053178 0.2996770542357773
34 0.7721080906593548 0.3061060005287254 0.18658735226173614 0.3816090158351176
34 0.6733531321291671 0.29571172129926565 0.17872028855940555 0.37981919530200425
34 0.5732812102594682 0.2783316561764286 0.17748517077339052 0.3891487311953815
34 0.898167071337243 0.6520824270926182 0.1651091671451937 0.3029384465556454
34 0.15876733167368018 0.21390807264468442 0.1949454892850448 0.397461336368231
34 0.2665971898410482 0.23262331723440816 0.18513397966639794 0.3846885517284949
34 0.4707564109851076 0.2641447872135255 0.18217267077339053 0.3892851235152496
34 0.3705207980084162 0.25145222209068846 0.1803919159640671 0.3829896594086269
34 0.04019094646447016 0.5283235768013196 0.08038189292894032 0.29647784639736086
34 0.10129704973769675 0.5410305137900535 0.17135916714519345 0.3031203029821361
34 0.2060564716073956 0.5582741865930225 0.15718753974053176 0.299586126022532
34 0.7986308628070554 0.6417108799164698 0.15400797603820085 0.2979326978092868
34 0.3046204571794253 0.5741372158224823 0.15702384863353913 0.2948986260225322
34 0.40722710200728224 0.5859803347853854 0.15702384863353913 0.29489862602253203