34 0.5369583747023838 0.6076661008261558 0.16953021615168673 0.3009325613400783
34 0.6344244080884787 0.6245956512816428 0.164797252045064 0.29920637023308566
34 0.9530006310370969 0.36213776898283967 0.09399873792580635 0.38161707694917474
34 0.9053744394295095 0.341418530415585 0.1889909214828208 0.37965776206571755
34 0.7349245132613281 0.6382910743324681 0.17430864436493199 0.3042212524470706
34 0.8038884957768578 0.32071913921592526 0.20328074201593438 0.38796133538669525
34 0.7041469085506971 0.3062151843139346 0.19542277790931148 0.386126016875041
34 0.6041552687381115 0.2831174794119439 0.1956955625490476 0.39550101687504097
34 0.9229249949521815 0.6751660478387802 0.15415001009563695 0.3089087524470706
34 0.18566603002088256 0.20056175059056316 0.21154788308216102 0.40112350118112633
34 0.29503266983346815 0.22196424691995711 0.20024667022917955 0.39097720798203356
34 0.5011750212453939 0.264816401914615 0.19882056254904762 0.3956101442797027
34 0.39895329169936505 0.24570679256612063 0.19551370612255692 0.389251016875041
34 0.06406278081230539 0.5084374933765781 0.10712114436493207 0.30187501324684385
34 0.13181858214508888 0.5256225041763513 0.18538253668480015 0.3092906983633867
34 0.23806022195767448 0.5485019542690185 0.1696666084715548 0.30562006134007813
34 0.835651938967291 0.6597989973832933 0.16645068025830945 0.3023859339354164
34 0.3363984335570147 0.56852922287334 0.16953021615168673 0.3009325613400781
34 0.4401144669431096 0.5852405185195035 0.16953021615168673 0.3009325613400783