34 0.8353124735063122 0.162558489051223 0.32206351687504114 0.19723573323126709
34 0.7446849511889756 0.4790867558571369 0.3329464531727101 0.19611890220462785
34 0.7144394012816428 0.5856378447924416 0.32949407095872496 0.1866165682122391
34 0.6549205244251353 0.7932394391649537 0.3341270072563942 0.18524506920082223
34 0.626646702285284 0.8880081111040639 0.33875994355406325 0.18387357018940528
34 0.6853297654394607 0.6820008502296491 0.3325645072563942 0.1851814022046277
34 0.8105356735989794 0.2688867434998473 0.33768851687504087 0.197872403193211
34 0.7796725647986392 0.3707821659332491 0.33768851687504087 0.197872403193211
34 0.5244965137949981 0.08811083570381881 0.31704863466105593 0.17622167140763761
34 0.49290671869698877 0.18275156121779473 0.31715776206571766 0.1907947322426839
34 0.46349698249198684 0.2877083166550022 0.31715776206571766 0.1907947322426839
34 0.43263387369164663 0.38960373908840407 0.31715776206571766 0.1907947322426839
34 0.3993178874866447 0.4947196620160975 0.31074407095872497 0.1858525642579064
34 0.36683771498397366 0.5982412514456937 0.31704863466105593 0.1876697322426839
34 0.33433026063013715 0.7025440908752899 0.31403276206571756 0.19066739825029516
34 0.2976983014669773 0.8132560977953721 0.3251885168750411 0.19736306722365599