34 0.7208101156595663 0.8624862825819786 0.3122387215897858 0.1712632830537501
34 0.7796770064895264 0.5633389613435758 0.3075239480508355 0.16959168028020866
34 0.802958773535655 0.4643195798846868 0.3042353068171334 0.16014394509784752
34 0.8460088624180984 0.27025980214927015 0.3079822751638034 0.15869054787138914
34 0.8563960503243117 0.17227624382864512 0.2872078993513768 0.17860300436840304
34 0.8224842950460106 0.3739848674037493 0.3073330332781829 0.15865418028020856
34 0.7401583591667446 0.7619953201010411 0.3122387215897858 0.1712632830537501
34 0.760383310060249 0.6669549238245133 0.3122387215897856 0.1712632830537503
34 0.41266065056260237 0.8055700142489581 0.291789853895034 0.16297800436840298
34 0.4313231014561067 0.7105659855636108 0.2934069009729347 0.16613937195958356
34 0.4538508920411856 0.6131272879003121 0.2934069009729347 0.16613937195958356
34 0.47406220616521494 0.5173056416237843 0.2934069009729347 0.16613937195958356
34 0.49264283644186835 0.4176141129384371 0.28707508035608365 0.16130640159486126
34 0.5128132402574721 0.31944871666190927 0.291789853895034 0.16297800436840298
34 0.5322023940730758 0.22130150418097178 0.2902819009729347 0.16606663677722242
34 0.5514688169634031 0.11612304170003426 0.2981762215897856 0.17093597473312525