34 0.825 0.22421875 0.09609375 0.2859375
34 0.5296875 0.228125 0.09609375 0.28125
34 0.43046875 0.2265625 0.0890625 0.28125
34 0.2375 0.22421875 0.084375 0.2859375
34 0.1390625 0.22109375 0.10546875 0.2859375
34 0.340625 0.2265625 0.084375 0.28359375
34 0.7265625 0.22578125 0.09609375 0.2859375
34 0.63125 0.22578125 0.09609375 0.2859375
34 0.83125 0.52890625 0.09375 0.2671875
34 0.7375 0.53046875 0.09609375 0.2671875
34 0.640625 0.52890625 0.09609375 0.2671875
34 0.5453125 0.52890625 0.09609375 0.2671875
34 0.446875 0.53125 0.09375 0.26171875
34 0.35 0.53203125 0.09375 0.2671875
34 0.253125 0.53359375 0.09609375 0.2640625
34 0.1484375 0.5359375 0.10078125 0.271875