34 0.30751801715526583 0.30546875 0.30042120031656916 0.121875
34 0.3190943631569153 0.3640625 0.29394387978345576 0.1140625
34 0.3292446014784328 0.41796875 0.29394387978345576 0.1140625
34 0.33714201801319565 0.46875 0.2873756310370969 0.103125
34 0.3475195768678266 0.51484375 0.295460915676833 0.1125
34 0.3829425998290802 0.559375 0.24040970282385157 0.1
34 0.39389682020390904 0.6125 0.24040970282385157 0.1
34 0.6721488184880493 0.2859375 0.2876938797834557 0.1140625
34 0.42490146463534806 0.78203125 0.23563127461060632 0.096875
34 0.41081022090355424 0.83671875 0.28117109514371974 0.1046875
34 0.10152981228635019 0.69921875 0.18687552586424744 0.0859375
34 0.13742654519759137 0.86171875 0.19964831050398354 0.0953125
34 0.4134387789002553 0.71953125 0.23558581050398358 0.0953125
34 0.6636292763264658 0.2296875 0.2876938797834557 0.1140625
34 0.6551097341648824 0.1734375 0.28773934389007855 0.115625
34 0.6507010304831009 0.11015625 0.3036371285298145 0.125
34 0.6421814883215176 0.05390625 0.30313702335696496 0.1078125
34 0.6329572525072825 0.021875 0.305960494985435 0.04375
34 0.6838388247562556 0.340625 0.2971143438900782 0.115625
34 0.7196733731860452 0.4515625 0.17745506175762493 0.084375
34 0.7214344499873647 0.4984375 0.1679891335443795 0.08125
34 0.7103963469260863 0.68984375 0.2450062746106063 0.096875
34 0.7099273339939625 0.7328125 0.2273641335443795 0.08125
34 0.29911213526023905 0.2453125 0.3035462003165691 0.121875