34 0.36885712365470186 0.2747009522920175 0.3048373573197636 0.08787651550266684
34 0.3725129706353832 0.3364652049228535 0.2982234842842343 0.07969999445597953
34 0.37435160649119403 0.3926697022920175 0.29822348428423434 0.07969999445597953
34 0.3745185804363461 0.4464394443995097 0.2930265620344933 0.06848947867096396
34 0.37759223056018065 0.49570369703034567 0.30127570967712847 0.07831950497932319
34 0.4058478172017798 0.5503302838479311 0.24346320967712845 0.07495231029746474
34 0.4092125657540377 0.6058445364787671 0.24346320967712848 0.07495231029746474
34 0.742934632546042 0.3603772019390817 0.2920462588913402 0.08089847340929213
34 0.4136390082676584 0.7845232733245875 0.23863016046291677 0.07155429451244917
34 0.3910769576057046 0.8354109391378379 0.2869221112487049 0.07125045762427647
34 0.10937738564641389 0.6086385236069362 0.165047111248705 0.06415204721387227
34 0.12136161703516406 0.7823035367611157 0.17329625889134018 0.07398207352223149
34 0.41214497476921236 0.7189892785862593 0.238484611248705 0.06842929451244917
34 0.7425493347795722 0.3019199598315894 0.2920462588913402 0.08089847340929204
34 0.7429452870131026 0.24350822035493316 0.29219180810555195 0.08402347340929203
34 0.7477012535146568 0.1783382466632924 0.30647263192686935 0.08953002076433876
34 0.7516395827126578 0.11234152034081571 0.30647263192686935 0.08953002076433872
34 0.7525085698923762 0.0640860308641594 0.3110488159634347 0.05395654181102612
34 0.7464449303125116 0.4190164545699176 0.3014212588913402 0.08144450497932318
34 0.7652934377561097 0.5393212492941283 0.17918238585581073 0.06653359456891898
34 0.7605545878799442 0.588130475616605 0.16966183664159917 0.06286256299888784
34 0.7194330899468587 0.7758433072431059 0.24942211124870503 0.06906633134415223
34 0.7120957789458229 0.8190472756730747 0.23165241439185813 0.05556527346576168
34 0.37059725206691463 0.21169271807703308 0.3095248573197635 0.08814953128768241