34 0.275 0.6359375 0.0625 0.28828125
34 0.334375 0.6359375 0.05546875 0.28359375
34 0.3890625 0.6359375 0.05546875 0.28359375
34 0.43984375 0.6359375 0.0453125 0.27890625
34 0.4875 0.63515625 0.053125 0.2859375
34 0.5390625 0.609375 0.053125 0.23046875
34 0.5921875 0.6078125 0.053125 0.23046875
34 0.33046875 0.27890625 0.0578125 0.2765625
34 0.7640625 0.6078125 0.05078125 0.22578125
34 0.81484375 0.63125 0.0484375 0.271875
34 0.6171875 0.909375 0.05078125 0.18046875
34 0.78359375 0.903125 0.0578125 0.18984375
34 0.70078125 0.6078125 0.0484375 0.22578125
34 0.27421875 0.27734375 0.0578125 0.2765625
34 0.2171875 0.27578125 0.06015625 0.2765625
34 0.1546875 0.26875 0.06484375 0.290625
34 0.090625 0.2640625 0.06484375 0.290625
34 0.02890625 0.26171875 0.0578125 0.2984375
34 0.38671875 0.27734375 0.0578125 0.2859375
34 0.5015625 0.2625 0.05078125 0.16796875
34 0.54921875 0.26875 0.0484375 0.15859375
34 0.73359375 0.31328125 0.0484375 0.2359375
34 0.77578125 0.321875 0.0359375 0.22109375
34 0.2140625 0.634375 0.0625 0.29296875