34 0.2399201566041492 0.32639038182414487 0.13148237336031982 0.07152493145709168
34 0.23561775893356987 0.39362338445498085 0.13633364767057934 0.07492294724210709
34 0.20728696178338893 0.577527947595043 0.14414614767057934 0.07537797355046649
34 0.20055892695767982 0.6464599581183867 0.12539614767057933 0.0742859104104042
34 0.19082872286466537 0.7132302291650741 0.12531426051544958 0.0727234104104042
34 0.17760502657356705 0.7872137607351052 0.13049308344622812 0.08237142619541978
34 0.39289242763504834 0.186631389857827 0.1555749706013579 0.08539001038216934
34 0.38612344923177444 0.2563446503811707 0.15549308344622811 0.08382751038216937
34 0.3754482208285005 0.32628542405869404 0.15853619629109836 0.08244702090551304
34 0.37266737958035623 0.3942086714278581 0.1506418091359686 0.0804294945971538
34 0.3432012075995174 0.4660227582454436 0.16380355042954128 0.06406104195220053
34 0.3357704879026707 0.5186395240304591 0.16536605042954128 0.06415204721387227
34 0.3493958966545265 0.5856072161520688 0.15244997060135787 0.08520799985882554
34 0.33325191825125255 0.6558665082454437 0.16322369629109837 0.0827200366905286
34 0.32969647105564304 0.7534317529837719 0.17761374491161738 0.08978908404557515
34 0.3214878233850637 0.8208922687687874 0.16190685775648764 0.08731653142885669
34 0.7056037895754075 0.19412058226178536 0.15352114767057934 0.07592400512049755
34 0.8401049423343695 0.1987486271271704 0.12835737336031983 0.0713429209337479
34 0.698872432723431 0.24825434541596497 0.15031426051544958 0.07417949459715381
34 0.830988891904828 0.25380014817385776 0.1284392605154495 0.07290542093374794
34 0.7028738579836302 0.3056573217384416 0.15039614767057935 0.0757419945971538
34 0.8326465671650272 0.31133963238884227 0.1268767605154495 0.07281441567207611
34 0.7965552589335699 0.36095249551478703 0.18107293758467086 0.06662459983059081
34 0.7932355071245476 0.4094354981456229 0.18107293758467105 0.06662459983059077
34 0.6423657259168831 0.3901835111586282 0.13576043758467105 0.06398544724210717
34 0.6374834741078608 0.43875751905113597 0.13732293758467104 0.06407645250377918
34 0.8024157553155252 0.457190458683084 0.14340916327441144 0.061315473550466494
34 0.8135712613084192 0.5118401613280374 0.12630355042954128 0.061876915672076115
34 0.6489255851437088 0.4879384716960894 0.17161605042954128 0.06451606826055958
34 0.6481133576449459 0.5331599664344175 0.17317855042954128 0.0646070735222315
34 0.6222601865686183 0.5806187953594952 0.13559666327441153 0.06086044724210708
34 0.7983280416115723 0.5649119534214122 0.1466160504295413 0.06305998407380997
34 0.7642119911820311 0.6214195586548492 0.1782754862051899 0.07269258930724724
34 0.657685352217879 0.6774714085560272 0.15853619629109836 0.08244702090551322
34 0.794117497174925 0.6749771981597403 0.12843926051544957 0.07290542093374804
34 0.6622633095902538 0.7387351322476678 0.15352114767057934 0.07592400512049764
34 0.7925682852799942 0.7342611928980685 0.12687676051544977 0.07281441567207611
34 0.7924996862299339 0.7950166823747248 0.1397043091359688 0.07979245776545092
34 0.6519156298074988 0.8024259059251913 0.15869997060135788 0.08557202090551322
34 0.1173125734966054 0.18398932117374428 0.16190685775648758 0.08731653142885673
34 0.10215456298115581 0.2502968606362832 0.16190685775648758 0.08731653142885669
34 0.0984286974227521 0.3213906106362832 0.16791119629109832 0.08299305247554419
34 0.0948666061746079 0.3893593606362832 0.15853619629109833 0.08244702090551304
34 0.16972608604821987 0.49170383966018294 0.18312676051544957 0.07609060509226265
34 0.07191598569716368 0.5813949421921969 0.14383197139432735 0.08290204721387226
34 0.07280789970674426 0.6511614106221657 0.1456157994134885 0.08244702090551304
34 0.06870357587145459 0.7209656764071812 0.13740715174290918 0.08713452090551303
34 0.06026143345860004 0.792832971131392 0.12052286691720009 0.09182202090551321
34 0.2546930647901781 0.19312285551578565 0.13789614767057934 0.075013952503779
34 0.24282382858498805 0.25612338445498084 0.1397043091359686 0.07979245776545092