34 0.3265625 0.7641894982841404 0.0734375 0.13651181301126591
34 0.39453125 0.771635936922227 0.0765625 0.14129024122451134
34 0.58046875 0.8098586656103259 0.078125 0.14914820533113407
34 0.64921875 0.8196715863017239 0.078125 0.13039820533113405
34 0.71796875 0.833390756993122 0.075 0.13030727711788864
34 0.79140625 0.8495900700043879 0.0859375 0.13687552586424764
34 0.203125 0.6020040838609486 0.0890625 0.16040395407749272
34 0.27421875 0.6126664507122805 0.0875 0.16035848997087002
34 0.34375 0.6271896034569899 0.084375 0.16339256175762493
34 0.41328125 0.6331190062016991 0.084375 0.15558006175762476
34 0.484375 0.6672188730530312 0.0671875 0.1675799565847754
34 0.53671875 0.676554420624891 0.0671875 0.16914245658477522
34 0.60703125 0.6661003054229117 0.0890625 0.15727895407749273
34 0.678125 0.6861376722742436 0.0859375 0.1696880258642473
34 0.77734375 0.6937121430447839 0.0953125 0.1840233105039836
34 0.8453125 0.7058460816828704 0.0890625 0.16665395407749273
34 0.25078125 0.28542198911294026 0.0796875 0.15856866943775677
34 0.2734375 0.14936246865896918 0.0734375 0.133386813011266
34 0.30703125 0.29487119695135683 0.0765625 0.15535274122451134
34 0.3296875 0.16037417649738572 0.0765625 0.1350402412245114
34 0.36640625 0.29347383300301877 0.0796875 0.15544366943775678
34 0.38828125 0.16207908049573624 0.075 0.13186977711788872
34 0.43515625 0.2009430036944167 0.0703125 0.18485838479802066
34 0.484375 0.20706262305303116 0.0703125 0.18485838479802066
34 0.4453125 0.3590510203874641 0.0671875 0.1394549565847753
34 0.49453125 0.3659518897460786 0.0671875 0.1410174565847752
34 0.53515625 0.19916520651826827 0.0640625 0.14717652837152992
34 0.59140625 0.1906456643566848 0.065625 0.1300344924781526
34 0.54609375 0.3565147052646271 0.06875 0.17543792069139794
34 0.59296875 0.3602223784633075 0.06875 0.17856292069139795
34 0.6375 0.3888618555020539 0.0640625 0.13936402837152997
34 0.64453125 0.20859769398185596 0.065625 0.15034699247815267
34 0.6984375 0.24610370566033843 0.075 0.18343227711788865
34 0.7421875 0.3575329506457735 0.084375 0.16339256175762476
34 0.7578125 0.21814384171200035 0.0765625 0.13504024122451136
34 0.80625 0.35549072901730344 0.0796875 0.1585686694377567
34 0.81796875 0.22301920981697357 0.075 0.13186977711788872
34 0.88046875 0.2256190240818808 0.0828125 0.14615959765100212
34 0.86875 0.36902804328221067 0.0859375 0.16500052586424746
34 0.1640625 0.8821174811953816 0.0890625 0.16665395407749273
34 0.23125 0.8981349377801567 0.0890625 0.16040395407749272
34 0.303125 0.9064762866848002 0.084375 0.16808006175762494
34 0.371875 0.9147267073761981 0.084375 0.16339256175762457
34 0.48671875 0.8438495692129651 0.0796875 0.18981866943775677
34 0.565625 0.936521487859299 0.084375 0.12695702428140193
34 0.6375 0.9375671623116208 0.084375 0.12486567537675838
34 0.70703125 0.9432321406040085 0.0890625 0.11353571879198299
34 0.77890625 0.9536073509497074 0.0953125 0.09278529810058522
34 0.1921875 0.7430920851145897 0.078125 0.14289820533113406
34 0.2546875 0.7581918993794969 0.0828125 0.1445970976510022