34 0.6390625 0.24609375 0.053125 0.1203125
34 0.575 0.25 0.05546875 0.125
34 0.3984375 0.24375 0.05546875 0.13203125
34 0.33203125 0.2453125 0.0578125 0.11328125
34 0.2671875 0.24375 0.05546875 0.11328125
34 0.196875 0.240625 0.06484375 0.11796875
34 0.775 0.37734375 0.06484375 0.1421875
34 0.7078125 0.37890625 0.0625 0.1421875
34 0.640625 0.3765625 0.06015625 0.14453125
34 0.575 0.3828125 0.06015625 0.13671875
34 0.50625 0.36171875 0.04296875 0.1515625
34 0.45625 0.3609375 0.04296875 0.15390625
34 0.3921875 0.38203125 0.06484375 0.1390625
34 0.3234375 0.375 0.06015625 0.14921875
34 0.23046875 0.3828125 0.0671875 0.16328125
34 0.165625 0.3828125 0.06484375 0.146875
34 0.771875 0.68046875 0.05546875 0.1421875
34 0.76875 0.8109375 0.053125 0.11796875
34 0.71875 0.68046875 0.053125 0.1390625
34 0.715625 0.809375 0.05546875 0.11796875
34 0.6640625 0.69140625 0.05546875 0.1390625
34 0.6609375 0.8171875 0.05546875 0.115625
34 0.6125 0.7890625 0.04296875 0.16796875
34 0.565625 0.790625 0.04296875 0.16796875
34 0.58203125 0.6421875 0.0453125 0.125
34 0.53515625 0.64375 0.0453125 0.12734375
34 0.5203125 0.8046875 0.04296875 0.13203125
34 0.46796875 0.821875 0.0453125 0.115625
34 0.4890625 0.6609375 0.04296875 0.15859375
34 0.4453125 0.66484375 0.04296875 0.1609375
34 0.4 0.6453125 0.04296875 0.125
34 0.4171875 0.8140625 0.04296875 0.134375
34 0.36171875 0.7875 0.0484375 0.165625
34 0.30625 0.690625 0.06015625 0.14453125
34 0.3109375 0.8234375 0.05546875 0.11796875
34 0.2484375 0.70234375 0.05546875 0.1421875
34 0.2546875 0.828125 0.05546875 0.115625
34 0.1953125 0.8359375 0.06015625 0.12734375
34 0.1875 0.7 0.0625 0.14453125
34 0.775 0.1109375 0.06484375 0.146875
34 0.7109375 0.103125 0.06484375 0.146875
34 0.6421875 0.1078125 0.06015625 0.15390625
34 0.5765625 0.1125 0.06015625 0.14453125
34 0.4796875 0.19765625 0.05078125 0.1703125
34 0.3921875 0.10234375 0.06015625 0.1515625
34 0.325 0.115625 0.06015625 0.14453125
34 0.259375 0.115625 0.06484375 0.14453125
34 0.1890625 0.1078125 0.06953125 0.14453125
34 0.7671875 0.2453125 0.05546875 0.12734375
34 0.70625 0.240625 0.06015625 0.12734375