34 0.1796875 0.0578125 0.04296875 0.115625
34 0.2578125 0.84765625 0.040625 0.1203125
34 0.21875 0.84609375 0.03359375 0.1203125
34 0.2203125 0.05859375 0.0375 0.1171875
34 0.97109375 0.840625 0.0453125 0.134375
34 0.2125 0.67265625 0.040625 0.1609375
34 0.2515625 0.6703125 0.040625 0.15859375
34 0.509375 0.67265625 0.040625 0.1609375
34 0.5484375 0.6609375 0.03828125 0.17578125
34 0.97578125 0.675 0.0453125 0.165625
34 0.9796875 0.47109375 0.03828125 0.1703125
34 0.5453125 0.4734375 0.03828125 0.16796875
34 0.5046875 0.4734375 0.040625 0.16796875
34 0.2359375 0.47265625 0.040625 0.1703125
34 0.1953125 0.47109375 0.040625 0.1703125
34 0.553125 0.2578125 0.04296875 0.19453125
34 0.509375 0.259375 0.04296875 0.18984375
34 0.2328125 0.253125 0.04296875 0.196875
34 0.19375 0.2515625 0.03828125 0.19453125
34 0.553125 0.06015625 0.04296875 0.1203125
34 0.50859375 0.06015625 0.0453125 0.1203125
34 0.521875 0.84609375 0.03828125 0.1203125
34 0.5625 0.8453125 0.03828125 0.12265625