34 0.16253493479467593 0.9438505148307229 0.11802384134309048 0.07255677693097126
34 0.9481129727084525 0.6586201220636289 0.10377405458309497 0.07564541549465283
34 0.9538362613780889 0.6992769383204076 0.09232747724382229 0.06933178298109546
34 0.15186051678863074 0.8992601774967055 0.11795111600890866 0.06630677693097127
34 0.7938469274347226 0.7514429054375079 0.1806692920114541 0.08542039129415606
34 0.7808742127625411 0.710745182564871 0.1791067920114539 0.08541130093507636
34 0.7120583887253156 0.43614463748352705 0.1806692920114541 0.08542039129415606
34 0.6897379460534522 0.3977361224564124 0.197893154678545 0.08864538524403187
34 0.4911373613939972 0.4497021016737611 0.19006247334499946 0.08703743344863372
34 0.5025839387332697 0.4935157341873184 0.190080654678545 0.08859993344863373
34 0.5769866914385406 0.7783043455254409 0.191643154678545 0.08860902380771343
34 0.5860804281110404 0.8213230925003788 0.191643154678545 0.08860902380771343
34 0.26280382340067876 0.4975891140685971 0.21831474267981754 0.09813855991206691
34 0.2750589227402694 0.5437510417616942 0.21204656134627217 0.09653969847574846
34 0.34568269478035846 0.8394544272021178 0.22143974267981753 0.09815674063022613
34 0.35474006878576725 0.8793481741770558 0.21669769867918126 0.0934419695529872
34 0.06416687607413295 0.5464300932859458 0.1164795226766359 0.07411018657189175
34 0.07330606608049631 0.5933550902608837 0.12432838534372678 0.07728063836728971
34 0.8918362480505886 0.3778195739572229 0.13835452267663584 0.0742374515990063
34 0.8804078520448616 0.33556844144366554 0.14147952267663583 0.07425563231716562