34 0.27211792370575816 0.03220489790789977 0.06826415258848365 0.04760417549789594
34 0.12669859285571622 0.7950917891075596 0.07464993145709162 0.1304712392002269
34 0.08822762705658324 0.7835714465492882 0.06830892619541977 0.1286904843909033
34 0.3139414026590708 0.03992811787083288 0.06586719468185845 0.05999504809323423
34 0.8290360956277265 0.9514782314804965 0.08393392619541977 0.09704353703900707
34 0.1327497137329944 0.610553098000567 0.08804457352223158 0.17304068511654283
34 0.17227494531714296 0.6174132224100038 0.08786256299888784 0.16991568511654281
34 0.42410348485026894 0.6888343877410987 0.08648207352223163 0.17298612141421188
34 0.46642749274277673 0.6879638577040319 0.08886362087727821 0.18710318511654284
34 0.8802331165332395 0.8143602436310321 0.09144258930724725 0.17783731252120455
34 0.9358138005505798 0.6127630272962961 0.07122109456891898 0.1786904843909035
34 0.5179731241433986 0.5018825139646341 0.08684609456891898 0.17923612141421189
34 0.4771584083442656 0.4902803258528664 0.08840859456891899 0.17929068511654264
34 0.21282986881113963 0.41842265090312464 0.09015310509226264 0.18247024881887372
34 0.17362315564284256 0.40609377649368783 0.09171560509226265 0.18252481252120453
34 0.5865998397307701 0.2913468072485449 0.09942168927901225 0.20774306733052797
34 0.5433958713008012 0.28044402358328097 0.09749516823232476 0.201438503628197
34 0.2732268554451985 0.20133684382421574 0.09951269454068408 0.20930556733052788
34 0.23631838964606552 0.18987106496827522 0.09464318401734036 0.20601687622353534
34 0.6407622369164075 0.10065980906264346 0.07410389988706054 0.12109623920022683
34 0.5983850211172745 0.08900305724854493 0.07731990514873247 0.12276786660488852
34 0.38730289291218595 0.8636880548014743 0.0730874314570916 0.1304166754978958
34 0.4266461139729908 0.8736731792109111 0.07326944198043535 0.1335416754978958