34 0.24111084289298668 0.7000446731356431 0.4414991286090973 0.1200199003549706
34 0.24347081705743104 0.6002083642426358 0.4414991286090973 0.1200199003549706
34 0.24256032085715318 0.4940129279449666 0.4414991286090973 0.1200199003549706
34 0.24090494224805586 0.3893527097961321 0.441608231382639 0.1247074003549705
34 0.23850468123013915 0.2862277097961321 0.441608231382639 0.1247074003549705
34 0.23764873641663206 0.18237602349846296 0.4415718637914584 0.1231449003549705
34 0.23593880642076392 0.07537205534962838 0.4417900693385418 0.13251990035497047
34 0.7714827950215976 0.4125645867374576 0.3786718202884723 0.10377485226173633
34 0.7720477991056601 0.5039162730351269 0.37867182028847246 0.10377485226173633
34 0.7724855166205907 0.589799209332796 0.37867182028847246 0.10377485226173633
34 0.7730141531134727 0.6795883956304651 0.3787445554708334 0.10689985226173633
34 0.7751598409931256 0.7717758956304651 0.3756195554708334 0.10679072485707444
34 0.7688208816463201 0.8683507952676454 0.37580139342673624 0.11460322485707444
34 0.24127645668444514 0.8077753275821469 0.44171733415618064 0.1293949003549705
34 0.24533013668031325 0.9148611412844778 0.441608231382639 0.12470740035497059
34 0.7757104744487848 0.12466528265377363 0.38216049620027787 0.11950897966639795
34 0.7733868678755209 0.2260640915467811 0.38216049620027803 0.11950897966639795
34 0.7739518719595836 0.3174157778444502 0.38179682028847245 0.10388397966639804