34 0.703125 0.22578125 0.09375 0.4234375
34 0.60625 0.22890625 0.09375 0.4234375
34 0.503125 0.22890625 0.09375 0.4234375
34 0.40234375 0.22734375 0.0984375 0.4234375
34 0.30234375 0.22578125 0.0984375 0.4234375
34 0.2015625 0.22578125 0.09609375 0.4234375
34 0.0984375 0.22421875 0.10546875 0.4234375
34 0.396875 0.740625 0.08203125 0.36328125
34 0.4859375 0.740625 0.08203125 0.36328125
34 0.56875 0.740625 0.08203125 0.36328125
34 0.65625 0.740625 0.084375 0.36328125
34 0.7453125 0.74296875 0.084375 0.3609375
34 0.8390625 0.73671875 0.09140625 0.3609375
34 0.8078125 0.22578125 0.103125 0.4234375
34 0.91171875 0.22890625 0.0984375 0.4234375
34 0.11875 0.746875 0.09609375 0.365625
34 0.2171875 0.74375 0.09609375 0.365625
34 0.3046875 0.74375 0.08203125 0.365625