34 0.3529028751906248 0.2109375 0.21919424961875036 0.421875
34 0.45411988307440954 0.22578125 0.21988523385118092 0.4515625
34 0.5614959719802428 0.24453125 0.22028527735416717 0.46875
34 0.6671822743169442 0.26875 0.22500914494534766 0.4703125
34 0.7720873266536457 0.29296875 0.22500914494534746 0.4703125
34 0.8769378276035761 0.31953125 0.22344664494534783 0.4703125
34 0.933369012349097 0.3453125 0.12817051253652814 0.471875
34 0.5250388743376035 0.80390625 0.1903782653863196 0.3921875
34 0.43326960163617995 0.7859375 0.1906328385245836 0.403125
34 0.3462787479127077 0.7640625 0.19063283852458363 0.403125
34 0.2553998279848258 0.74140625 0.1937942061157642 0.4046875
34 0.1621407904657633 0.7203125 0.19372147093340314 0.4015625
34 0.08260790577583313 0.6890625 0.16521581155166626 0.403125
34 0.24303756592006928 0.1984375 0.22954986815986142 0.396875
34 0.13395350664951372 0.1859375 0.22271798670097254 0.371875
34 0.81555411835368 0.8421875 0.20265875341847242 0.315625
34 0.7143371104698952 0.82734375 0.2033497376509029 0.3453125
34 0.6208416836081592 0.81640625 0.19135888392743078 0.3671875