34 0.26171875 0.77109375 0.0671875 0.3390625
34 0.33046875 0.771875 0.0671875 0.33671875
34 0.39765625 0.7703125 0.0671875 0.34140625
34 0.8234375 0.1984375 0.06953125 0.353125
34 0.8921875 0.2 0.06953125 0.353125
34 0.53203125 0.7640625 0.0671875 0.34140625
34 0.46484375 0.7640625 0.0671875 0.34140625
34 0.60078125 0.7703125 0.0671875 0.34375
34 0.665625 0.765625 0.0625 0.34375
34 0.73125 0.7671875 0.06953125 0.34140625
34 0.8671875 0.765625 0.06953125 0.34375
34 0.684375 0.196875 0.06953125 0.353125
34 0.7546875 0.196875 0.06953125 0.353125
34 0.03046875 0.8625 0.0578125 0.16796875
34 0.02734375 0.7046875 0.0484375 0.16328125
34 0.0234375 0.5359375 0.04296875 0.16796875