34 0.2920899977366925 0.7987612337679456 0.376365505427067 0.15174905519228013
34 0.27269818860072387 0.7271589691574489 0.37480300542706696 0.15172178165332983
34 0.254950766619885 0.657091931008002 0.3779280054270669 0.1517763287312306
34 0.727323817842396 0.07779219176317978 0.3923180540475858 0.15558438352635956
34 0.7071441146538926 0.04240213961214424 0.38928822930778517 0.08480427922428849
34 0.22406153550307764 0.5153135340922572 0.37792800542706695 0.1517763287312306
34 0.24259020748391644 0.5853669354722288 0.3779280054270669 0.1517763287312306
34 0.2039703635222388 0.44528740625123575 0.3686348925821966 0.1531751874975285
34 0.19567982869652972 0.37661922686808674 0.35893234396167767 0.14676154626382648
34 0.1835239874483855 0.30880048133231364 0.3421542797373264 0.15427403733537276
34 0.1627500627540132 0.16606355641339152 0.3156736668924562 0.15537288717321696
34 0.7669705732694628 0.22120188068698582 0.392318054047586 0.15827179058178364
34 0.7474968769783644 0.1480371160764892 0.392318054047586 0.15827179058178364
34 0.5974369962663545 0.9701553981368563 0.18181656603337365 0.043761456979289196