34 0.18847565095851754 0.2395749123284377 0.136538505460949 0.37500261284152786
34 0.2612137141902341 0.22720350531833358 0.1365294151018694 0.37344011284152784
34 0.33315689188333125 0.21715766451263918 0.13655668617910824 0.37812761284152796
34 0.8917940101553409 0.7599193135420494 0.14288849941082482 0.39233558320625017
34 0.9450053685665972 0.7463120616421883 0.10382599941082482 0.39142639342673624
34 0.4777926810127468 0.20255291669684067 0.13655668617910824 0.37812761284152785
34 0.4058449581401099 0.21338000750253508 0.13655668617910824 0.37812761284152796
34 0.5497313135263042 0.19328832589114628 0.13803737294739166 0.3641014804327084
34 0.6192852894240032 0.19100043369868108 0.13330442115199367 0.3561798776591668
34 0.6896386960398615 0.18560572530180613 0.1394726079202769 0.342262848023889
34 0.8342381237329587 0.17725097748600765 0.14089875253408266 0.3188617156150696
34 0.7439786788714475 0.7838263261754868 0.14288849941082482 0.39233558320625017
34 0.8190559469236243 0.7722907205521535 0.14288849941082482 0.39233558320625017