34 0.17118323369633912 0.8201256267580208 0.084785107920277 0.33954428903121964
34 0.5391943102066545 0.021206337726800972 0.08151362041330898 0.042412675453601945
34 0.669649424668035 0.01847624746591722 0.07679884933607006 0.03695249493183444
34 0.7485602198475748 0.019030238488926775 0.07837043969514959 0.03806047697785355
34 0.5374959757013074 0.13047121165615133 0.08226812021691714 0.17547269867214013
34 0.6101522257013073 0.1300485099589491 0.08230448165323559 0.18172269867214014
34 0.6820226805217675 0.12884910344128667 0.07761698165323558 0.18169542759490126
34 0.7507544998036083 0.1253241276417835 0.08228630093507654 0.17859769867214012
34 0.5432152314568439 0.3077876905789124 0.07916130093507637 0.17857951795398092
34 0.6158669362773042 0.3065837388817102 0.07916130093507653 0.17857951795398092
34 0.686161255559145 0.30304967272312744 0.07288402985783762 0.17385565651766247
34 0.7525584152000653 0.3011008324622437 0.07602721057599666 0.1769988372358217
34 0.8231607649289188 0.08443706987101594 0.07757152985783762 0.1688741397420319
34 0.8895670149289188 0.08423708197126437 0.07288402985783762 0.16847416394252873
34 0.9520488342107596 0.080930274789672 0.07284766842151917 0.161860549579344
34 0.5556617310640604 0.5670990580653552 0.07916130093507653 0.17857951795398092
34 0.30942812226002064 0.8130711299794745 0.08478510792027709 0.33954428903121964
34 0.23912925779864008 0.8158239461380574 0.08478510792027708 0.33954428903121975
34 0.10241050779864007 0.8166193525575238 0.08482146935659554 0.3457942890312197
34 0.04149573369633912 0.8208801265616289 0.06608055971567514 0.3472477047222643
34 0.9524356953524904 0.27884351650005257 0.07164878278470396 0.23009656615858276
34 0.8930697857115699 0.2807514501450781 0.07320219242562445 0.22854315651766247
34 0.8266680808911099 0.28191904040596183 0.07788969242562409 0.2285704275949012
34 0.7144650802037388 0.7364934317983136 0.08225902985783762 0.17391019867214014
34 0.6386974657423583 0.7392780642136751 0.07913402985783762 0.1738920179539809
34 0.5652736012809777 0.7420490610904172 0.08538402985783762 0.17392837939029918
34 0.7743890051663614 0.5619201577942087 0.07133971057599667 0.17697156615858275
34 0.7048486648072818 0.5607621787732516 0.08541130093507636 0.17861587939029935
34 0.6290810503459012 0.563546811188613 0.08541130093507654 0.17861587939029935
34 0.5693212727275588 0.900624630372258 0.07583631303532493 0.1441863372358217
34 0.6388297968298599 0.8963138593932151 0.07583631303532493 0.1441863372358217
34 0.7106957064707802 0.8943332028755526 0.08054199375348396 0.14733860831306062
34 0.7849008209321608 0.8915576608192708 0.08054199375348396 0.14733860831306062
34 0.8435844327612628 0.6380826819947055 0.07482832493918182 0.23948974687674215
34 0.8495627637505685 0.8599304109174666 0.06525333703942984 0.20506020472226433
34 0.897390688811387 0.6205815646064586 0.05602378278470397 0.23000566256778648
34 0.9010025439029935 0.8385366790678394 0.055887427398509715 0.20656816256778673
34 0.9504929629136878 0.6163662423977516 0.07164878278470396 0.23009656615858276
34 0.9564440228257547 0.8335264713205127 0.07153060811666875 0.20978406615858275
34 0.9950549874087724 0.8231293268049029 0.009890025182455275 0.22351931323171675
34 0.7831968994855796 0.7329684559988106 0.07290221057599666 0.1769806565176623