34 0.1484375 0.8015625 0.0625 0.30546875
34 0.509375 0.05546875 0.071875 0.1109375
34 0.628125 0.05546875 0.06953125 0.1109375
34 0.6984375 0.0578125 0.06953125 0.115625
34 0.50390625 0.1921875 0.0671875 0.15625
34 0.56953125 0.19453125 0.0671875 0.1609375
34 0.634375 0.19609375 0.0625 0.1609375
34 0.69609375 0.1953125 0.0671875 0.15859375
34 0.503125 0.353125 0.06484375 0.15859375
34 0.56875 0.3546875 0.06484375 0.15859375
34 0.63125 0.353125 0.06015625 0.15625
34 0.6921875 0.3546875 0.0625 0.15859375
34 0.7640625 0.1328125 0.0625 0.21171875
34 0.8234375 0.134375 0.06015625 0.21171875
34 0.88125 0.13125 0.06015625 0.21171875
34 0.5046875 0.5875 0.06484375 0.15859375
34 0.2734375 0.8 0.0625 0.30546875
34 0.209375 0.8 0.0625 0.30546875
34 0.0859375 0.7953125 0.0625 0.31015625
34 0.02734375 0.796875 0.0546875 0.3125
34 0.92890625 0.340625 0.0578125 0.20703125
34 0.8734375 0.340625 0.05546875 0.20703125
34 0.81953125 0.34140625 0.0578125 0.2046875
34 0.759375 0.33984375 0.0625 0.2046875
34 0.93984375 0.1328125 0.0578125 0.21171875
34 0.64140625 0.7453125 0.0671875 0.15390625
34 0.5734375 0.7453125 0.06484375 0.15390625
34 0.50625 0.7453125 0.06953125 0.15390625
34 0.70234375 0.590625 0.0578125 0.15859375
34 0.6390625 0.5875 0.06953125 0.15859375
34 0.5703125 0.5875 0.06953125 0.15859375
34 0.5046875 0.8890625 0.0625 0.12734375
34 0.5671875 0.8875 0.0625 0.12734375
34 0.63203125 0.88828125 0.0671875 0.1296875
34 0.69921875 0.88828125 0.0671875 0.1296875
34 0.7609375 0.66171875 0.06015625 0.2140625
34 0.7578125 0.86171875 0.05078125 0.1828125
34 0.8109375 0.646875 0.04296875 0.20703125
34 0.80625 0.84375 0.04296875 0.18515625
34 0.859375 0.6453125 0.05546875 0.20703125
34 0.85625 0.8421875 0.05546875 0.1875
34 0.921875 0.83515625 0.06015625 0.2015625
34 0.703125 0.7453125 0.06015625 0.15859375