34 0.22872466087269228 0.8504625665513663 0.32812930810555185 0.0690782946885605
34 0.9724701211735024 0.46080658880695546 0.05505975765299524 0.07699883723582168
34 0.9695591368892682 0.33424408880695544 0.060881726221463595 0.07387383723582168
34 0.9654687963187275 0.2592577243455749 0.06906240736254503 0.07390110831306043
34 0.860295568649522 0.46777927235378514 0.16897263192686934 0.07283857806243947
34 0.8546769613297582 0.3974804078924045 0.17522263192686935 0.072874939498758
34 0.8499123786171005 0.3287394982514841 0.17493153349844598 0.06662493949875792
34 0.8476007078151018 0.26232870307194434 0.17209763192686944 0.07285675878059869
34 0.6892382059530748 0.46955591667300317 0.1719520827126578 0.0697317587805987
34 0.6844372359368641 0.4000337570320829 0.1719520827126578 0.0697317587805987
34 0.6820527905277594 0.332060461852543 0.16860875889134022 0.06502607806243947
34 0.6782877816364191 0.26800250703208284 0.1718065334984459 0.0666067587805987
34 0.8990967795695045 0.19088497424737905 0.20180644086099092 0.06840560811666876
34 0.8968964247309404 0.12760826942691886 0.20620715053811917 0.06372719847574841
34 0.8970034325888232 0.06588042906783924 0.2059931348223536 0.06527151775758915
34 0.4391654313459689 0.46944787412574207 0.1719520827126578 0.0697317587805987
34 0.2240649319651415 0.7168597261922867 0.32812930810555196 0.0690782946885605
34 0.22726701467779922 0.7856097261922865 0.32812930810555185 0.0690782946885605
34 0.23728633167469124 0.9168370002945876 0.33437930810555183 0.06911465612487895
34 0.23841649213760796 0.9746585906536673 0.33663101282028157 0.05038283684303835
34 0.6808518937136937 0.02334328205773967 0.22264128742738745 0.04668656411547934
34 0.6833626176588459 0.07495194380036628 0.22464043507002246 0.06066583098930571
34 0.6852376408182096 0.1319877389799061 0.22166098428423417 0.06377265027114647
34 0.6897838997095498 0.19604114862082647 0.2218065334984459 0.06689765027114647
34 0.8953488873035529 0.017231389152856717 0.20930222539289423 0.03446277830571343
34 0.26282975558157123 0.3243404280858806 0.16741013192686943 0.07282948770335987
34 0.2662137748119936 0.39699667808588057 0.1672645827126577 0.06970448770335987
34 0.26952501943531015 0.46809042808588064 0.16755568114108116 0.07595448770335977
34 0.42621585938667816 0.2585285548439013 0.17166098428423435 0.0634817587805987
34 0.43247016749223005 0.3256978741257421 0.17224318114108125 0.0759817587805987
34 0.43589057402620535 0.39913537412574207 0.1722431811410811 0.0759817587805987
34 0.11729043134596892 0.4713204880961433 0.138994033498446 0.0664158612399266
34 0.11572362324041707 0.4041238977370637 0.138994033498446 0.06641586123992678
34 0.11174029052775933 0.3353784429166035 0.14084763192686944 0.0726749515990063
34 0.1083926586008899 0.26350344291660355 0.14084763192686944 0.0726749515990063
34 0.34670598779889095 0.19569273243880256 0.23110875889134014 0.06538969242562417
34 0.1336066743166556 0.2008398164531704 0.19778683664159918 0.05426129488495217
34 0.35989303846084475 0.1432580788480064 0.22405823821317572 0.048165830989305734
34 0.14999149958571523 0.14994948214421497 0.19905823821317573 0.04802038524403183
34 0.35905397642635145 0.09168648848892677 0.22464043507002263 0.06066583098930574
34 0.14982452564056314 0.09602959660559555 0.2027654350700226 0.06053856596219105
34 0.1545077175350113 0.02955568979334554 0.2183904350700226 0.05911137958669108
34 0.26051808477957233 0.2579296329063408 0.17173375889134013 0.06504425878059869