34 0.9518653430321485 0.7373834295999006 0.09626931393570289 0.41733591567683315
34 0.8524195533113407 0.7571085593833563 0.188246775402029 0.4066999440483629
34 0.71307590848419 0.7783650969260864 0.16747963433580218 0.3904839106622681
34 0.5908515674971055 0.7967777792959667 0.1577409214828208 0.3777111260225322
34 0.2782977432030684 0.8308933326738142 0.12347357007089492 0.32675637978345556
34 0.4746499059769076 0.8071961052393565 0.1495192445232167 0.3634213054894186
34 0.19495404578949316 0.8419194123781277 0.11203596489804549 0.3092506310370968
34 0.9111534545064577 0.20015231495823485 0.17769309098708455 0.4003046299164697
34 0.7797031865265156 0.21970549927508415 0.17087741897553813 0.3999498388755135
34 0.6548539507122806 0.25539660985821 0.15989445486891576 0.3980690901291547
34 0.5429820880175836 0.30713025758835444 0.14073527790931148 0.3834610208496826
34 0.44216974577685786 0.3358666745188287 0.13683738809672588 0.35680759263643724
34 0.37340565472326637 0.8210887721698308 0.1301327470304992 0.34100073620994636
34 0.35001934969606613 0.3666967888628782 0.12227478292387647 0.33921091567683304
34 0.2649229356685857 0.39810356472712566 0.12043949828414036 0.3297904515702104
34 0.18768448574772806 0.4308455200582597 0.10950199828414035 0.3294722028238516