34 0.2625982983290324 0.940445779059958 0.4191903517868859 0.10928198326451408
34 0.23509006365207163 0.8693863285849879 0.4249840484405755 0.251469483264514
34 0.20400584281527526 0.7330294267305373 0.4052790434976597 0.22704933740295702
34 0.18575648614124501 0.615217806988262 0.37151297228249003 0.2184998530067892
34 0.14366247528542064 0.3070644702626736 0.2873249505708413 0.17649605947465288
34 0.17200103950614593 0.4999170335825136 0.34400207901229185 0.20641593283497275
34 0.12962915019028043 0.22272709181397107 0.25925830038056086 0.16079581637205784
34 0.7800669826254324 0.8299111550222695 0.37721771049385405 0.2271378686106214
34 0.7671915923209837 0.7058528573062617 0.4134098784786316 0.2352712731786056
34 0.7268132845260491 0.5871338348050245 0.4176517095052709 0.22457943464399505
34 0.666203389772976 0.48662590174290915 0.39950920456235506 0.20024117593756774
34 0.6296530775294171 0.3887549677762827 0.37431820357377177 0.19424348145549164
34 0.15512921589388048 0.39933717944407066 0.31025843178776097 0.18570064111185863
34 0.5926252628144002 0.3026027838096563 0.354931533611828 0.17763583559393464
34 0.5546251971108002 0.22117904342059475 0.3454291996194391 0.17401951266315618
34 0.5155573799243254 0.146827496609098 0.34342103064607843 0.1630001255080264