34 0.773019345886301 0.9117574071531479 0.37076395861557004 0.17648518569370425
34 0.7756607462704137 0.7856082076057046 0.3818585888732951 0.23756008188408834
34 0.7795747195853051 0.63620752108794 0.38844278154634876 0.2144864549196175
34 0.7832463534610745 0.5063744718737283 0.3942014586155702 0.20540255334804094
34 0.7654911239261467 0.1727057932138465 0.36567366689245606 0.16666538502724135
34 0.7772154387163248 0.38235477501688137 0.39214763568479166 0.1959547787409351
34 0.7610326752601992 0.09339928287476426 0.3498096494796016 0.13163541356328862
34 0.23347216700805715 0.9279452175350112 0.4530098925821967 0.14410956492997756
34 0.23139176786713977 0.8299594435470781 0.4403328301668677 0.22313801695411078
34 0.24250408751855793 0.6926413800648425 0.43507212008095947 0.2119821931327932
34 0.2726972778167625 0.5648267491714305 0.418300699909143 0.18937944706173476
34 0.28089595940853973 0.45321716108208926 0.38993003844375373 0.1833820041338292
34 0.7727503459978425 0.2732879900706934 0.37545810266810486 0.17491453266987647
34 0.29333176164710334 0.3504196468140656 0.3718417797373264 0.16539398345566472
34 0.307002515265148 0.2539449071531478 0.36238489258219664 0.16339483581302963
34 0.32412913952997896 0.1662458540099947 0.36024918249628846 0.15238456120592375