34 0.949859678165333 0.2781786431408678 0.10028064366933406 0.39902837334017516
34 0.861285922076253 0.2487360619551703 0.22562293181548582 0.3950226502711464
34 0.7169768145277711 0.21586849891984547 0.20026837580913118 0.37456470452587265
34 0.5914722540571897 0.18623502019347607 0.1922376874975285 0.36201925273047453
34 0.26958757142762996 0.13905445140261463 0.15167514285525988 0.27585449375348403
34 0.47166826866768635 0.1699146077238853 0.18083653733537272 0.3353931202169172
34 0.18106085957707685 0.12447834611461624 0.1402467191541537 0.24766586123992673
34 0.8903927694784652 0.8022407735131256 0.21921446104306952 0.3955184529737486
34 0.7534668827056948 0.7847730350241989 0.21364112905554206 0.4246374273985095
34 0.6260861765371846 0.7371617159387499 0.20418430843869118 0.41989538524403186
34 0.5148253482096958 0.6732395956236369 0.17891157304918776 0.4041249394987581
34 0.40948328327488764 0.6351305415653025 0.1737331493480816 0.37597266842151916
34 0.36668075973923264 0.15211805366555092 0.16148651947846523 0.30090903590796175
34 0.3166139448011292 0.5955317103796051 0.15780814041962782 0.35869426483072286
34 0.2284321063273707 0.5559601502711464 0.15608199918592583 0.3493101744716433
34 0.14802185754518668 0.514090291958086 0.14511722564697543 0.347684041958086