34 0.06015625 0.20078125 0.1203125 0.4015625
34 0.1921875 0.19453125 0.146875 0.3890625
34 0.33125 0.1875 0.12734375 0.375
34 0.45078125 0.18125 0.1203125 0.3625
34 0.76015625 0.16796875 0.0890625 0.3359375
34 0.565625 0.1796875 0.11328125 0.35546875
34 0.84609375 0.1640625 0.0796875 0.32421875
34 0.0734375 0.74375 0.146875 0.39453125
34 0.21328125 0.7296875 0.1296875 0.38203125
34 0.33828125 0.70703125 0.1203125 0.3796875
34 0.45 0.6671875 0.10078125 0.36796875
34 0.553125 0.6484375 0.10078125 0.34140625
34 0.66875 0.171875 0.09609375 0.34375
34 0.6453125 0.62734375 0.08671875 0.3265625
34 0.7328125 0.60546875 0.08671875 0.3171875
34 0.81328125 0.58046875 0.0765625 0.3171875