34 0.8109375 0.790625 0.134375 0.30546875
34 0.05390625 0.1671875 0.1078125 0.31953125
34 0.3046875 0.178125 0.12734375 0.30078125
34 0.296875 0.78125 0.134375 0.30546875
34 0.4265625 0.7875 0.12734375 0.303125
34 0.1640625 0.7859375 0.13671875 0.31484375
34 0.0484375 0.784375 0.09609375 0.31484375
34 0.93984375 0.48984375 0.1203125 0.2984375
34 0.8109375 0.48671875 0.134375 0.2984375
34 0.68125 0.48828125 0.12734375 0.2984375
34 0.553125 0.48984375 0.12265625 0.2984375
34 0.43125 0.48671875 0.12265625 0.2984375
34 0.303125 0.48046875 0.13203125 0.2984375
34 0.16875 0.48046875 0.13671875 0.2984375
34 0.05078125 0.47578125 0.0984375 0.2984375
34 0.9375 0.18671875 0.125 0.2984375
34 0.8125 0.184375 0.125 0.30078125
34 0.6890625 0.18125 0.12265625 0.303125
34 0.56328125 0.1828125 0.1296875 0.303125
34 0.43359375 0.17890625 0.1296875 0.3078125
34 0.1734375 0.17421875 0.134375 0.3078125
34 0.9390625 0.79375 0.11796875 0.31015625
34 0.6796875 0.7890625 0.12734375 0.30078125
34 0.5515625 0.7890625 0.12734375 0.30546875