34 0.15766382764096026 0.76328125 0.26222938045579797 0.2234375
34 0.8793028394295963 0.1515625 0.24139432114080747 0.1875
34 0.84586028114037 0.40390625 0.30827943771926 0.2171875
34 0.23820163144438117 0.228125 0.3670442144481868 0.2265625
34 0.20223890961900165 0.36171875 0.35884971247102043 0.2171875
34 0.26816902125453823 0.10078125 0.36758804250907645 0.2015625
34 0.29730342292769346 0.0296875 0.3477318458553869 0.059375
34 0.398388281214732 0.93828125 0.3315921926993569 0.1234375
34 0.4266950119373602 0.846875 0.357541880455798 0.2234375
34 0.4555309832684481 0.7109375 0.355661045474826 0.215625
34 0.4844624550938277 0.57734375 0.35390754448624284 0.2109375
34 0.516805428402082 0.45078125 0.35390754448624284 0.2109375
34 0.5536130672236558 0.31875 0.3574782134596035 0.221875
34 0.5853830375661606 0.178125 0.3576055474519924 0.225
34 0.6178679323192335 0.07421875 0.34198586463846714 0.1484375
34 0.717980539617689 0.978125 0.32990767589344294 0.04375
34 0.7442127757775246 0.9125 0.3555682035737718 0.175
34 0.7773515865382088 0.80546875 0.3602212114824372 0.2125
34 0.8063467253597827 0.6734375 0.36210204646340927 0.2203125
34 0.8290507952276801 0.53984375 0.3418984095446397 0.221875
34 0.8617452663116223 0.26796875 0.2765094673767553 0.2265625
34 0.14223909889549852 0.8640625 0.21991986364988403 0.14375
34 0.1691849649796594 0.62421875 0.29622237847863164 0.2140625
34 0.18408577030313614 0.49140625 0.3369747124710204 0.2171875