34 0.1658178792170963 0.8501115834877787 0.3253465400222717 0.1753571863824873
34 0.8043784173297274 0.015513350278001695 0.3443681653405452 0.03102670055600339
34 0.8086733766311379 0.23337290663912041 0.34089881468809 0.16965282340579568
34 0.15740287265277336 0.2819617842134181 0.3148057453055467 0.17670143157316376
34 0.15576709997613747 0.4241765660645836 0.31153419995227494 0.16727186787083284
34 0.154360235996182 0.13444194346924526 0.308720471992364 0.17799111306150944
34 0.15228920599936366 0.03671875 0.3045784119987273 0.0734375
34 0.49203438653727866 0.9355554878494644 0.33546588001272665 0.10542663229880311
34 0.49022753321932344 0.8223833652541261 0.3409897213558171 0.17746532340579577
34 0.48252521590550435 0.6789607474681112 0.33933631468808995 0.169598259703465
34 0.4747956265913671 0.5378818796820963 0.3392817706874537 0.164910759703465
34 0.47324331194304803 0.4028347570867581 0.3392817706874535 0.16491075970346497
34 0.47410747262891084 0.26145578893792354 0.34097154002227176 0.17590282340579574
34 0.46804038064927356 0.11172860744957783 0.341026084022908 0.18059032340579573
34 0.4676142139958638 0.025203352725072414 0.33352157200827237 0.05040670545014483
34 0.8234752905395059 0.907581732955323 0.3325045120146356 0.11938000489414158
34 0.8224496872215505 0.7943823285088193 0.33775563335454456 0.16798119600113387
34 0.8216877132400043 0.6585266740623156 0.3424067706874535 0.16501988710812654
34 0.8147121019255488 0.5197642744251352 0.3456226773551808 0.17294151451278844
34 0.8132597846117298 0.376123401829797 0.35031017735518083 0.17310520561978082
34 0.8072301499840917 0.08895078404378211 0.3503647213558171 0.17779270561978083
34 0.17005938920277874 0.9553893605296206 0.3196408853437268 0.08769349527549437
34 0.15999470029043378 0.7043179338505985 0.31998940058086756 0.1674355589778255
34 0.15847365563336518 0.5631026568087565 0.31694731126673037 0.16749012268015626