34 0.03828125 0.14765625 0.0765625 0.2328125
34 0.31953125 0.45625 0.0984375 0.23828125
34 0.03125 0.45390625 0.0625 0.2359375
34 0.046875 0.74375 0.09140625 0.24296875
34 0.1421875 0.75 0.09609375 0.24296875
34 0.1125 0.4546875 0.09609375 0.23828125
34 0.2390625 0.75 0.09609375 0.24296875
34 0.215625 0.4546875 0.103125 0.23828125
34 0.33359375 0.7515625 0.0984375 0.240625
34 0.328125 0.14609375 0.10078125 0.2328125
34 0.2265625 0.14453125 0.10078125 0.2328125
34 0.1265625 0.14296875 0.10078125 0.2359375