34 0.9069716948397858 0.9417393116749053 0.18605661032042847 0.039972378478631755
34 0.5972486685133199 0.6874443784042695 0.2578699874635877 0.11975272037968594
34 0.6124179935987799 0.9668453769213947 0.25210806927947227 0.02900038638729683
34 0.3034605307457984 0.966919608669787 0.2606479949854351 0.05431872136826925
34 0.2935566818411551 0.8953629436507591 0.26407452335696496 0.11844488836446346
34 0.6091505896004292 0.9083152939175893 0.257824523356965 0.11819022037968593
34 0.2889708187507468 0.7915203606469534 0.26407452335696496 0.11844488836446346
34 0.6036016200835302 0.7982545444118807 0.25800637978345586 0.12444022037968594
34 0.28213213387358377 0.6908982781374394 0.2609949874635877 0.11988005437207469
34 0.8999451418576496 0.6598035621691969 0.20010971628470067 0.1198508794672147
34 0.9038574035361322 0.7675205616749052 0.1922851929277357 0.11965987847863158
34 0.9062071652146146 0.874519978176808 0.18758566957077072 0.1180337114824372