34 0.8529978052491147 0.8923361896714121 0.22244268577927465 0.09826391832631991
34 0.5238036896592453 0.6619890130772079 0.26322419467652336 0.14181551088459124
34 0.5505293798499633 0.9442459523701018 0.25130251482874755 0.07898812867060627
34 0.24962079585757446 0.9578744650687916 0.26198534684397 0.073120074586922
34 0.2343897266939333 0.8913144476455965 0.26934686068413444 0.13890876569391467
34 0.5424568946787108 0.8743153982864179 0.2630968606841346 0.13869051088459122
34 0.2267456644503744 0.791723675413078 0.26934686068413444 0.13890876569391467
34 0.5343180839180267 0.7677206579050647 0.26335152866891215 0.14494051088459123
34 0.21663051821442664 0.6953397487340556 0.2663491946765233 0.14192463828925295
34 0.8445592000393687 0.6016392678017134 0.2585366946765234 0.14165181977759858
34 0.8488872612943444 0.7060266674388936 0.2475991946765234 0.14126987386128267
34 0.8509670730436119 0.8081521626295702 0.23516286167271758 0.14239586424263564