34 0.771875 0.69921875 0.09375 0.3796875
34 0.86796875 0.6984375 0.0984375 0.37734375
34 0.02421875 0.2 0.0484375 0.271875
34 0.084375 0.19921875 0.06953125 0.2765625
34 0.153125 0.196875 0.06953125 0.27890625
34 0.22421875 0.2015625 0.0671875 0.271875
34 0.29140625 0.20078125 0.0671875 0.2765625
34 0.35859375 0.203125 0.0671875 0.27421875
34 0.42578125 0.20234375 0.0671875 0.2765625
34 0.49296875 0.20234375 0.0671875 0.2765625
34 0.56015625 0.20234375 0.0671875 0.2765625
34 0.62890625 0.20234375 0.0671875 0.2765625
34 0.69765625 0.2015625 0.0671875 0.27421875
34 0.76484375 0.20078125 0.0671875 0.2765625
34 0.83359375 0.2015625 0.0671875 0.27421875
34 0.9015625 0.1984375 0.06953125 0.27421875
34 0.034375 0.70234375 0.06875 0.3859375
34 0.121875 0.6984375 0.103125 0.38671875
34 0.2203125 0.696875 0.09375 0.38671875
34 0.315625 0.6984375 0.09609375 0.38203125
34 0.4078125 0.6984375 0.09140625 0.384375
34 0.496875 0.6953125 0.09140625 0.38203125
34 0.5875 0.69765625 0.09140625 0.3796875
34 0.678125 0.7 0.09140625 0.37734375