34 0.7514433495602114 0.7976074667616151 0.12566969962933108 0.4047850664767697
34 0.8578024769648731 0.799438765396786 0.1318651359270003 0.4011224692064278
34 0.022209816697555743 0.22558382892507772 0.044419633395111485 0.31054265785015545
34 0.07590026797134933 0.2251812814994439 0.0936706767638403 0.31576077886860804
34 0.1546973905666876 0.2329020472138723 0.09021829454985517 0.3062037683452643
34 0.22897070426901847 0.23566229714328513 0.09043654935917864 0.3124537683452643
34 0.3031621724178531 0.24076629707269795 0.09032742195451693 0.3093287683452643
34 0.3774354861201839 0.2435265470021108 0.09043654935917855 0.3124537683452643
34 0.45249004982251473 0.24633229956235952 0.09043654935917864 0.3124537683452643
34 0.5267633635248457 0.2490925494917724 0.09043654935917864 0.3124537683452643
34 0.6025991772271764 0.2519438046828571 0.09043654935917864 0.3124537683452643
34 0.6792435227806728 0.25405931250477765 0.09032742195451693 0.3093287683452643
34 0.7535168364830036 0.2568195624341905 0.09043654935917864 0.3124537683452643
34 0.8293526501853344 0.2596708176252752 0.09032742195451675 0.3093287683452643
34 0.9052703094411616 0.26017832281635983 0.09345242195451675 0.30951077886860806
34 0.049985081357194094 0.7785037025743662 0.09997016271438819 0.4366038998870604
34 0.14026031289972263 0.7808313129988879 0.12594251814098537 0.4361488735787013
34 0.24567449919739176 0.7867481130553575 0.12884926333166194 0.42650377388928484
34 0.3481000947508881 0.7878436643213644 0.12427089073632355 0.424312671357271
34 0.44748253585788067 0.7891705813794457 0.12416176333166189 0.4216588372411085
34 0.5474825358578806 0.792473374752945 0.12410719962933107 0.41505325049411007
34 0.6482365040067153 0.7961895444418621 0.1240526359270003 0.40762091111627596