34 0.15073150384518724 0.32695175664386467 0.2173401447299032 0.42258516669318064
34 0.08056724728646654 0.354486957988546 0.16113449457293308 0.422276084022908
34 0.9358822732942066 0.6605753012015061 0.0738623824054315 0.3069227093411815
34 0.8989621274326496 0.6797434718730513 0.14590115671569065 0.31088405068427194
34 0.8317779494589171 0.6953599285487326 0.15642922094004205 0.3031988200190902
34 0.7613049971749248 0.714137747891505 0.15815549525030156 0.3063420013526354
34 0.6893514320460625 0.7313712485678228 0.15651110809517182 0.30476132001909023
34 0.6189194233396351 0.749367817910595 0.15815549525030156 0.3063420013526354
34 0.547706164633208 0.76737347792014 0.15815549525030156 0.3063420013526354
34 0.47645196234921583 0.7861603879296851 0.15815549525030156 0.3063420013526354
34 0.4044574536427885 0.8041751386060028 0.15815549525030156 0.3063420013526354
34 0.33155886420366665 0.8245427299490933 0.15651110809517182 0.30476132001908984
34 0.26112685549723935 0.8425392992918657 0.1581554952503016 0.3063420013526354
34 0.18950083898889597 0.8535227999681834 0.15569223654387435 0.28913632001908984
34 0.11709357248055259 0.8645153913112738 0.15775270352718757 0.26886018268618095
34 0.9034924129357271 0.166929677275639 0.14301517412854564 0.333859354551278
34 0.8362263478068648 0.18396318328295685 0.22754730438627027 0.3679263665659137
34 0.733186556988262 0.19780805462286566 0.21800188602347603 0.3956161092457313
34 0.6334764840574835 0.2077648572963199 0.2205470318850331 0.4155297145926398
34 0.5353322331529723 0.2287836925923216 0.2175039190401627 0.4257101666931806
34 0.44175265151576654 0.25641889127150286 0.21734014472990335 0.42258516669318064
34 0.34607498134395004 0.27939386195100224 0.2156957575747734 0.4210044853596351
34 0.2504382547496984 0.30158758263050167 0.2156957575747735 0.4210044853596351