35 0.65234375 0.31328125 0.2796875 0.0671875
35 0.9171875 0.2875 0.16484375 0.06484375
35 0.94296875 0.25078125 0.1140625 0.0609375
35 0.7625 0.278125 0.19609375 0.05625
35 0.8859375 0.3328125 0.22734375 0.07421875
35 0.90234375 0.596875 0.1734375 0.08046875
35 0.0734375 0.86484375 0.146875 0.1453125
35 0.13125 0.903125 0.18515625 0.14453125
35 0.24296875 0.925 0.1734375 0.12890625
35 0.3609375 0.94921875 0.165625 0.0984375
35 0.4890625 0.965625 0.14296875 0.06875
35 0.5421875 0.93515625 0.16953125 0.1265625
35 0.61640625 0.8890625 0.1515625 0.115625
35 0.72890625 0.934375 0.1515625 0.115625
35 0.665625 0.95859375 0.15 0.0828125
35 0.84609375 0.9578125 0.1296875 0.084375
35 0.43125 0.8890625 0.140625 0.08671875
35 0.15234375 0.79375 0.1265625 0.07109375
35 0.3296875 0.8703125 0.140625 0.08671875
35 0.234375 0.834375 0.140625 0.08671875
35 0.053125 0.60234375 0.10546875 0.1078125
35 0.0984375 0.6875 0.10234375 0.08515625
35 0.16640625 0.69453125 0.0765625 0.0734375
35 0.31171875 0.1078125 0.1703125 0.053125
35 0.28359375 0.14375 0.1703125 0.053125
35 0.25625 0.17421875 0.12265625 0.0359375
35 0.1953125 0.2046875 0.16328125 0.05078125
35 0.18671875 0.2390625 0.1140625 0.03828125
35 0.4765625 0.1390625 0.22734375 0.0625
35 0.4359375 0.1734375 0.15 0.03984375
35 0.3765625 0.2078125 0.19609375 0.05859375
35 0.3453125 0.246875 0.13203125 0.040625
35 0.7375 0.5453125 0.29453125 0.08984375
35 0.40234375 0.4875 0.2359375 0.06875
35 0.2453125 0.4421875 0.14296875 0.053125
35 0.51484375 0.68515625 0.2546875 0.0984375
35 0.7703125 0.7453125 0.28359375 0.11796875