35 0.34808113240543137 0.31011353337840697 0.2923313421526553 0.0955328653723619
35 0.09446813150092022 0.2829584980108177 0.14480124491161733 0.08132382001909004
35 0.06746189620024129 0.2443863466740906 0.09118492198083883 0.07133065467854491
35 0.23373867141501195 0.273648227363135 0.20861808344622812 0.07738175469445334
35 0.1296963025772479 0.32943405601527204 0.21741322930778514 0.09622266136218052
35 0.13634020748391645 0.5902897400143174 0.1846007293077851 0.09584085335772627
35 0.9543316720366096 0.880303690125676 0.09133665592678071 0.15761360001590852
35 0.9182663582645141 0.9202385133871566 0.16346728347097184 0.15952297322568681
35 0.8362228573022022 0.9337055747135434 0.2011198439616777 0.13258885057291322
35 0.7207992531637594 0.95181013737268 0.18821705223856355 0.09637972525463993
35 0.5927118747150569 0.9667624280314986 0.1600168091359686 0.0664751439370029
35 0.5364275751900267 0.9358755073599532 0.19758540818602893 0.12824898528009357
35 0.45687287200152343 0.8961788500556793 0.17858974672063965 0.1301249466899989
35 0.348064438034897 0.9355129753739527 0.1783440852552504 0.12543744668999893
35 0.4149177453618432 0.9586721153524763 0.1699650192218769 0.08265576929504732
35 0.23794580958619452 0.949847100692226 0.14159435775648754 0.07972495735199914
35 0.6412478720015236 0.8983242474140418 0.15984639077317447 0.10023745202099903
35 0.9106762234264331 0.8101088214512673 0.1417581320667473 0.08284995735199914
35 0.7419096132950962 0.8823185340944957 0.15984639077317447 0.10023745202099903
35 0.8338171523046768 0.8482531641072223 0.15984639077317447 0.10023745202099903
35 0.9597041675140539 0.6172406161282213 0.08059166497189238 0.11531701201463562
35 0.946227044323076 0.7036411927911761 0.10754591135384786 0.09511360001590834
35 0.8859041954981288 0.7098815547819493 0.09323874491161739 0.08072383601209036
35 0.6664648829712583 0.11315945408972314 0.1817280348257091 0.07082267202418069
35 0.6980767311168075 0.1502236494270866 0.18172803482570893 0.07082267202418073
35 0.7293610306418377 0.18103784476445003 0.12901911465389268 0.04834768801718101
35 0.7936216044771273 0.21535884810626787 0.1737517605154494 0.06760676535645346
35 0.808622484734852 0.24832588944140413 0.1198078889641522 0.05136360001590834
35 0.5031360453411586 0.1401475734006787 0.24035940637700653 0.08712038136536218
35 0.5479063127540132 0.17502256007317846 0.15747166327441153 0.05492495202099903
35 0.6122487737444325 0.21090606341499624 0.20869997060135786 0.07894425469445332
35 0.6495340897778062 0.2519401434197687 0.13863977611928177 0.05314427601845369
35 0.29153231851976436 0.5421260547024074 0.3107471494796016 0.11917036004136179
35 0.6231640988229177 0.4936731100811326 0.248335680687266 0.09033628803308939
35 0.7724337584792846 0.45168669943504086 0.1534392605154496 0.06737040802036276
35 0.5343040739468313 0.6901748454009968 0.27505531094499086 0.12343968936981646
35 0.28342764868663217 0.7450328786998621 0.3075336182719372 0.14724081604072534