35 0.7306215632082984 0.6649741965259369 0.11810370533620987 0.3179888934267362
35 0.7685465298529273 0.9091047498125686 0.08484639077317446 0.10029224715020817
35 0.8094238353708514 0.9331228248506938 0.07400406603337366 0.04229790919430556
35 0.7736578329960022 0.7817973674037494 0.0929598631835546 0.22532861474138902
35 0.7170183293779575 0.8798724979127076 0.10415631275401313 0.1709684230620141
35 0.4239776583016299 0.9327306198722912 0.10277087516934214 0.11475479065319476
35 0.09447261702874174 0.10314122416444435 0.18327060266810494 0.16188567021222236
35 0.07356697478522935 0.16231685562333326 0.1471339495704587 0.22224128875333346
35 0.05919021426977976 0.2867901787615972 0.11838042853955952 0.20766964247680564
35 0.03913998586650581 0.41998453846899303 0.07827997173301161 0.19440592306201393
35 0.024067184532453337 0.5632078616072569 0.048134369064906674 0.16420927678548622
35 0.05859047009333144 0.6194026570101041 0.11718094018666288 0.2017833183886113
35 0.08835549807943603 0.6963093427055554 0.15160452283992149 0.1829969507974308
35 0.05956040960059612 0.8252707973027082 0.11912081920119225 0.18132534802388908
35 0.03549878985832091 0.7579748477395485 0.07099757971664182 0.17558318787965277
35 0.038544685098280226 0.9403873042365625 0.07708937019656045 0.11777068787965277
35 0.08189521540143353 0.4920218862085416 0.11797315128862393 0.166608231382639
35 0.1767251950479029 0.17145350664951373 0.09832239258219663 0.14898432028847233
35 0.09885142130347029 0.37692356307027763 0.11797315128862396 0.166608231382639
35 0.13501132858498804 0.2676206450422568 0.11797315128862396 0.166608231382639
35 0.38611456241532893 0.05089617861942695 0.13213082654882308 0.1017923572388539
35 0.29208792345117685 0.09932197388010391 0.10951219810012063 0.12427526101791675
35 0.28811639642738396 0.17510322388010394 0.09381195499752568 0.09269795269729171
35 0.9420049570336906 0.26444360040190895 0.07725962008095948 0.19375130642076394
35 0.904416425826026 0.23722779018142287 0.08515400723608905 0.19549564437666672
35 0.869871007463232 0.2115017447785757 0.05885045680654812 0.14026263050895837
35 0.8334255744011166 0.14758536835367983 0.08161957146044045 0.1876104091943056
35 0.7946906230216355 0.14224455813319378 0.05992163387576941 0.13092399810013894
35 0.917457579150815 0.44994534251812424 0.10413638059640888 0.25992182028847227
35 0.8774400887617535 0.4095210174799992 0.06665631275401296 0.17009560087368064
35 0.8369655749669433 0.3480393100330548 0.09608486318355461 0.22540134992375008
35 0.7916873744919736 0.3186615877684716 0.06567366689245624 0.15134560087368065
35 0.47604252657356705 0.7879441435236454 0.14573073835289668 0.3389196424768057
35 0.5270273309598372 0.41065429170003426 0.11252209068231736 0.2710411582443751
35 0.5715596602221937 0.23092977089847172 0.08203565128862386 0.1657717767854862
35 0.31168121268790006 0.5592411813270484 0.14960601085413386 0.29375261284152787
35 0.2548768554972394 0.8391293562889233 0.17394426956056108 0.3114856267092364