35 0.315625 0.66875 0.27890625 0.07578125
35 0.06875 0.68125 0.13671875 0.07109375
35 0.0421875 0.7171875 0.084375 0.06484375
35 0.2046875 0.6984375 0.196875 0.0625
35 0.10234375 0.6375 0.2046875 0.08203125
35 0.11015625 0.38203125 0.1703125 0.0828125
35 0.9359375 0.15 0.12734375 0.14765625
35 0.9 0.1078125 0.196875 0.14765625
35 0.79296875 0.0828125 0.1828125 0.13125
35 0.68203125 0.0546875 0.1734375 0.10078125
35 0.55703125 0.034375 0.1484375 0.06875
35 0.5015625 0.0625 0.18046875 0.125
35 0.42265625 0.103125 0.1609375 0.11796875
35 0.31640625 0.05625 0.1609375 0.1125
35 0.3828125 0.0375 0.15859375 0.07421875
35 0.209375 0.0359375 0.13125 0.07109375
35 0.603125 0.11171875 0.146875 0.0890625
35 0.865625 0.21484375 0.13125 0.0734375
35 0.7015625 0.13359375 0.146875 0.0890625
35 0.790625 0.17265625 0.146875 0.0890625
35 0.940625 0.40859375 0.11796875 0.1078125
35 0.9078125 0.321875 0.109375 0.08671875
35 0.8421875 0.31171875 0.084375 0.0734375
35 0.62734375 0.8828125 0.1703125 0.05859375
35 0.65859375 0.8484375 0.1703125 0.05859375
35 0.6890625 0.8203125 0.12265625 0.03984375
35 0.7515625 0.790625 0.16328125 0.05546875
35 0.76640625 0.75859375 0.1140625 0.0421875
35 0.46875 0.8453125 0.22734375 0.06953125
35 0.5125 0.8140625 0.14921875 0.04453125
35 0.575 0.78359375 0.196875 0.0640625
35 0.6109375 0.7453125 0.13203125 0.04453125
35 0.2609375 0.43828125 0.29453125 0.0984375
35 0.58515625 0.5078125 0.2359375 0.07421875
35 0.73125 0.5578125 0.14453125 0.05625
35 0.4984375 0.30859375 0.25859375 0.1046875
35 0.253125 0.2390625 0.28828125 0.125