34 0.9140625 0.7625 0.103125 0.240625
34 0.04140625 0.30625 0.0796875 0.22578125
34 0.1265625 0.303125 0.09140625 0.22578125
34 0.221875 0.29921875 0.10078125 0.2234375
34 0.3390625 0.3046875 0.103125 0.22109375
34 0.4328125 0.33671875 0.08203125 0.1609375
34 0.51875 0.3375 0.08671875 0.16796875
34 0.603125 0.31875 0.084375 0.19453125
34 0.7046875 0.2953125 0.10546875 0.23046875
34 0.80625 0.2953125 0.09609375 0.23046875
34 0.903125 0.290625 0.09609375 0.23046875
34 0.03984375 0.534375 0.0796875 0.22578125
34 0.125 0.5296875 0.09140625 0.22578125
34 0.221875 0.525 0.10078125 0.22578125
34 0.33125 0.5296875 0.09609375 0.22578125
34 0.428125 0.53125 0.09609375 0.22578125
34 0.5234375 0.53125 0.09375 0.22109375
34 0.6171875 0.5296875 0.09375 0.22109375
34 0.71328125 0.525 0.0984375 0.22109375
34 0.81015625 0.525 0.0984375 0.22578125
34 0.9078125 0.525 0.09609375 0.23046875
34 0.03828125 0.76796875 0.0765625 0.2359375
34 0.1234375 0.7671875 0.09375 0.24296875
34 0.2234375 0.7703125 0.103125 0.24296875
34 0.3296875 0.76484375 0.09609375 0.2359375
34 0.425 0.7640625 0.09609375 0.240625
34 0.521875 0.76171875 0.09609375 0.2359375
34 0.6171875 0.7609375 0.09609375 0.240625
34 0.71484375 0.76484375 0.0984375 0.2453125
34 0.81484375 0.76328125 0.0984375 0.2453125