34 0.940567719287093 0.31314194754658925 0.11402832670272574 0.2688529515702104
34 0.023880753302046896 0.5796958601874145 0.04776150660409379 0.24060827962517112
34 0.06908416530077423 0.6010336510953567 0.13816833060154846 0.2510576978092868
34 0.15750758191441303 0.6256722867513071 0.15914083203372575 0.2529839106622681
34 0.2751854305776859 0.6472397467012947 0.1606851507001803 0.25146687476889085
34 0.3768570185789586 0.6349095797708204 0.12398403469127164 0.18479620031656907
34 0.4617678205760951 0.6535255359598843 0.1303249413589988 0.19279055674305995
34 0.5417911279042317 0.6894653844688163 0.13532152402927125 0.21948944906292772
34 0.6365218252307775 0.7366920739648327 0.16704423870145285 0.26102373119538136
34 0.7377934238940503 0.7587369070343584 0.15765105736790747 0.25918844655564544
34 0.8319883192234595 0.7848925785836862 0.15765105736790738 0.25918844655564544
34 0.05254264998409164 0.3523377383215175 0.10508529996818328 0.24219952335696499
34 0.12062738928232053 0.3721441214701855 0.14974765070018026 0.251148626022532
34 0.2163756939449571 0.39903557891289065 0.15915901336727112 0.25454641066226813
34 0.3254961552753209 0.41772809144930295 0.15601583203372577 0.2528929824490227
34 0.4228887759389119 0.43754283478538536 0.15601583203372565 0.2528929824490227
34 0.5179194652689575 0.4589882742814019 0.15129196936663475 0.24963159012915473
34 0.6105973139322304 0.4812831599373523 0.15129196936663475 0.24963159012915473
34 0.7047922092616397 0.5074388314866801 0.15597946936663476 0.2497679824490227
34 0.8013944892584579 0.5280575568760739 0.15757833203372576 0.2529384465556454
34 0.897978587921731 0.5502387822654676 0.1576510573679073 0.25918844655564544
34 0.1071756059834553 0.12112484224072577 0.1168987880330894 0.24224968448145154
34 0.18040402064768268 0.13480507742814019 0.15777832670272565 0.26961015485628037
34 0.28093073197804647 0.15348974670129473 0.16718968936981646 0.2735237311953815
34 0.3852636959739103 0.18091240155757507 0.15928628270208928 0.2654839106622681
34 0.4795040446371831 0.20316182310690287 0.1593226453691802 0.2686089106622681
34 0.5752887119669106 0.22692828054960795 0.15928628270208928 0.26548391066226806
34 0.6703194012969562 0.2483737200456244 0.1593226453691802 0.2686089106622681
34 0.7693017939608653 0.26579924927508414 0.162520370703362 0.2749498388755135
34 0.867430211290593 0.2894975105578553 0.162520370703362 0.27494983887551355