34 0.8771768297877778 0.15961772403200825 0.1434642849536111 0.25865007142762997
34 0.05587135329696154 0.7542278039777595 0.11174270659392307 0.23943642126547413
34 0.13966572521128412 0.7433527593354908 0.1290017414506252 0.24121710957707698
34 0.23519643075836744 0.7323140734595202 0.13993924145062522 0.2414080243497292
34 0.352093643239305 0.7091884448077198 0.13990287385944464 0.23984552434972936
34 0.4429920533835411 0.6623077163180752 0.1086879350298613 0.1737023271096728
34 0.5292386779085758 0.6475264216758065 0.11515614057694457 0.18318642126547413
34 0.6165932075438537 0.6522491034945875 0.11573802203583342 0.20818642126547413
34 0.72104431820118 0.6605780263849147 0.143246079406528 0.24927507142762995
34 0.823715376521805 0.6447291095836675 0.1338347118153475 0.24754893019392785
34 0.9208085820688883 0.6336631501687464 0.13383471181534717 0.24754893019392785
34 0.04134777935093733 0.525757930600965 0.08269555870187466 0.2391091387980701
34 0.11058220972805513 0.5166090271923983 0.12903810904180574 0.2427796095770768
34 0.2084384814795482 0.506310681008002 0.13997560904180578 0.24297052434972924
34 0.3175050101648954 0.4841026700509534 0.13368924145062522 0.24129893019392784
34 0.4147255022811107 0.46756796063603234 0.13368924145062522 0.24129893019392784
34 0.5111101930105552 0.4533906379905865 0.13049150626826406 0.23811938311602715
34 0.6059141999444093 0.44002183888409085 0.13049150626826406 0.23811938311602726
34 0.7030074054914927 0.42895587946916985 0.13521537385944454 0.2397637037328782
34 0.8002097138121176 0.4132024200542487 0.1368506090418058 0.24291597727182862
34 0.8981750883371525 0.3982165738698525 0.13383471181534717 0.24754893019392785
34 0.02694240007624993 0.2916829395294187 0.05388480015249986 0.24788412094116258
34 0.08093564979190948 0.28050393181878097 0.1341256525447919 0.26004893019392794
34 0.1813356932948956 0.26157092532595916 0.14353702013597242 0.26177507142762996
34 0.28858514884197894 0.2503276879078609 0.13706881458888914 0.2522909772718286
34 0.38420677336701364 0.23538275203189016 0.1371779173624308 0.2569784772718286
34 0.4821175965052776 0.22274065584749395 0.13706881458888914 0.2522909772718286
34 0.577721037234722 0.2085769699715232 0.1371779173624308 0.25697847727182854
34 0.6765767645332985 0.18888998701765175 0.14041202013597243 0.26172052434972926
34 0.776867705262743 0.17464448052483 0.14041202013597243 0.26172052434972926