34 0.45971180589213034 0.645042104454353 0.10728721247102051 0.22062501324684386
34 0.7546954061589605 0.3194493050951744 0.0903888725471326 0.1888293762235353
34 0.6698574911399324 0.330235526872206 0.10209037650146531 0.2079613221398513
34 0.4380145835352782 0.38136155037066893 0.11060321345960364 0.22542164065150558
34 0.38983175152005584 0.3893030251429255 0.11060321345960364 0.22542164065150558
34 0.3460963389724857 0.41038934065935484 0.10084621148243719 0.21571925843752043
34 0.3019789244477492 0.4221006561757842 0.10572471247102042 0.2205704495445131
34 0.25164334342110994 0.43481147650153706 0.10728721247102042 0.22062501324684386
34 0.7876538503040111 0.06764627995224888 0.10655770060802236 0.13529255990449776
34 0.7378130177944972 0.07242554918954257 0.10687603558899425 0.14485109837908514
34 0.6332528517868858 0.07735115136646081 0.10400570357377177 0.15470230273292163
34 0.5902204347906915 0.07242803838976938 0.07980419961943923 0.14485607677953877
34 0.5451307692773719 0.07998260540381122 0.09450336958138301 0.15996521080762244
34 0.5033398587069682 0.10581470186435675 0.10559737847863175 0.2116294037287135
34 0.4577872781746205 0.11779755817521724 0.10559737847863157 0.21744544954451306
34 0.4121710306460784 0.13112593739397746 0.10559737847863157 0.21744544954451306
34 0.8653344758168933 0.2506496866761873 0.11028487847863175 0.21760914065150558
34 0.9162284723568522 0.23244283449926906 0.10872237847863175 0.21755457694917482
34 0.08719216015047426 0.7574107067160891 0.0762282134596036 0.2242212392002269
34 0.1149988251695023 0.7486160600741337 0.11092154844057553 0.23323414065150558
34 0.16442582220375276 0.7328075215995463 0.11092154844057553 0.23323414065150558
34 0.21244948672848923 0.7209597968272898 0.11092154844057556 0.23323414065150558
34 0.26812648376273973 0.7049330035433791 0.11879771543676991 0.23506945916315977
34 0.3275823968046014 0.6856448010036411 0.09577670950527092 0.20618056733052798
34 0.3684156438388519 0.6701363628918735 0.10247237847863158 0.21733632213985138
34 0.41409555836358836 0.6583704836731131 0.10572471247102033 0.22057044954451294
34 0.5076399699225753 0.6308506296820964 0.10728721247102051 0.22062501324684405
34 0.5605421354358949 0.6235267138028473 0.11423754942915867 0.23803076805616746
34 0.6107822159682426 0.6084721434770944 0.1174898834215476 0.24126489546082902
34 0.6633978799986874 0.5941169775978453 0.1174898834215476 0.24126489546082902
34 0.7144192105310351 0.5790351254209272 0.1159273834215476 0.24121033175849824
34 0.76469112456148 0.5647618050951744 0.12061488342154743 0.2413740228654909
34 0.8172112880976332 0.5480628892159253 0.11216571345960355 0.22547620435383653
34 0.8621099526223699 0.5363242918483304 0.09765754448624264 0.21404763103285873
34 0.9054461171471061 0.5246402581830665 0.10547004448624264 0.2143204495445131
34 0.7873924314050125 0.833883827327693 0.10139003954332715 0.1907738221398514
34 0.8330405124316517 0.8213366981089326 0.10132637254713259 0.1892113221398514
34 0.809081817223656 0.2909497936624289 0.11015754448624274 0.2144841406515056