34 0.6538111787475872 0.6262224373418249 0.21306362133990878 0.05833484656639669
34 0.41818856802990767 0.23967054549015807 0.1817227146721816 0.049066854424279424
34 0.4066703600413617 0.3234633486333112 0.2005454400063634 0.05619014970954979
34 0.3953714227402694 0.5603083771693586 0.2162249840069997 0.06160539578060842
34 0.3896850440801781 0.6084547787409351 0.2162249840069997 0.06160539578060842
34 0.3988333247533142 0.6565112890800172 0.20832157733927242 0.05342902274507892
34 0.39858842409290485 0.7025686517764644 0.21304544000636333 0.056772346566396695
34 0.39762590809990456 0.7540583771693585 0.21306362133990878 0.05833484656639669
34 0.14578576201463572 0.11454415115729182 0.2084124840069997 0.061241522745079026
34 0.14481415535486267 0.16525262655018597 0.20061816534054513 0.06244014970954974
34 0.13274196403563474 0.26854029238978616 0.19122498400699967 0.060441002066914606
34 0.13092547270845262 0.3137436304791274 0.1519988520050907 0.0445591368892682
34 0.1259748907144978 0.3580201693542569 0.16618862133990878 0.05615160835322088
34 0.1445072620544066 0.40729457733597424 0.20837612133990882 0.0581165227450791
34 0.14663338339431536 0.45580485194308007 0.20837612133990877 0.0581165227450791
34 0.14719700473422417 0.5042423519430801 0.20837612133990882 0.0581165227450791
34 0.3823590613462721 0.11306950413382921 0.20843066534054513 0.06280402274507903
34 0.3785977146721816 0.058236454919617486 0.2084124840069997 0.06124152274507903
34 0.6634616354630395 0.9781968133775368 0.22556362133990876 0.04360637324492629
34 0.6612991514560398 0.9342168738595895 0.22556362133990876 0.058917043423243595
34 0.6622798487825856 0.8842896484666956 0.22556362133990876 0.058917043423243595
34 0.6616162301081768 0.8272583984666955 0.2256727093411815 0.0682920434232435
34 0.6585361360995863 0.7638679865560366 0.20047271467218158 0.04994014970954978
34 0.6549020587603138 0.7199724373418249 0.20988407733927233 0.053501797352184965
34 0.6543566187539506 0.6730974373418249 0.2130454400063634 0.056772346566396695
34 0.653229376074133 0.5762224373418249 0.21306362133990878 0.05833484656639669
34 0.6596333700668151 0.5226436730738013 0.22872498400699967 0.062187592637455325
34 0.6598146360598154 0.4711175603773542 0.23186816534054522 0.06389564185166705
34 0.6591691987189522 0.41564881037735424 0.23186816534054522 0.063895641851667
34 0.6585601240451797 0.3633050603773542 0.2318499840069997 0.06233314185166687
34 0.6579419587046346 0.31018006037735424 0.23190452800763595 0.06702064185166687
34 0.6549709526973168 0.25616464846669545 0.21624316534054522 0.06316789578060833
34 0.6567692626909534 0.20939881037735425 0.20828521467218158 0.050304022745079016
34 0.6554698446849082 0.16483117307380132 0.20525112133990878 0.05797097353086729
34 0.9158579066876126 0.3769481451569266 0.1682841866247749 0.05956770678164434
34 0.9163573460176583 0.3285470324604795 0.1672853079646835 0.059494932174538474
34 0.40576983668840805 0.17896848593686415 0.20530566534054517 0.06265847353086729