34 0.58984375 0.36875 0.0453125 0.19921875
34 0.2375 0.58515625 0.03828125 0.1703125
34 0.3171875 0.596875 0.04296875 0.1875
34 0.53984375 0.61015625 0.0484375 0.2015625
34 0.58515625 0.61640625 0.0484375 0.2015625
34 0.6296875 0.6078125 0.040625 0.19453125
34 0.6734375 0.609375 0.04296875 0.19921875
34 0.72109375 0.6109375 0.0453125 0.19921875
34 0.13203125 0.8390625 0.0484375 0.19453125
34 0.1796875 0.840625 0.05078125 0.1875
34 0.27734375 0.853125 0.0484375 0.178125
34 0.31953125 0.85546875 0.0359375 0.1421875
34 0.36171875 0.8609375 0.0453125 0.15625
34 0.40703125 0.84375 0.0453125 0.19453125
34 0.45234375 0.8421875 0.0453125 0.19453125
34 0.49765625 0.8421875 0.0453125 0.19453125
34 0.1203125 0.6171875 0.05078125 0.19453125
34 0.06953125 0.6203125 0.0484375 0.19453125
34 0.9734375 0.3640625 0.05078125 0.21171875
34 0.92734375 0.3640625 0.0453125 0.21171875
34 0.87890625 0.365625 0.0453125 0.21171875
34 0.83203125 0.3640625 0.0453125 0.21171875
34 0.778125 0.3640625 0.053125 0.21171875
34 0.71875 0.365625 0.03828125 0.1875
34 0.678125 0.36875 0.040625 0.196875
34 0.634375 0.36875 0.04296875 0.19921875
34 0.54296875 0.36875 0.0453125 0.19921875
34 0.49296875 0.36171875 0.0484375 0.2140625
34 0.44375 0.3609375 0.05078125 0.21640625
34 0.3921875 0.3609375 0.05078125 0.21640625
34 0.34296875 0.3609375 0.0484375 0.21640625
34 0.29375 0.3609375 0.053125 0.21640625
34 0.2421875 0.36328125 0.05078125 0.2015625
34 0.1984375 0.3609375 0.03828125 0.19453125
34 0.15703125 0.36171875 0.0453125 0.1921875
34 0.34453125 0.1 0.0484375 0.19921875
34 0.29921875 0.0984375 0.0484375 0.196875
34 0.18125 0.59609375 0.05078125 0.1921875