34 0.12897319346924527 0.16172979534115867 0.12017861306150945 0.3151071008590826
34 0.1723337137180293 0.8699793865893028 0.08401787985173245 0.17284435775648754
34 0.6048065179713493 0.25241226481086276 0.07393355172143128 0.1520405348257091
34 0.7056869716922136 0.2772661798942966 0.07302581614940155 0.17070864767057933
34 0.7601562168828903 0.2863822303238379 0.07615081614940156 0.17087242198083885
34 0.8696849843060853 0.3101240247604854 0.0746428798517325 0.1723530348257091
34 0.227529645206375 0.8806988805964091 0.08089287985173248 0.17268058344622794
34 0.2027900839511149 0.7150395810713789 0.07894843393541642 0.16166119629109837
34 0.2540524835882952 0.7263356071906607 0.07894843393541642 0.16166119629109837
34 0.23154754492837332 0.5639241383983251 0.07900299763774735 0.16322369629109837
34 0.2827826627143882 0.576001414517607 0.07900299763774736 0.16322369629109837
34 0.30612341507664087 0.7368913268875075 0.07900299763774728 0.16322369629109837
34 0.3349354397562302 0.5842133842144537 0.07900299763774736 0.16322369629109837
34 0.35978412841615204 0.7467476837394837 0.07900299763774728 0.16322369629109837
34 0.3846899030957413 0.5938650231786058 0.07900299763774736 0.16322369629109837
34 0.3822072215225776 0.9115029025318193 0.07900299763774728 0.16322369629109837
34 0.43584065301092334 0.9202643306191234 0.07900299763774724 0.15947133876175315
34 0.4109374006486706 0.7611687098587657 0.07900299763774736 0.16322369629109837
34 0.46074642769051266 0.7692578488229177 0.07900299763774718 0.16322369629109837
34 0.51448898658352 0.776770455674894 0.07900299763774718 0.16322369629109837
34 0.5681224180718658 0.7874080625268706 0.07900299763774718 0.16322369629109837
34 0.43988583458408714 0.6045845171857118 0.07900299763774718 0.16322369629109837
34 0.4904761116259291 0.6127145997274288 0.07900299763774718 0.16322369629109837
34 0.5417385112631093 0.6240106258467106 0.07900299763774718 0.16322369629109837
34 0.5954265064537859 0.6330857326986872 0.07900299763774718 0.16322369629109837
34 0.5480207052805088 0.9660155828804011 0.06275794954451293 0.06796883423919767
34 0.5916615778758472 0.9702870030522177 0.0625396947351895 0.05942599389556449
34 0.611696314080849 0.8843959271807631 0.06713791469812272 0.13608798620519025
34 0.6451264060909663 0.6442998716628392 0.0808928798517325 0.1726805834462281
34 0.7003496194304774 0.6542381156699454 0.08412700725639403 0.17596935775648745
34 0.7250618988345721 0.8206786651949756 0.0855803798517325 0.1729262449116174
34 0.7539557690676577 0.6656569725219218 0.0855803798517325 0.1729262449116174
34 0.7810390803229177 0.8314391027796466 0.08536212504240907 0.1666762449116174
34 0.809124418704838 0.677157716529028 0.07760418874473984 0.1678293091359686
34 0.8643749138955146 0.6863147105361342 0.08859625244707062 0.1699650192218769
34 0.8377156662577672 0.8445842339418824 0.08859625244707062 0.1699650192218769
34 0.8118475923038174 0.9569824988683461 0.08728672359113006 0.0860350022633078
34 0.8702230874944938 0.9648292983933764 0.0821627139724832 0.07034140321324714
34 0.8952007840437821 0.8569890586816833 0.08401787985173251 0.17284435775648754
34 0.9202156861280331 0.7009813981208053 0.08401787985173251 0.17284435775648746
34 0.07205107087390698 0.1556159141789227 0.10902285825218602 0.30828389077317436
34 0.19066466161807985 0.16574558796878386 0.11554567676384031 0.31642393939369334
34 0.2530009705110873 0.17370857417397395 0.11587305897782547 0.3257989393936934