34 0.8549699180190633 0.17862586876298892 0.2900601639618735 0.1251373971478885
34 0.16625011160567174 0.21389835265571974 0.1686875446422687 0.08691016842151908
34 0.7856327260507173 0.6494019770760494 0.14971935633066594 0.07430108411256367
34 0.7623509590045886 0.7479849228213233 0.1669341298696164 0.07596357806243947
34 0.7546845093289003 0.8011599197962612 0.16696140340856652 0.07752607806243965
34 0.7331288835164738 0.9091087751824555 0.17008640340856668 0.0775442587805987
34 0.15625354869945846 0.26786823516927705 0.16863299756436803 0.08378516842151909
34 0.3207154691541537 0.2450342022863774 0.15923072402541774 0.08216812626704133
34 0.30988310917003975 0.29588362997947454 0.15923072402541766 0.08216812626704133
34 0.47046605316368534 0.27463482299427394 0.16235572402541773 0.08218630698520064
34 0.45964732994904656 0.32626550068737104 0.16235572402541773 0.08218630698520064
34 0.3006132491859258 0.34672396731349203 0.16235572402541773 0.08218630698520055
34 0.4519399699649326 0.37709674766230894 0.16235572402541773 0.08218630698520064
34 0.29138429951023737 0.3999080546475096 0.16235572402541773 0.08218630698520064
34 0.44343772321134345 0.4271512898167867 0.16235572402541773 0.08218630698520055
34 0.12844396874711664 0.4203892471713296 0.1623557240254177 0.08218630698520069
34 0.11920138230195301 0.47279208450534715 0.16235572402541765 0.08218630698520073
34 0.27897580275664824 0.4499853226996864 0.1623557240254177 0.08218630698520073
34 0.27203605600305913 0.5000307744950844 0.1623557240254177 0.08218630698520073
34 0.26435596955789553 0.5524245214700223 0.1623557240254177 0.08218630698520073
34 0.2551270198822071 0.6056086088040399 0.16235572402541765 0.08218630698520073
34 0.433427523535655 0.48033992233034406 0.1623557240254176 0.08218630698520073
34 0.42650141355154114 0.531166624125742 0.1623557240254176 0.08218630698520073
34 0.415655416797952 0.5812348018188391 0.16235572402541773 0.08218630698520073
34 0.4079889671222635 0.634409798793777 0.16235572402541773 0.08218630698520073
34 0.06014575648952648 0.5809591085094523 0.10114548863591429 0.06620678298109546
34 0.057003165580135996 0.6247318344071513 0.09333298863591429 0.06616133118569749
34 0.15976965543386626 0.6483551658874364 0.13557503571381496 0.06953177088084708
34 0.39869183359919924 0.6836876361277946 0.16863299756436803 0.08378516842151917
34 0.38949015746246113 0.7384342234618121 0.17496481818121898 0.08850902985783762
34 0.22423335023829072 0.7604915515242515 0.16871481818121906 0.08847266842151917
34 0.37947995778677274 0.7916228559753694 0.16871481818121908 0.08847266842151917
34 0.21504531087102782 0.8160193888582692 0.1640000446422687 0.08688289734428026
34 0.36870214488055947 0.8455972836684665 0.16545345048646737 0.08064198770335977
34 0.3602817187438213 0.9003393258229444 0.16717959172016936 0.0900260780624393
34 0.20430840827324004 0.8723375665513663 0.16876936525911973 0.09159766842151917
34 0.07333509780265876 0.8441903615345143 0.11874209172016939 0.08974427693097127
34 0.06638171427959447 0.8934545633299124 0.10281708279171564 0.07246587334017533
34 0.1926947982891261 0.9231915394240031 0.16534435633066594 0.07439198770335978
34 0.34709197199023223 0.9504211390546609 0.1669614034085667 0.0775260780624393
34 0.866719895697929 0.07933439589035196 0.2665602086041421 0.09842945140261464
34 0.8592210413958579 0.12391109768575007 0.28155791720828427 0.11570785499341078
34 0.8531716387980701 0.23879575430160838 0.29365672240385976 0.12047716822512736
34 0.8474671095770768 0.30133211573792684 0.3050657808458464 0.1205498910977643