34 0.88125 0.790625 0.06015625 0.31015625
34 0.721875 0.125 0.053125 0.15390625
34 0.41953125 0.784375 0.0453125 0.13671875
34 0.321875 0.778125 0.04296875 0.15390625
34 0.26953125 0.7796875 0.0453125 0.15390625
34 0.16328125 0.778125 0.0453125 0.15625
34 0.66875 0.125 0.05078125 0.15390625
34 0.71875 0.2765625 0.05078125 0.14453125
34 0.66875 0.275 0.05078125 0.14453125
34 0.7171875 0.4234375 0.05078125 0.146875
34 0.6671875 0.421875 0.05078125 0.146875
34 0.61875 0.275 0.05078125 0.146875
34 0.6171875 0.4234375 0.05078125 0.146875
34 0.5671875 0.275 0.05078125 0.146875
34 0.56875 0.4234375 0.05078125 0.146875
34 0.51875 0.125 0.05078125 0.146875
34 0.4671875 0.125 0.05078125 0.146875
34 0.5171875 0.271875 0.05078125 0.146875
34 0.46875 0.2734375 0.05078125 0.146875
34 0.4171875 0.275 0.05078125 0.146875
34 0.365625 0.275 0.05078125 0.146875
34 0.515625 0.4234375 0.05078125 0.146875
34 0.4671875 0.425 0.05078125 0.146875
34 0.4171875 0.4234375 0.05078125 0.146875
34 0.365625 0.425 0.05078125 0.146875
34 0.353125 0.0703125 0.04296875 0.125
34 0.309375 0.0703125 0.04296875 0.125
34 0.309375 0.1921875 0.04296875 0.12265625
34 0.3171875 0.4234375 0.05078125 0.15390625
34 0.2640625 0.425 0.053125 0.15859375
34 0.2140625 0.271875 0.05546875 0.15390625
34 0.2125 0.4234375 0.05546875 0.15390625
34 0.159375 0.2734375 0.05546875 0.14921875
34 0.15859375 0.42265625 0.0484375 0.1515625
34 0.10546875 0.42421875 0.0578125 0.1515625
34 0.10390625 0.27109375 0.0578125 0.1515625
34 0.10234375 0.11875 0.0578125 0.15390625
34 0.046875 0.115625 0.053125 0.15390625
34 0.0484375 0.26875 0.053125 0.15390625
34 0.0515625 0.4203125 0.053125 0.15390625
34 0.9796875 0.79140625 0.03828125 0.3078125
34 0.934375 0.790625 0.05078125 0.3125
34 0.82265625 0.7953125 0.0578125 0.30546875
34 0.76171875 0.7953125 0.0578125 0.30546875