34 0.0484375 0.83125 0.09140625 0.18984375
34 0.9328125 0.125 0.06015625 0.209375
34 0.8765625 0.128125 0.05546875 0.209375
34 0.821875 0.1296875 0.05546875 0.209375
34 0.7671875 0.1359375 0.05546875 0.20703125
34 0.7109375 0.134375 0.05546875 0.20703125
34 0.65625 0.13828125 0.053125 0.2015625
34 0.603125 0.13203125 0.053125 0.2015625
34 0.5515625 0.12734375 0.053125 0.2015625
34 0.5015625 0.14921875 0.03828125 0.1734375
34 0.459375 0.146875 0.05078125 0.18046875
34 0.40390625 0.1484375 0.0578125 0.18046875
34 0.334375 0.13203125 0.05546875 0.2046875
34 0.27734375 0.13203125 0.0578125 0.2046875
34 0.1671875 0.12890625 0.06015625 0.2046875
34 0.11171875 0.12578125 0.0578125 0.2046875
34 0.0484375 0.12421875 0.06015625 0.2046875
34 0.934375 0.334375 0.06015625 0.209375
34 0.8765625 0.33125 0.05546875 0.196875
34 0.821875 0.3328125 0.05546875 0.196875
34 0.7640625 0.3328125 0.05546875 0.1875
34 0.7109375 0.3328125 0.05546875 0.1875
34 0.65625 0.3328125 0.053125 0.18515625
34 0.6046875 0.3296875 0.053125 0.18984375
34 0.5515625 0.328125 0.05546875 0.19453125
34 0.4953125 0.33125 0.05546875 0.18984375
34 0.4421875 0.33125 0.05546875 0.18984375
34 0.3359375 0.33125 0.053125 0.1875
34 0.3875 0.3328125 0.053125 0.18984375
34 0.28125 0.33125 0.053125 0.1875
34 0.1671875 0.33125 0.06015625 0.19921875
34 0.1109375 0.328125 0.053125 0.19921875
34 0.05 0.32890625 0.0625 0.2046875
34 0.7875 0.6359375 0.10078125 0.19453125
34 0.6796875 0.6390625 0.10546875 0.19453125
34 0.571875 0.63828125 0.10546875 0.1921875
34 0.4671875 0.6359375 0.10546875 0.19453125
34 0.3609375 0.6359375 0.10546875 0.196875
34 0.2546875 0.634375 0.10546875 0.196875
34 0.7890625 0.834375 0.10546875 0.19453125
34 0.68125 0.8328125 0.10546875 0.18984375
34 0.5734375 0.8328125 0.10546875 0.18984375
34 0.46875 0.8328125 0.10546875 0.18984375
34 0.3625 0.83125 0.10546875 0.19453125
34 0.2546875 0.83125 0.10546875 0.18984375
34 0.1453125 0.6375 0.10546875 0.19453125
34 0.046875 0.6390625 0.09140625 0.196875
34 0.146875 0.834375 0.10546875 0.18984375