34 0.9356863096598023 0.14757101426351443 0.1263909504864671 0.08550946856846861
34 0.07722933279501093 0.8765860787837163 0.15445866559002186 0.11567215756743252
34 0.08556003003506737 0.8152312018192456 0.17112006007013475 0.11171240363849115
34 0.0923009537361735 0.758491050247669 0.184601907472347 0.11073210049533806
34 0.1013992642067548 0.7018600605867512 0.2027985284135096 0.11309512117350237
34 0.10661859821628643 0.6411408844080688 0.21323719643257286 0.11353176881613755
34 0.1129416233784422 0.5861815566578098 0.2258832467568844 0.10891704342324342
34 0.11823438799058643 0.5278061304791274 0.22671823295387142 0.1089170434232436
34 0.12389009862332352 0.472555704300445 0.22671823295387145 0.1089170434232436
34 0.15909694156130888 0.42650049565677384 0.1934966298696163 0.08395127667402047
34 0.16537026096034393 0.3806614567816443 0.20629663879807003 0.10172097353086729
34 0.17967426867098166 0.3226862909420441 0.20640573295387146 0.10797097353086738
34 0.17869419561849867 0.24445212903138533 0.23143300649282178 0.11069786724456102
34 0.19146297686808675 0.18484168858467925 0.23148755357072243 0.113822867244561
34 0.21225849228936228 0.06852748386994953 0.23154210064862307 0.11694786724456105
34 0.22067101014626972 0.034516356905478815 0.2305329797074606 0.05913536724456103
34 0.25819554586667526 0.930740693547078 0.23781937418757346 0.11880146567298447
34 0.26712626096363923 0.8670420665826072 0.22205800649282176 0.11026121960192584
34 0.2821842451353266 0.81066578804656 0.22205800649282176 0.11026121960192584
34 0.29498029992386504 0.7494928475998539 0.2126284594149211 0.10669957195929083
34 0.30691328409555246 0.6929710198495949 0.21262845941492098 0.10669957195929065
34 0.31964115503671503 0.6357043294028888 0.2094761858759707 0.1049915227450791
34 0.3268593656694521 0.5805266778313122 0.215753459414921 0.10684512117350238
34 0.3387923498411395 0.5240048500810532 0.22046823295387147 0.10862594499482014
34 0.35310999432125245 0.465248434241453 0.215753459414921 0.10684512117350238
34 0.3650429784929398 0.408726606491194 0.21575345941492108 0.10684512117350242
34 0.3896629232973643 0.297281838294229 0.2126011858759707 0.10513707195929074
34 0.3793197126646272 0.3523139406515939 0.21575345941492116 0.10684512117350238
34 0.40162318100800204 0.23919751054397 0.21260118587597074 0.10513707195929074
34 0.42716074350717825 0.11997662965055786 0.2252921006486231 0.1166567688161376
34 0.43595509090939044 0.06409050268608715 0.22496481818121908 0.09790676881613762
34 0.44584828814944694 0.034839650328722285 0.2239284237011061 0.03853176881613761
34 0.6114080949731708 0.8525837301458958 0.23068871266133187 0.15750009263745532
34 0.6391939500860209 0.7389407611631424 0.23077053327818292 0.16218759263745533
34 0.6623059419683459 0.6242982183590715 0.2292080332781829 0.16211481803034927
34 0.68377361323382 0.5142704009478949 0.23077053327818292 0.16218759263745514
34 0.7068446948077197 0.40197160814382393 0.23236030681713338 0.16382286724456102
34 0.7291481631510945 0.28885517803620003 0.23236030681713338 0.16382286724456102
34 0.8185251197299372 0.9021065028909749 0.2276455332781829 0.1620420434232436
34 0.8431723380733119 0.7890992346940099 0.2260557597392328 0.16040676881613755
34 0.8670519431861621 0.6752743291934918 0.2260557597392327 0.16040676881613755
34 0.8846270012211113 0.5642833252645504 0.21514553327818292 0.1614598465663967
34 0.8959929695644862 0.4506574729071856 0.1963955332781829 0.16058655128112634
34 0.9097026879078609 0.3371407824604795 0.1729580332781829 0.15949493217453847
34 0.7577289050334197 0.17446734635699962 0.23077053327818292 0.16218759263745514
34 0.775444284903036 0.10023147973161113 0.21698867694751697 0.08816789578060832
34 0.9257561562512358 0.22373325392443225 0.14477848620028233 0.15505998924663303