34 0.9165239037871877 0.1567811943711383 0.10898515632127044 0.20658394789030415
34 0.08532986583612268 0.9112842564101408 0.08542039129415602 0.1774314871797184
34 0.14316963691336154 0.908015861248705 0.07922493344863372 0.18396827750258993
34 0.19787986281106057 0.9053831668730575 0.07927038524403182 0.18923366625388488
34 0.25416167906783926 0.9012243598009629 0.07933401775758915 0.19755128039807418
34 0.31198781460645864 0.9002269400324213 0.07936128883482799 0.19954611993515742
34 0.3674929260427771 0.8988025079603268 0.07778969847574838 0.20239498407934642
34 0.4221758808632373 0.9004666885846792 0.07778969847574846 0.19906662283064164
34 0.47608667604277705 0.9013314255572553 0.07778969847574828 0.19733714888548945
34 0.5239020073266705 0.8847904545053327 0.05886698165323558 0.18394266046291677
34 0.56766109768575 0.8852656435042967 0.07298402380771343 0.19397263192686945
34 0.6247377994811482 0.8801094166636606 0.07923402380771342 0.19426373035529282
34 0.6981253025062102 0.8912458540099948 0.0793794695529872 0.2175082919800105
34 0.755969618762989 0.8893474836605526 0.08250446955298721 0.21940927956950454
34 0.8693054109174666 0.8852486426757272 0.0856294695529872 0.21955482878371627
34 0.926350296456086 0.8855611658350909 0.08250446955298721 0.2194092795695048
34 0.9716991578924045 0.8814216294411608 0.048129469552987206 0.21780823821317563
34 0.062233775182455466 0.7202804208019989 0.0856567406302261 0.22424232878371625
34 0.12241275108015451 0.7191759931755743 0.07777151775758914 0.21137845574818712
34 0.17792240769601278 0.7147282417278323 0.07777151775758914 0.21137845574818695
34 0.23811501913233127 0.7112800641014079 0.07771697560311149 0.20200345574818712
34 0.29205308538910996 0.7083220380465599 0.07771697560311139 0.20200345574818712
34 0.3475581968254284 0.704655536598818 0.07613629488495217 0.19880568114108108
34 0.400692287184508 0.7055673732404171 0.0761635659621911 0.20349318114108125
34 0.4554070582617468 0.703426984489122 0.07775333703942984 0.20825345574818713
34 0.5124883052366848 0.6974895076484859 0.07772606596219109 0.20356595574818712
34 0.5672076214934634 0.6945678688971909 0.07772606596219109 0.20356595574818695
34 0.6758740943661004 0.687125704091048 0.0761544756031114 0.2019306811410811
34 0.6227218232888616 0.6893388674494488 0.07616356596219091 0.2034931811410811
34 0.732155910622879 0.6842768399468588 0.0761544756031114 0.2019306811410811
34 0.8486303383159761 0.6779797981762452 0.08403060811666876 0.2132320541766104
34 0.9064610190341353 0.6775474586391619 0.07778060811666876 0.2129409557481871
34 0.9604127208295334 0.672245682584314 0.07313855991206672 0.22053513192686935
34 0.18209786505055575 0.3999936536384912 0.12465560811666876 0.21512419396136276
34 0.2931171782822723 0.3910981507430071 0.13091469847574846 0.21697779238978612
34 0.4041137656162898 0.38610889784752295 0.13089651775758923 0.2138527923897861
34 0.5104228529503073 0.3809013211307212 0.13091469847574827 0.2169777923897862
34 0.6190756902843249 0.37580290632457836 0.13093287919390767 0.2201027923897861
34 0.7285097776183423 0.3707408788219883 0.13093287919390767 0.2201027923897861
34 0.16140006655136624 0.1966310591390092 0.1309146984757484 0.21697779238978615
34 0.27239210870584396 0.19242305624352504 0.13088742739850953 0.2122902923897861
34 0.38261653639894105 0.18583491604448799 0.13088742739850953 0.21229029238978617
34 0.4889301689124984 0.17984608932768628 0.13088742739850953 0.21229029238978617
34 0.5975875514260558 0.17396642452154337 0.13091469847574827 0.21697779238978615
34 0.708588683939613 0.16819592162605926 0.13088742739850953 0.2122902923897862
34 0.8395381812091387 0.3602828759265042 0.13091469847574838 0.2169777923897862
34 0.937258063722696 0.3538937888706203 0.10903969847574828 0.2159589478903042
34 0.8188267471713295 0.15926403142702222 0.13088742739850961 0.2122902923897861