34 0.165625 0.3265625 0.17578125 0.21875
34 0.3328125 0.328125 0.15625 0.19453125
34 0.4859375 0.3421875 0.14921875 0.1875
34 0.15859375 0.5328125 0.1703125 0.19921875
34 0.33125 0.5296875 0.16796875 0.20703125
34 0.48671875 0.534375 0.1515625 0.196875
34 0.15234375 0.73828125 0.1734375 0.2046875
34 0.325 0.73125 0.165625 0.19921875
34 0.48203125 0.7265625 0.1515625 0.1875
34 0.640625 0.35546875 0.13203125 0.1828125
34 0.63046875 0.5359375 0.1390625 0.18046875
34 0.63046875 0.715625 0.1421875 0.18046875
34 0.76328125 0.53359375 0.1296875 0.1703125
34 0.7640625 0.70859375 0.13203125 0.1703125
34 0.8859375 0.7 0.11328125 0.165625
34 0.7640625 0.36875 0.115625 0.165625
34 0.88125 0.37109375 0.115625 0.1703125
34 0.884375 0.5375 0.115625 0.15859375