34 0.2733478864473733 0.2257214535271876 0.2771775801000248 0.2501039778374471
34 0.3213631522824909 0.4014108502932558 0.24510922618081654 0.22034123473485212
34 0.3758868308914477 0.5594999892574078 0.23706940564770312 0.2121192989592032
34 0.4842111786089568 0.18060810662483381 0.25498433135366605 0.23802005766563053
34 0.5284793188172537 0.3615615355030776 0.26275136724704334 0.23686699344127932
34 0.5753496217993899 0.5247099886915809 0.2465807979675713 0.21729812188998174
34 0.6944978092503423 0.1424850661449152 0.2608706185006847 0.22584760628614955
34 0.7339420571387713 0.3185053335577697 0.2532854390337981 0.23325067051050077
34 0.7715282883341528 0.4842874638154946 0.23716033386094856 0.21524429895920325
34 0.43204120566033843 0.7200147653766896 0.22714883636823108 0.19287797602842466
34 0.6148476939818559 0.6757711996820003 0.22576819279472177 0.19904608887329509
34 0.8003161810497321 0.6425879647200057 0.2274216210079671 0.20225297602842468
34 0.6493400174179632 0.8156492492070304 0.2129044799417404 0.18589099163225703
34 0.8301892006457734 0.7845641027796466 0.21299540815498555 0.18901599163225705
34 0.8542524894421447 0.9145348857963335 0.20459187476889085 0.1682940558566081
34 0.47942833419015296 0.8473076057203226 0.20463733887551355 0.16985655585660817
34 0.5122755896004293 0.9420624265033947 0.20864287727617317 0.11587514699321062
34 0.6858123780010891 0.9296039097121378 0.19677937476889085 0.1407921805757244