34 0.11222218652933721 0.6578107256502708 0.22444437305867443 0.2631660219140972
34 0.293534135039574 0.6718072215930809 0.20182542794496666 0.23463191882984216
34 0.46220228948607767 0.6712054293864442 0.1921230457309815 0.22509327759614023
34 0.13483129075202208 0.4317567402607674 0.2176686827542901 0.2411546542193456
34 0.32234864891939013 0.45034527881725134 0.21643356496827523 0.25050238068039515
34 0.49297860744957783 0.46064007630218917 0.19557542794496657 0.23452282467404081
34 0.15993052758999618 0.2048942313323136 0.22101193756361354 0.24745920129724625
34 0.34642109909687535 0.23052765665827285 0.21292661905195925 0.23951033360249455
34 0.516723675413078 0.2501974541432106 0.19368554573098146 0.22512055113509044
34 0.6339681620814159 0.6713303401019068 0.17310022721932725 0.21695349512873605
34 0.6494642204262693 0.47352408563768 0.18091272721932725 0.21708986282348772
34 0.6774057150687917 0.2770621428618504 0.18403772721932726 0.21714440990138845
34 0.7941492378494643 0.48895639651529843 0.1695387176006804 0.2043989480508353
34 0.8227355732361596 0.2963870669699936 0.1711012176006804 0.20442622158978568
34 0.9344443995523622 0.3170796221655691 0.11452383538669508 0.19406937418757356
34 0.7698783802302506 0.6697387922132274 0.15369546279135698 0.19787621266133187
34 0.8960862161651001 0.6776858855582498 0.14917165389834963 0.2024818920444808
34 0.9180406056354794 0.49616315016874635 0.13456351687504126 0.18661143019392784