34 0.2910254728883248 0.6770986392225425 0.09587486859279988 0.17237479991529536
34 0.24432688642447808 0.6595702340032229 0.0958112015966055 0.17081229991529537
34 0.19616130045492292 0.6442945735222316 0.09262253460041112 0.16906778939195172
34 0.1487769644853678 0.6290644156720762 0.0958112015966055 0.17081229991529553
34 0.1036727115196183 0.6124082657144283 0.09249520060802233 0.1659427893919517
34 0.06247470855386876 0.5959796289109602 0.0833112015966055 0.17008425782192055
34 0.036215956082410836 0.5827592920933748 0.031048364638467198 0.1498935841867496
34 0.3163623484012069 0.8780996971009328 0.09249520060802237 0.1659427893919517
34 0.2673518454354574 0.8612160339891055 0.09568386760421674 0.16768729991529555
34 0.8856668108350462 0.7335556386578451 0.11418451680591417 0.08614887357870131
34 0.17092517300205554 0.8283209630271227 0.09249520060802233 0.1659427893919517
34 0.13106683554962564 0.8065145814853265 0.08098469764227278 0.15124325256024881
34 0.07277683307816771 0.7914286368034681 0.08787136760421672 0.16723227360693613
34 0.04717199661432099 0.7751288026167185 0.03780770060802232 0.1627576052334369
34 0.9684176899993437 0.7067116885731405 0.0631646200013126 0.07440773677523324
34 0.9616536492760593 0.7621426412180938 0.07155134783255335 0.07275423151356133
34 0.8959702994663397 0.6803774307512199 0.11424818380210837 0.08771137357870132
34 0.21837317596780506 0.8451136208772783 0.09568386760421674 0.16768729991529518
34 0.7972317105310351 0.6481271018967294 0.11737318380210837 0.08789338410204497
34 0.7845844718997416 0.7011688019108469 0.11743685079830293 0.08945588410204497
34 0.7001192885919248 0.6175302783039107 0.11424818380210837 0.08771137357870132
34 0.688189632964437 0.6690549809488641 0.11737318380210837 0.08789338410204514
34 0.3848789491623286 0.5703319707078689 0.11899935079830275 0.08954688936371688
34 0.3021155287060931 0.5475854444700969 0.08079901384016441 0.07017526308359248
34 0.3982437707974277 0.5157732733245874 0.1141845168059139 0.08614887357870131
34 0.293414349352609 0.48706517342340944 0.12400518577927473 0.09763240514873246
34 0.18888867543633242 0.44668382615306756 0.12368685079830274 0.08981990514873246
34 0.18105627079742773 0.5031235419522004 0.13012785178688593 0.09487142619541977
34 0.1047855894667773 0.4293150446536235 0.08567751482874762 0.07513577886860805
34 0.10376160034119222 0.48069553413027977 0.09843218281352516 0.08211382096198286
34 0.048393668021958616 0.40342810786427297 0.06230368182494202 0.07533319994353031
34 0.04355892939066512 0.4569248341867496 0.052992348821136404 0.07634966837349921
34 0.9263130099601937 0.8894640044146257 0.09756470258518846 0.1755908051769673
34 0.8751179244849302 0.8763500834102906 0.0958112015966055 0.17081229991529545
34 0.8275107540286948 0.8556511755601353 0.1006897025851888 0.17577281570031075
34 0.7777190010629453 0.8387220098174721 0.09899986859279988 0.17255681043863902
34 0.7294897480971957 0.8218838493364806 0.09899986859279988 0.17255681043863902
34 0.6805110786295434 0.8057814362246531 0.09587486859279988 0.17237479991529545
34 0.6299380756637939 0.7888067678511541 0.09756470258518864 0.1755908051769673
34 0.5809912396942387 0.7734856047393268 0.09899986859280005 0.17255681043863902
34 0.5329211542189751 0.7605536942583353 0.09568386760421674 0.16768729991529535
34 0.4861589007589341 0.7414627890390159 0.09587486859279988 0.17237479991529536
34 0.4363989812912818 0.7253148732963526 0.09587486859279988 0.17237479991529553
34 0.3875158123179211 0.7115562101845253 0.09587486859279988 0.17237479991529536
34 0.3391910588578799 0.6923742997035338 0.09899986859279988 0.17255681043863902