34 0.7202660758714546 0.3351593198997773 0.1676655348257091 0.07065904002227175
34 0.7259295776804768 0.2866854572326864 0.1661030348257091 0.0706408586887262
34 0.7347590230670641 0.2373939818985047 0.16593926051544958 0.0675158586887262
34 0.7435065812985215 0.1896650065643229 0.16610303482570926 0.0706408586887263
34 0.7498694459524141 0.1427445532304593 0.1628142605154496 0.06747949602163539
34 0.7563141977614364 0.09426159989659566 0.1661030348257091 0.07064085868872624
34 0.7640757881050695 0.05044796522918661 0.14974105042954128 0.05639654535327181
34 0.894463814451494 0.4229213072088239 0.1628142605154494 0.0674794960216353
34 0.9009495098380811 0.3736571038749603 0.16141553482570892 0.07058631468808993
34 0.48868861149013315 0.8953263025939124 0.07431832654882306 0.10704997867599957
34 0.9116590377663851 0.2735934692075513 0.1503142605154494 0.06733404535327185
34 0.9154734345324533 0.2306065378740058 0.1467798247398008 0.05948518268618095
34 0.9218329771600786 0.16885142520691493 0.14126680913596842 0.07347495735199913
34 0.9268790032793603 0.11726165320659673 0.13641553482570892 0.07029541335136283
34 0.9327062793986421 0.06566279053950586 0.13016553482570928 0.07022268801718101
34 0.4218043266644241 0.964812646602503 0.06717421189493056 0.0601204346753633
34 0.4786308587765998 0.9680552779280942 0.06520227611928178 0.052289753341817756
34 0.43441054726578193 0.8881501492680031 0.07588082654882307 0.10706816000954511
34 0.9066948988022332 0.32362074120786943 0.15516553482570927 0.07051358935390813
34 0.45141101877165096 0.7872325392664121 0.07448210085908258 0.11017497867599957
34 0.507292526573567 0.7936092612587762 0.07604460085908257 0.11019316000954493
34 0.46985115954482526 0.6886404979312759 0.07588082654882307 0.10706816000954511
34 0.5234298609243063 0.694263241923958 0.07448210085908258 0.11017497867599957
34 0.5763213240624323 0.3852422305856401 0.07612648801421233 0.11175566000954502
34 0.5947238432843092 0.30226609858373105 0.06166119629109836 0.07411020934118148
34 0.5196176226829513 0.37965584926004886 0.07431832654882306 0.10704997867599957
34 0.5430728120766447 0.2747592639242762 0.08410276232447185 0.11497156667727229
34 0.5557542757805976 0.16686494792332168 0.0748096494796016 0.11642497867599957
34 0.6113901221171244 0.1779291699156857 0.07982469810012063 0.12272952267663592
34 0.5795846014249095 0.08460643125400365 0.06503185775648763 0.07883407200827235
34 0.627984479873612 0.09965871924732214 0.07037445499752551 0.09138861600890869
34 0.5819969504749698 0.025706335296001713 0.07005355042954128 0.051412670592003426
34 0.6354937646993211 0.030863265913458525 0.0717798247398008 0.05861247867599957
34 0.6135414473112105 0.9711700925764133 0.16939845318850325 0.04413290268936265
34 0.6264442390343244 0.933542823241595 0.1661030348257091 0.07064085868872638
34 0.6298868215760415 0.8827524825748224 0.1709543091359686 0.07382040268936266
34 0.6380169041177584 0.8319075979074133 0.1678293091359686 0.07378404002227157
34 0.6445025995043456 0.7826433945735498 0.1678293091359686 0.07378404002227175
34 0.6534139320460625 0.7317894192393679 0.1676655348257091 0.07065904002227175
34 0.6615440145877794 0.6809445345719589 0.1707905348257089 0.07069540268936265
34 0.6711956535519314 0.6308627185710044 0.1678293091359686 0.07378404002227175
34 0.6823279053609538 0.5823252212365044 0.1629780348257091 0.0706044960216353
34 0.6864289071699761 0.533869539902959 0.1676655348257091 0.07065904002227175
34 0.695340239711693 0.4830155645687772 0.1676655348257091 0.07065904002227175
34 0.7057321850982803 0.43370590790104996 0.1676655348257091 0.07065904002227161
34 0.7114775740624323 0.38366954523395913 0.1678293091359686 0.07378404002227175