34 0.69453125 0.2859375 0.0484375 0.15390625
34 0.74140625 0.28828125 0.0484375 0.1515625
34 0.78828125 0.28828125 0.0453125 0.1515625
34 0.83515625 0.28828125 0.0484375 0.1515625
34 0.88046875 0.290625 0.0453125 0.14921875
34 0.92734375 0.29140625 0.0484375 0.1515625
34 0.96953125 0.29140625 0.0359375 0.1390625
34 0.62890625 0.1046875 0.0453125 0.14921875
34 0.67734375 0.10625 0.0484375 0.14921875
34 0.1375 0.4140625 0.09609375 0.053125
34 0.77265625 0.1078125 0.0453125 0.14921875
34 0.8140625 0.115625 0.03828125 0.134375
34 0.875 0.1109375 0.05078125 0.14921875
34 0.92421875 0.1125 0.0484375 0.146875
34 0.97421875 0.1125 0.0484375 0.146875
34 0.04609375 0.4671875 0.0890625 0.05546875
34 0.04453125 0.4109375 0.0890625 0.05546875
34 0.1390625 0.4671875 0.09609375 0.05546875
34 0.72578125 0.10625 0.0484375 0.14921875
34 0.23671875 0.4671875 0.0984375 0.053125
34 0.23671875 0.4140625 0.0984375 0.05546875
34 0.3328125 0.4671875 0.09609375 0.05546875
34 0.33203125 0.4140625 0.0984375 0.053125
34 0.63125 0.415625 0.10078125 0.05546875
34 0.7125 0.41171875 0.06484375 0.0484375
34 0.63125 0.4703125 0.09609375 0.053125
34 0.7328125 0.465625 0.103125 0.0625
34 0.8375 0.471875 0.10546875 0.053125
34 0.83203125 0.41640625 0.1109375 0.0578125
34 0.9171875 0.4625 0.06953125 0.05078125
34 0.9078125 0.4140625 0.08203125 0.053125
34 0.97578125 0.4703125 0.0453125 0.06015625
34 0.97421875 0.4171875 0.0484375 0.06015625
34 0.021875 0.27734375 0.04296875 0.1515625
34 0.06640625 0.2796875 0.0484375 0.15625
34 0.11640625 0.27578125 0.0484375 0.1515625
34 0.1640625 0.28125 0.05078125 0.15625
34 0.2140625 0.28125 0.05078125 0.15390625
34 0.2609375 0.2828125 0.05078125 0.15390625
34 0.31015625 0.2828125 0.0484375 0.15390625
34 0.36015625 0.284375 0.0484375 0.15625
34 0.4078125 0.2828125 0.05078125 0.15390625
34 0.45546875 0.28125 0.0484375 0.14921875
34 0.50234375 0.284375 0.0484375 0.15390625
34 0.55078125 0.284375 0.0484375 0.15390625
34 0.59921875 0.2828125 0.0484375 0.15390625
34 0.646875 0.2859375 0.05078125 0.15390625