34 0.5663871702682308 0.9301916512571854 0.05386131908544911 0.12718066534054487
34 0.3967725443939729 0.514949553946548 0.06035675878059869 0.16944089067472684
34 0.4280543606507516 0.5200546772756389 0.06035675878059869 0.16944089067472703
34 0.5969952581914235 0.550903593252731 0.06510789129415606 0.1804329346753633
34 0.6290628696277419 0.5567808759150493 0.06507152985783762 0.1741829346753633
34 0.6626884358845206 0.5618587272438222 0.06508062021691714 0.1757454346753633
34 0.6963140021412993 0.5669365785725953 0.06195562021691714 0.1757090720082722
34 0.9613713755796702 0.6005735925366423 0.0665885780624393 0.16638861600890884
34 0.05768173155503979 0.24543922199236395 0.07470105991206685 0.21804202267663583
34 0.10224934299135827 0.2511710539863188 0.09344196955298725 0.21669769867918126
34 0.1984158158639952 0.26255290197327397 0.07934310811666875 0.2102840666772722
34 0.2899129694547914 0.2771142939608654 0.0809510599120669 0.21811474801081765
34 0.33292717125018945 0.28442680728836567 0.08092378883482798 0.21342724801081764
34 0.37593228268650797 0.29017682061586597 0.08404878883482798 0.21346361067790856
34 0.363932773316734 0.5106438619510023 0.0634817587805987 0.16947725334181776
34 0.418946484481906 0.29748933394336624 0.08092378883482798 0.21342724801081764
34 0.46274193627730414 0.3047927566040938 0.07934310811666875 0.2102840666772722
34 0.5073140928931623 0.3113058385980486 0.08405787919390768 0.21502611067790856
34 0.551095909149941 0.3162655112587761 0.08404878883482798 0.21346361067790856
34 0.5964674964839586 0.32589450258595826 0.08093287919390768 0.21498974801081766
34 0.6410351079202771 0.3316263345799131 0.08405787919390768 0.21502611067790856
34 0.6840584000747547 0.3405013479074134 0.08405787919390768 0.21502611067790856
34 0.7317555566906131 0.34697806723427727 0.08404878883482798 0.21346361067790856
34 0.7873061199223296 0.360395129893414 0.08093287919390768 0.21498974801081766
34 0.8311015717177277 0.3676985525541416 0.08093287919390768 0.21498974801081766
34 0.8725396379745064 0.3726854972151873 0.0809419695529872 0.21655224801081774
34 0.9264822494108248 0.37830824120786943 0.08093287919390768 0.21498974801081766
34 0.977416993753484 0.389417916534097 0.04516601249303207 0.21460794000636332
34 0.33421800223949516 0.5063018072883657 0.06035675878059869 0.16944089067472684
34 0.9500303963623216 0.7999377932050058 0.04309653590796181 0.15674089600572697
34 0.8601002879510652 0.7861394698838688 0.05873062626704133 0.1584852093411815
34 0.8264792668738264 0.7818428685550961 0.05873062626704133 0.1584852093411815
34 0.7959787006170477 0.7767286545592322 0.05873971662612103 0.16004770934118148
34 0.6646559777444108 0.7657558865770495 0.0634999394987581 0.17260225334181775
34 0.6333832518467117 0.7622132632479586 0.06349993949875792 0.17260225334181775
34 0.5997531404103933 0.7563541619191856 0.06507152985783762 0.1741829346753633
34 0.5661275741536146 0.7512763105904126 0.06349993949875792 0.17260225334181775
34 0.3956196314334028 0.719664325946866 0.060329487703359864 0.16475339067472686
34 0.36590031517662414 0.7145410212842295 0.058757897344280254 0.1631727093411815
34 0.33383724891984545 0.7094449886219112 0.061891987703359866 0.1647715720082724
34 0.30333668266306685 0.7043307746260473 0.061891987703359866 0.1647715720082724
34 0.9165462515521241 0.9534627825430058 0.041043156517662285 0.0723477146721816
34 0.8907513660135047 0.9514190245465055 0.0613829275949012 0.07727157200827221
34 0.8626218208339648 0.9509650385503235 0.05826701795398108 0.0787977093411815
34 0.8297911401158057 0.9482218465547779 0.05830337939029917 0.08504770934118148
34 0.8000854593976463 0.9454422918921412 0.05833974082661788 0.09129770934118149
34 0.7657013690385668 0.9442797812301411 0.06148292154477701 0.09445907200827222
34 0.6296956913454697 0.9341428072485947 0.061619276930971266 0.11789657200827222
34 0.5976462606273104 0.9313905245862764 0.056968138367289714 0.12409202800763594
34 0.5343377395500716 0.927439368594867 0.05858518052176755 0.13348520934118113
34 0.3677996793434172 0.9067194306174567 0.05553290339440444 0.14594884667409075
34 0.33887070344571807 0.9031495352880476 0.05396131303532483 0.14436816534054486
34 0.27864173057308117 0.8913495166295473 0.05710449375348405 0.14752952800763594
34 0.30758434200939966 0.8972631619589564 0.05397040339440444 0.14593066534054486
34 0.8937213090283042 0.7904360712126419 0.05871244554888193 0.1553602093411815
34 0.923436080105543 0.7947781258752784 0.06498971662612121 0.16012043467536313
34 0.8605083123479538 0.5876837885503235 0.06347266842151918 0.16791475334181777
34 0.9308844448615112 0.5978031285407786 0.0634635780624393 0.16635225334181775