34 0.34458034796132797 0.9464648920797231 0.038099963699254766 0.10334316861791067
34 0.5796941287029282 0.534926907499621 0.044804481653235584 0.18150453005422928
34 0.5453282190620079 0.5366893953993727 0.044804481653235584 0.18150453005422928
34 0.3594679871141847 0.5510523981298472 0.04799311416679295 0.1924602107723885
34 0.3227674178323439 0.5543910215682182 0.047956752730474506 0.1862102107723885
34 0.2868344630118837 0.5553813498270495 0.047974933448633725 0.18933521077238852
34 0.24934355337096337 0.5571620184449602 0.04484993344863373 0.18931703005422945
34 0.9743334212501894 0.28262250147293794 0.048229463502863015 0.2330852107723885
34 0.9274675116092691 0.2844577122453265 0.07478287314378348 0.23167724687674207
34 0.8227891019683486 0.28662926630366087 0.059112421348385256 0.22377384328594588
34 0.7228163730455875 0.29189854928475645 0.06072946350286301 0.2331579336450255
34 0.6751783037637468 0.2953008052366847 0.059130602066544566 0.22689884328594587
34 0.6283078489432866 0.29635476600907334 0.06225560206654457 0.2269170240041051
34 0.6148549238824682 0.5355036244203297 0.04792948165323559 0.18152271077238852
34 0.580665234481906 0.2989757719610016 0.059130602066544566 0.22689884328594587
34 0.5322459152000653 0.3023825730924698 0.05911242134838535 0.22377384328594588
34 0.4838129603796051 0.30344562422393795 0.0638362827847038 0.2300511143631848
34 0.4361567103796051 0.3037228801758663 0.06225560206654457 0.2269170240041051
34 0.3861839814568439 0.30870127166641403 0.06071128278470379 0.23003293364502547
34 0.3377555718159235 0.3105455727978822 0.0638362827847038 0.2300511143631847
34 0.2901220477136226 0.31472907874981054 0.0638362827847038 0.2300511143631847
34 0.2385686380727022 0.31659156059943794 0.06225560206654457 0.2269170240041051
34 0.17767204468856052 0.323977334603543 0.06071128278470379 0.2300329336450254
34 0.12925272540671973 0.3273841357350112 0.06071128278470379 0.23003293364502547
34 0.08316352058625953 0.3284335513278599 0.06071128278470379 0.2300329336450254
34 0.02769477058625953 0.3287562590751863 0.052898782784703814 0.22998748184962742
34 0.6484350383438487 0.5329644317001179 0.044804481653235584 0.18150453005422928
34 0.04747302292395058 0.7739687651253104 0.044722668421519104 0.16744203005422947
34 0.0841917729239506 0.7737551416869395 0.044722668421519084 0.16744203005422928
34 0.11855768256487095 0.7719926537871878 0.04474084913967835 0.1705670300542293
34 0.2607633632830302 0.7742904311109428 0.047938572012315286 0.1830852107723885
34 0.29514290846257 0.7748716932111911 0.047938572012315286 0.1830852107723885
34 0.3310667729239506 0.77231886495236 0.047956752730474506 0.1862102107723885
34 0.368557682564871 0.7705381963344491 0.047938572012315286 0.1830852107723885
34 0.5551991645126942 0.7561706484244348 0.04477721057599684 0.17681703005422927
34 0.5879980289740748 0.7536360008837628 0.04475902985783762 0.17369203005422945
34 0.622368483794535 0.7526547629840111 0.04477721057599684 0.17681703005422947
34 0.6567298482559155 0.7501110250842596 0.04477721057599684 0.17681703005422927
34 0.05398261903856681 0.9528431988685317 0.041170421544777056 0.09398634933607006
34 0.087571823859027 0.9518665061483201 0.042742011903856666 0.09555793969514995
34 0.1258576190385668 0.9524250423508696 0.04742042154477706 0.09402271077238851
34 0.27505818832040757 0.948431913058766 0.045894282981095456 0.10026362041330898
34 0.3102053479613279 0.9466648799794746 0.04122496369925477 0.10336134933607007
34 0.3797320527817882 0.9454791090004315 0.04279655405833438 0.10493293969514958
34 0.5632939865250095 0.9389422418085764 0.04127950585373252 0.11273634933607006
34 0.5945394413454697 0.9379791846269843 0.03814541549465282 0.11115566861791067
34 0.6601280799091512 0.9313473895456402 0.04128859621281204 0.11429884933607007
34 0.6289008058068501 0.9354354467272327 0.03815450585373235 0.11271816861791066
34 0.024044613283030203 0.7756676205115048 0.01969539734428024 0.16260908430895551
34 0.07045093890958276 0.5605466145595764 0.04792039129415604 0.1799602107723885