34 0.3625 0.0734375 0.02890625 0.146875
34 0.596875 0.4609375 0.03125 0.16328125
34 0.565625 0.4609375 0.03125 0.16328125
34 0.396875 0.45859375 0.03359375 0.1734375
34 0.3640625 0.4578125 0.03359375 0.16796875
34 0.33125 0.45859375 0.03359375 0.1703125
34 0.296875 0.45859375 0.03125 0.1703125
34 0.03359375 0.46875 0.0359375 0.15859375
34 0.97578125 0.6703125 0.0453125 0.21171875
34 0.9265625 0.6703125 0.05546875 0.20703125
34 0.83125 0.67421875 0.04296875 0.2015625
34 0.740625 0.675 0.04296875 0.209375
34 0.696875 0.67421875 0.04296875 0.2046875
34 0.65390625 0.67578125 0.0453125 0.2046875
34 0.6296875 0.459375 0.03359375 0.16328125
34 0.6109375 0.67578125 0.04296875 0.2046875
34 0.5671875 0.67578125 0.04296875 0.2015625
34 0.52265625 0.6765625 0.0453125 0.20703125
34 0.47890625 0.67890625 0.0453125 0.2046875
34 0.434375 0.6765625 0.04296875 0.20703125
34 0.38984375 0.678125 0.0453125 0.20703125
34 0.34609375 0.6765625 0.0453125 0.20703125
34 0.29921875 0.67734375 0.0453125 0.2046875
34 0.24375 0.6734375 0.04296875 0.20703125
34 0.2 0.6734375 0.04296875 0.20703125
34 0.1578125 0.675 0.04296875 0.20703125
34 0.1046875 0.678125 0.04296875 0.20703125
34 0.03359375 0.678125 0.0453125 0.20703125
34 0.659375 0.459375 0.03125 0.16328125
34 0.0109375 0.2734375 0.01953125 0.15390625
34 0.1015625 0.27265625 0.03125 0.1515625
34 0.134375 0.27109375 0.03125 0.1515625
34 0.165625 0.2703125 0.03125 0.15390625
34 0.2953125 0.2609375 0.03359375 0.165625
34 0.3265625 0.259375 0.03359375 0.165625
34 0.359375 0.259375 0.03359375 0.16796875
34 0.39375 0.259375 0.03359375 0.165625
34 0.5640625 0.2625 0.03125 0.15859375
34 0.59375 0.2625 0.03125 0.15625
34 0.625 0.2625 0.03125 0.15859375
34 0.65625 0.2625 0.03125 0.15859375
34 0.01015625 0.08125 0.0171875 0.14921875
34 0.03828125 0.0796875 0.0359375 0.146875
34 0.0671875 0.0765625 0.03359375 0.14921875
34 0.0984375 0.07578125 0.03125 0.1515625
34 0.1296875 0.07578125 0.03359375 0.1515625
34 0.16328125 0.07421875 0.0359375 0.1484375
34 0.29921875 0.0734375 0.0359375 0.146875
34 0.33125 0.07421875 0.03125 0.1484375
34 0.3953125 0.0734375 0.03359375 0.146875
34 0.5609375 0.075 0.03125 0.14453125
34 0.5890625 0.0734375 0.02890625 0.14453125
34 0.65 0.075 0.03125 0.146875
34 0.6203125 0.075 0.02890625 0.14453125
34 0.06875 0.2734375 0.03125 0.14921875
34 0.03828125 0.27421875 0.0359375 0.1515625
34 0.134375 0.46484375 0.03359375 0.1609375
34 0.0640625 0.46640625 0.03359375 0.1609375