35 0.1698785789329093 0.7871750533463103 0.2914137176006804 0.2131498933073793
35 0.16365337158384796 0.7209279708367964 0.282237125042409 0.17376905832640724
35 0.154900908877309 0.8511566403044487 0.256438516875041 0.19456171939110262
35 0.43701649363103207 0.9092914979856527 0.3864335517214313 0.16397224707143182
35 0.4824728373704298 0.8667564880998209 0.3590178798517325 0.18313874113993264
35 0.5070437622353536 0.8086428991645163 0.2589434687818068 0.13225272037968594
35 0.7448661991659951 0.9202184332334546 0.24885914065150558 0.11155821840251931
35 0.8050125254821975 0.8950791703818733 0.1738591406515056 0.10850220258518846
35 0.31338795443865447 0.4159646037268712 0.358001016875041 0.19870007414373808
35 0.6269370776669649 0.5228897884803818 0.30701887023308566 0.16853773026551763
35 0.6478200073412121 0.471185367035563 0.2893948606144388 0.1553373933073793
35 0.5590154568857252 0.5718167198110321 0.22747521397248338 0.12472938045579803
35 0.8637153697697494 0.6493727395455146 0.24509922359113007 0.13792971741393636
35 0.8737934417823737 0.6073616530816679 0.2524131164352525 0.13537772037968593
35 0.474841287293461 0.11052373414548815 0.3508978450053421 0.21869423916276612
35 0.37488098202865067 0.205350755894318 0.3441567716843643 0.2043770711779886