35 0.82421875 0.86640625 0.3484375 0.1203125
35 0.8140625 0.8 0.28828125 0.09375
35 0.834375 0.9328125 0.33046875 0.11328125
35 0.5015625 0.9390625 0.35234375 0.09609375
35 0.4703125 0.875 0.32578125 0.09140625
35 0.4578125 0.8171875 0.234375 0.06484375
35 0.209375 0.89296875 0.22265625 0.0765625
35 0.1625 0.84453125 0.15234375 0.0640625
35 0.7109375 0.48203125 0.31875 0.1078125
35 0.396875 0.52734375 0.275 0.0890625
35 0.38671875 0.475 0.2609375 0.08046875
35 0.4515625 0.58515625 0.203125 0.0671875
35 0.1515625 0.6046875 0.21875 0.07421875
35 0.146875 0.5625 0.234375 0.06875
35 0.615625 0.16796875 0.30859375 0.1296875
35 0.6921875 0.2734375 0.30546875 0.11640625