35 0.07203698997454663 0.18965954506457736 0.14342602005090674 0.3790463054894186
35 0.14541085530713757 0.19726510807584335 0.11312035471036164 0.3250574874635877
35 0.0328125 0.17756271034569898 0.065625 0.35494356426490725
35 0.019875053310001074 0.5396989974927175 0.03975010662000215 0.39189799498543504
35 0.053191537973433047 0.5750969398917278 0.10638307594686609 0.367199523356965
35 0.11502063725336731 0.5926087003165691 0.07961696403563474 0.26472774122451137
35 0.03398136461650231 0.8643951206122557 0.06796272923300462 0.25066524122451134
35 0.07531051054268753 0.9157817758642475 0.07687267735518082 0.16311977711788864
35 0.4947830519573656 0.3285655500126353 0.12912716271481592 0.3583246285298145
35 0.43447861457673137 0.6753663421742188 0.1082692227084527 0.31085859514371955
35 0.49293600457514053 0.6887899961725694 0.09714990937299817 0.2949153463973609
35 0.3727058679185492 0.6110477779093115 0.0823237933640895 0.22888116943775677
35 0.34259800787718747 0.9099924286089568 0.08655676002545336 0.18001514278208647
35 0.3887008485439602 0.9095252472616083 0.08190562269254417 0.1809495054767833
35 0.8411302459420936 0.4511813137361818 0.15403625604708857 0.35123955423577746
35 0.7265234006206385 0.3603169698461034 0.1399010307129071 0.34458037727617336