35 0.6756101575265466 0.2859375 0.5182837524470706 0.165625
35 0.6629043156012474 0.36953125 0.502966287293461 0.1296875
35 0.616711394997493 0.63515625 0.40620041469812274 0.1328125
35 0.22371536314632748 0.634375 0.4000049784004537 0.134375
35 0.6595089862898199 0.42890625 0.33614088584218216 0.0953125
35 0.21816725679305798 0.69921875 0.19129961179556512 0.0640625
35 0.6414732265863551 0.09140625 0.3110714531727101 0.1828125
35 0.859496540288686 0.09296875 0.2596180805773719 0.1859375
35 0.9649615730469006 0.28515625 0.07007685390619897 0.109375
35 0.9621924817121645 0.3640625 0.07561503657567101 0.0921875
35 0.995142635568105 0.43046875 0.009714728863789901 0.075
35 0.9939310823914702 0.48125 0.01213783521705949 0.046875