35 0.24623503830495136 0.610887056349241 0.20712308547151323 0.5248912065395214
35 0.33180051607243277 0.6026381576418353 0.17376494844820475 0.507929199619439
35 0.6012152041842005 0.5721507974891734 0.1673115626060225 0.4124893656270503
35 0.6311706105296208 0.20722613444731172 0.16055064191744997 0.3529233646384672
35 0.39203861162592907 0.6027455869953193 0.12423119600113405 0.3405215237259963
35 0.7002306345762378 0.17874564878176774 0.07853177168436432 0.193553681824942
35 0.07878965499465788 0.5683454347906916 0.15757930998931577 0.317940869581383
35 0.070681999915182 0.8103737673002055 0.141363999830364 0.32074753460041106
35 0.05569686225890125 0.9490224318249421 0.1113937245178025 0.044919863649884206
35 0.21718985673178764 0.9273423858930055 0.12009922359113015 0.13283635771838503
35 0.2960415430294568 0.9302757376613009 0.10485616950744614 0.1394485246773982
35 0.3596030460246816 0.9649909538209176 0.0840327488188736 0.07001809235816481
35 0.4087399504711854 0.9666549187448055 0.0575793762235353 0.06669016251038898