35 0.63515625 0.68984375 0.4640625 0.1265625
35 0.61640625 0.6140625 0.4515625 0.09609375
35 0.553125 0.3734375 0.36328125 0.103125
35 0.19375 0.39296875 0.359375 0.1046875
35 0.60859375 0.559375 0.3015625 0.071875
35 0.18359375 0.334375 0.1703125 0.04921875
35 0.62109375 0.89609375 0.2703125 0.2078125
35 0.853125 0.88125 0.290625 0.209375
35 0.98046875 0.86953125 0.0359375 0.1984375
35 0.9359375 0.6765625 0.125 0.09765625
35 0.9296875 0.60390625 0.140625 0.0796875
35 0.95625 0.54140625 0.08515625 0.0671875
35 0.953125 0.496875 0.09140625 0.04296875