8 0.6484375 0.35078125 0.02890625 0.0265625
8 0.6203125 0.353125 0.02421875 0.021875
8 0.2859375 0.353125 0.03125 0.03359375
8 0.31875 0.3546875 0.02890625 0.021875
8 0.353125 0.3546875 0.02421875 0.02421875
8 0.58984375 0.3546875 0.0265625 0.03125
8 0.49453125 0.35546875 0.0265625 0.0265625
8 0.284375 0.35625 0.02421875 0.02421875
8 0.46328125 0.3546875 0.0265625 0.02890625
8 0.553125 0.3578125 0.03359375 0.021875
8 0.3828125 0.35703125 0.02421875 0.0265625
8 0.521875 0.3578125 0.02890625 0.02421875
8 0.08515625 0.359375 0.0171875 0.021875
8 0.1125 0.3640625 0.01953125 0.02421875
8 0.0484375 0.36484375 0.03359375 0.0265625
8 0.709375 0.44375 0.02890625 0.021875
8 0.6390625 0.446875 0.03125 0.021875
8 0.45546875 0.44765625 0.0265625 0.0265625
8 0.353125 0.4484375 0.021875 0.021875
8 0.3234375 0.4484375 0.021875 0.02421875
8 0.290625 0.45 0.021875 0.02421875
8 0.265625 0.45078125 0.01953125 0.0359375
8 0.428125 0.45078125 0.02421875 0.0265625
8 0.390625 0.4515625 0.02421875 0.02421875
8 0.08828125 0.4515625 0.0171875 0.02421875
8 0.125 0.45625 0.02890625 0.03125
8 0.0609375 0.45625 0.02890625 0.02890625
8 0.565625 0.0484375 0.02421875 0.01953125
8 0.57421875 0.490625 0.0140625 0.009375
8 0.4921875 0.05 0.03125 0.021875
8 0.60546875 0.0484375 0.0265625 0.01953125
8 0.66875 0.496875 0.02890625 0.01953125
8 0.5671875 0.49921875 0.02421875 0.0265625
8 0.63671875 0.5 0.0265625 0.02421875
8 0.709375 0.5 0.02421875 0.02421875
8 0.5 0.5015625 0.02421875 0.01953125
8 0.60078125 0.5015625 0.0265625 0.021875
8 0.5359375 0.503125 0.021875 0.02421875
8 0.3578125 0.503125 0.02890625 0.02421875
8 0.428125 0.5015625 0.02890625 0.01953125
8 0.46171875 0.5046875 0.0265625 0.021875
8 0.290625 0.5046875 0.02890625 0.02890625
8 0.3890625 0.5046875 0.03359375 0.02890625
8 0.53359375 0.05 0.0265625 0.01953125
8 0.325 0.50625 0.02890625 0.02421875
8 0.228125 0.5078125 0.02421875 0.02421875
8 0.2640625 0.50859375 0.03125 0.0265625
8 0.13125 0.509375 0.021875 0.021875
8 0.059375 0.50859375 0.01953125 0.0265625
8 0.15859375 0.5109375 0.0265625 0.021875
8 0.196875 0.5109375 0.02890625 0.01953125
8 0.103125 0.5140625 0.02421875 0.03125
8 0.303125 0.5859375 0.02890625 0.01953125
8 0.240625 0.58828125 0.021875 0.0171875
8 0.2703125 0.5890625 0.02421875 0.01953125
8 0.33828125 0.5890625 0.0265625 0.02421875
8 0.15 0.59140625 0.03359375 0.0140625
8 0.115625 0.59140625 0.02421875 0.0140625
8 0.209375 0.59375 0.02421875 0.02421875
8 0.3078125 0.6375 0.02421875 0.01953125
8 0.3421875 0.6390625 0.01953125 0.021875
8 0.275 0.64140625 0.02890625 0.0265625
8 0.1828125 0.64140625 0.02421875 0.0265625
8 0.121875 0.64296875 0.02890625 0.0140625
8 0.2421875 0.6421875 0.021875 0.02421875
8 0.15703125 0.6421875 0.0359375 0.02421875
8 0.21484375 0.6453125 0.0265625 0.021875
8 0.0921875 0.646875 0.02421875 0.01953125
8 0.6 0.090625 0.02421875 0.021875
8 0.5609375 0.090625 0.021875 0.021875
8 0.48828125 0.0921875 0.0140625 0.021875
8 0.53125 0.09375 0.02890625 0.02421875
8 0.60234375 0.1921875 0.0265625 0.021875
8 0.565625 0.19140625 0.02421875 0.0265625
8 0.528125 0.1921875 0.02890625 0.02890625
8 0.4953125 0.19375 0.02890625 0.02890625
8 0.09375 0.20390625 0.02421875 0.0265625
8 0.0578125 0.2046875 0.01953125 0.02421875
8 0.0265625 0.2078125 0.02421875 0.02421875
8 0.5578125 0.29296875 0.02421875 0.0265625
8 0.45625 0.2921875 0.02890625 0.02890625
8 0.3453125 0.29375 0.02890625 0.02421875
8 0.31484375 0.29296875 0.0265625 0.0265625
8 0.525 0.29453125 0.03125 0.0171875
8 0.37890625 0.2953125 0.0265625 0.02421875
8 0.284375 0.2953125 0.02421875 0.02421875
8 0.1859375 0.2953125 0.03125 0.03359375
8 0.2171875 0.2984375 0.03359375 0.02890625
8 0.03984375 0.3 0.0265625 0.021875
8 0.11875 0.3 0.04296875 0.021875
8 0.084375 0.303125 0.02421875 0.021875