8 0.315625 0.3859375 0.25 0.13203125
8 0.62109375 0.3875 0.2546875 0.14921875
8 0.8671875 0.38828125 0.25234375 0.1703125
8 0.55703125 0.775 0.2046875 0.09609375
8 0.31484375 0.775 0.1921875 0.09609375
8 0.771875 0.775 0.23828125 0.09609375
8 0.9453125 0.8171875 0.10546875 0.18046875
8 0.62109375 0.08125 0.2734375 0.1625
8 0.2921875 0.0828125 0.271875 0.165625
8 0.884375 0.0875 0.22578125 0.15859375
8 0.54921875 0.9484375 0.2234375 0.10078125
8 0.31875 0.9484375 0.21171875 0.10078125
8 0.9296875 0.95625 0.134375 0.0875
8 0.75703125 0.95859375 0.2140625 0.0796875