8 0.6294871834007996 0.18546388098727062 0.17930015490666856 0.2676862015966055
8 0.6304233208946136 0.4115807120139099 0.19689709068231737 0.2761990385547438
8 0.6262768899802049 0.7489706240671884 0.1973884136130959 0.28557403855474384
8 0.24480124491161734 0.08949221741393629 0.1802274898232347 0.16637836958138305
8 0.24200263003058214 0.46747529596911763 0.11048155585660827 0.20407468775644108
8 0.22658459068231732 0.27740871148243723 0.17922491180407354 0.23649986859279987
8 0.21649577623082344 0.709665454562355 0.12461929895920329 0.2358340237259961
8 0.10121501922187685 0.08675985376405228 0.10868003844375371 0.16969968775644106
8 0.07769671132910369 0.26276659684397 0.11287621551297519 0.16051568874502423
8 0.07000479929788754 0.4581281763877346 0.10168640999505123 0.18500635277546915
8 0.9308560108541339 0.784901442773719 0.13828797829173212 0.3395612015966055
8 0.9184368187469069 0.42311902577752464 0.16312636250618623 0.32588070357377175
8 0.9171039518317364 0.17790202627181623 0.16579209633652708 0.2644338676042167