8 0.63125 0.5453125 0.10078125 0.053125
8 0.22109375 0.54765625 0.0890625 0.0453125
8 0.5265625 0.5484375 0.10078125 0.05546875
8 0.759375 0.5515625 0.09609375 0.05546875
8 0.3265625 0.5515625 0.09609375 0.06484375
8 0.1546875 0.6765625 0.06484375 0.05078125
8 0.42421875 0.7078125 0.0796875 0.06484375
8 0.240625 0.71640625 0.08671875 0.0671875
8 0.0453125 0.7171875 0.084375 0.07421875
8 0.6359375 0.73046875 0.09375 0.0671875
8 0.53125 0.7390625 0.09140625 0.071875
8 0.74609375 0.75234375 0.0890625 0.0765625
8 0.303125 0.2234375 0.115625 0.084375
8 0.77890625 0.2234375 0.1203125 0.10078125
8 0.659375 0.2234375 0.10546875 0.09140625
8 0.42109375 0.22578125 0.1109375 0.0890625
8 0.540625 0.225 0.11796875 0.09140625
8 0.1828125 0.22734375 0.11796875 0.0796875