8 0.11536574940322405 0.5135710566518188 0.17901698002863503 0.21299199069063518
8 0.26611972740290585 0.5094728079646835 0.1665351613621805 0.21440904002227157
8 0.41699188407063315 0.5155308092775479 0.15852266669318063 0.19713063335454456
8 0.02671178206554244 0.4825670519971365 0.044296534691271594 0.18174089600572696
8 0.9057522026973167 0.5402906205442785 0.18849559460536652 0.20065562269254436
8 0.5755674527370876 0.5121229039226854 0.15999426002545344 0.18933631468808976
8 0.7303458594048149 0.5181354519016864 0.19596812269254435 0.1928794853596351
8 0.259173030116131 0.8525688272995016 0.15507040268936256 0.1689692706874535
8 0.12308098878099474 0.8408693533179552 0.15183631468808995 0.15955790802036277
8 0.5452377994509492 0.8601791432606852 0.15049199069063518 0.17828972668681722
8 0.4044582581158129 0.8485342132797753 0.16611699069063518 0.17847154002227156
8 0.8681031347867219 0.8743934478835508 0.14580449069063528 0.17823518268618094
8 0.7014877994509492 0.8583610099061406 0.21035788669636232 0.22116811736154424