8 0.5604107170431589 0.9017977088530682 0.11431837955902786 0.0833647717116218
8 0.5577045975521173 0.8504171453708327 0.12558318787965278 0.09793669396136266
8 0.43450936578822874 0.5439938250641718 0.16849803970326396 0.1311516083532208
8 0.38616605081808997 0.37455677440221813 0.2377948599917362 0.22490591645877273
8 0.34318368949517347 0.14243778722249964 0.31083362290951405 0.2782535483856422
8 0.14924074696277717 0.7297495043432262 0.08314111474138897 0.08503427956950453
8 0.10378408301881888 0.6709952425564019 0.07369337955902786 0.08147263192686935
8 0.8190772022255199 0.8866285113770488 0.07878092306201401 0.09887845574818713
8 0.8245154635277773 0.5859200359841547 0.22424019984749996 0.17901121960192584
8 0.8376058367216318 0.14269249834737016 0.3243519154625698 0.2853849966947403
8 0.824373912425347 0.39082585980547213 0.30094947663298643 0.2559419007430071
8 0.7954981511230896 0.6926259543049541 0.196950348023889 0.14652405128112633