8 0.7598698070675853 0.9330989743518756 0.14771837014004524 0.12205945079743045
8 0.5707748804791274 0.1404906342117713 0.17951633374611511 0.16806293502986125
8 0.5494028405705406 0.05024684070878518 0.1644306811410811 0.07874586189159735
8 0.7638573320889759 0.7841347974901395 0.21516704342324341 0.22976415444465292
8 0.6742231739023709 0.3676545058870144 0.20608314185166687 0.23579594889756966
8 0.7355374712545558 0.5782296363959729 0.20800951488719618 0.24364481648875014
8 0.13278257485477488 0.10298214247680566 0.1510231526050339 0.09248105357097236
8 0.1748695291552198 0.23584984707395845 0.1723973465663966 0.21628222948277792
8 0.25012004797135745 0.4607966021079516 0.20404976095825472 0.2591607137152085
8 0.3221364048768363 0.6833268719595835 0.17959341645877275 0.23674019984750033
8 0.4005654276219153 0.8873935100679862 0.21077064185166688 0.22521297986402758