8 0.041578762982348236 0.6829790999717652 0.060247753246410886 0.05345819994353036
8 0.041650900969639394 0.6423996026026011 0.06170115909060951 0.0472992052052021
8 0.04269520372958293 0.612803107864273 0.06471706493480815 0.041231215728545934
8 0.05030710632737069 0.5570536368034681 0.08206820616851018 0.051607273606936135
8 0.05205083847046321 0.5228151446959759 0.08681025324641087 0.055005289391951706
8 0.046205987414803 0.5903743710184525 0.0725568384737585 0.043248742036904986
8 0.05759172645775438 0.48255416574266324 0.0993920738632619 0.06042083148532651
8 0.06147465705871935 0.43673343152767874 0.09306025324641087 0.05536931043863902
8 0.5858046810047067 0.29479145734192785 0.2148182508107789 0.14518921558737147
8 0.7661194724005645 0.34119456243419044 0.19738528896022575 0.1301256577089811
8 0.11901797036867443 0.6929526104245216 0.10084547970746054 0.05426183674699843
8 0.13312533481701525 0.6516296604104042 0.11016593262955983 0.051682868317029576
8 0.14723269926535607 0.6103067103962868 0.11353639448011292 0.06592737884037306
8 0.15984574756107275 0.5727990051204974 0.13686480032431153 0.06104245776545092
8 0.17333550324311559 0.5408055524755442 0.1494466209411626 0.06645799985882554
8 0.18668889123040674 0.5009995998305907 0.16208298863591425 0.07499854195220053
8 0.20227693506189656 0.45508015507814525 0.17455571509696394 0.07416408404557515