8 0.6203125 0.484375 0.15390625 0.16796875
8 0.46328125 0.484375 0.1703125 0.18984375
8 0.76796875 0.4890625 0.1828125 0.16796875
8 0.2953125 0.4953125 0.16796875 0.18515625
8 0.1046875 0.4984375 0.178125 0.18046875
8 0.9234375 0.50234375 0.14921875 0.1828125
8 0.80390625 0.9671875 0.0984375 0.06484375
8 0.92421875 0.96953125 0.1109375 0.0578125
8 0.43515625 0.97578125 0.1203125 0.0484375
8 0.6796875 0.9796875 0.10078125 0.03828125
8 0.27265625 0.146875 0.1921875 0.196875
8 0.459375 0.15546875 0.15859375 0.1921875
8 0.08359375 0.159375 0.1609375 0.22109375
8 0.8 0.16328125 0.15390625 0.1703125
8 0.63203125 0.17109375 0.1609375 0.2015625