8 0.4714842486412037 0.8373084699834725 0.15244332654882312 0.10966855357097245
8 0.3537911425821967 0.15493042144649335 0.14998006784239584 0.09244468597979179
8 0.33872166327441156 0.060944032103819726 0.1641244549975256 0.09433449430041681
8 0.46718517299689166 0.7552772199834725 0.16675813206674714 0.08503222948277803
8 0.4357260538204433 0.5867811399113545 0.16264384215265543 0.09586062670923638
8 0.42003909882291773 0.4959015667730906 0.16724281094499088 0.12405836189159736
8 0.3759770810713789 0.23581739874506974 0.16207063206674716 0.08492312670923621
8 0.5008618894143779 0.9363096676467713 0.17966092378986112 0.12278680262104161
8 0.39548839891377474 0.32522539086128505 0.17431832654882307 0.11017769984750014
8 0.5104782338303409 0.22646319538218793 0.17522572930778502 0.09771406743868072
8 0.49902175542706695 0.15675010742628515 0.18172139077317445 0.10254703780340294
8 0.5916761606724197 0.6442514138470491 0.16889384215265543 0.09600609707395832
8 0.5770570607178482 0.5588587745043755 0.1516244549975257 0.09404355357097245
8 0.5354992452503016 0.31677972406753513 0.18172139077317445 0.10254703780340294
8 0.490120388964152 0.06134668844833374 0.1864088907731744 0.10265614057694458
8 0.6109827606269912 0.7297531559632644 0.15655761646291494 0.09884015634451408
8 0.6275328527796467 0.8222134128971186 0.1804864393936935 0.10876067021222227
8 0.5726351543408417 0.4744837745043755 0.1855014880142125 0.1151197729857639
8 0.6499268311829206 0.8921810739912853 0.18623847241038013 0.12918227298576426
8 0.8337718074384879 0.6928025890932645 0.15211577792830405 0.10341855357097245
8 0.8569437138154946 0.7776140001874312 0.14931832654882307 0.10959581838861113
8 0.7710339535271876 0.28480759792697985 0.18344766508343396 0.10570840539458341
8 0.8745240394598065 0.8599543747124659 0.1594369549975255 0.09422539152687506
8 0.7528560843507393 0.11662064237989647 0.16889384215265543 0.09600609707395846
8 0.7451011380596408 0.04309222340194506 0.1808272761192818 0.05570840539458348
8 0.9111637689389636 0.4363908945640979 0.17767246212207297 0.10258340539458355
8 0.8909779613291036 0.28057665244788266 0.1406869549975255 0.09378898043270842
8 0.9059688755080264 0.3581749755861466 0.1512150192218769 0.08623105357097235
8 0.9518545855939348 0.7623546357303828 0.09629082881213051 0.09059124525034737
8 0.9418394374710998 0.6058500625921188 0.1163211250578005 0.09531511284152785
8 0.8836767164174862 0.20081641726552157 0.14685506784239594 0.09237195079743063
8 0.9433526888278664 0.6848654153656606 0.11329462234426728 0.10806968597979179
8 0.9345520202957301 0.5134807246362161 0.13089595940853976 0.109450348023889
8 0.9694039337394837 0.8408433116421883 0.061192132521032505 0.09923889342673613
8 0.8766653985750905 0.11169936587875073 0.16609639077317445 0.10218336189159735
8 0.8686614687923356 0.04830901310520906 0.16232293758467115 0.059959494300416805
8 0.1385312285148156 0.7226582096311459 0.09102114767057934 0.06922408510611114
8 0.13086481343138173 0.6210411582443751 0.1210295522385636 0.10581620174736131
8 0.11875655981333713 0.5240025040840626 0.11346271370395286 0.11032186379145834
8 0.20458999773669245 0.806907229482778 0.21337418249628842 0.1407380220358335
8 0.24579593113749204 0.9643177263486459 0.21634869629109837 0.0713645473027082
8 0.2426875412688288 0.8936266326931598 0.2323698439616777 0.14586193312999995