8 0.77320131533855 0.3713220278444502 0.2190148271096728 0.11227185462398896
8 0.5522575698027768 0.3721950139646341 0.195768241882325 0.12239089908902603
8 0.11568882426700369 0.36553820916315993 0.2210682508107789 0.14045141832631983
8 0.3376592816533299 0.37875500489414143 0.21470915665497756 0.1339831635169964
8 0.7363827483718517 0.7221652760303516 0.21359094155801372 0.06992066351699648
8 0.5736742426898088 0.7492758691367772 0.08957278896022594 0.12180556733052797
8 0.5425214744258642 0.8879464995366639 0.1625739123370204 0.09937006134007831
8 0.7261834082732401 0.8982639845605395 0.17819891233702023 0.09991569836338669
8 0.1420129598153676 0.8895759098887993 0.15928527110331836 0.08988593393541641
8 0.32971751135749516 0.9078423041685021 0.1938239123370204 0.10046133538669508
8 0.025343657055424056 0.91484375 0.021722815745587053 0.1703125
8 0.8005142431001412 0.10212808374223277 0.2682159862002823 0.15771332939624547
8 0.5482795872559425 0.09956604581579954 0.22621940097293472 0.16717760943331236
8 0.3007597049506942 0.09873019899635889 0.2231489480508353 0.17019348202865067
8 0.08362675202859489 0.09427084437236993 0.16665348620028228 0.15416668874473988