8 0.6518068217202476 0.4908517179454089 0.11771634890464319 0.07658635771838504
8 0.21088029334871772 0.4088987920147849 0.10494356426490725 0.06670202174882985
8 0.5395425024407755 0.46754952771750985 0.11932431301126592 0.07821252471457925
8 0.7889120166265404 0.5097038301124182 0.1130743130112661 0.07795785672980174
8 0.3237212741483878 0.4252015657407811 0.11495506175762475 0.08895902372599611
8 0.154998703219563 0.25836028114036996 0.07842652837152993 0.06718218281352524
8 0.44817204169936503 0.2773290929268184 0.0976766335443795 0.08513368676785786
8 0.2517911351937321 0.23265196840251945 0.10558006175762477 0.08857702174882984
8 0.06588472743445782 0.1993261793534841 0.05714256175762478 0.08660334486680368
8 0.6788908442857898 0.2953137248654912 0.11343802586424748 0.09045785672980174
8 0.5680071685798269 0.26582520163378653 0.11044941818411544 0.09501802273741297
8 0.7997572737526764 0.2924354170705564 0.1105858105039836 0.09970552273741298
8 0.2603995378719344 0.7698654669196447 0.13907452335696496 0.11335152866891214
8 0.7718431547232664 0.8617146576790162 0.1474325926364372 0.13241986364988412
8 0.6431953174971055 0.8385252139910762 0.12988137978345585 0.11921952669174578
8 0.38739394688484985 0.7898662436113904 0.13608591567683304 0.11791169467652338
8 0.516064516164322 0.8138369372993306 0.1439893438900784 0.12135502965749519
8 0.13161530832590548 0.7419885232317046 0.14206313103709695 0.10879136266130089