8 0.11135062094146009 0.6548373972245309 0.08939277210332378 0.12225168479069151
8 0.16091871192854462 0.6379563033463104 0.10377352084968253 0.13376218775644108
8 0.43590903708051154 0.43824682752941707 0.14098401583511766 0.17897652866891214
8 0.5913119394295094 0.34900396091378355 0.23687082884638358 0.2562340484405755
8 0.8089420571387713 0.24783941445037433 0.2937406059642722 0.3334623933073792
8 0.20544733260730733 0.20594495798521512 0.0884834899708701 0.09100168479069153
8 0.25532766066226814 0.14603144711080018 0.08664820533113407 0.08156301779449712
8 0.1709913600544004 0.9034858028520187 0.10401756175762475 0.08851335475263511
8 0.4638177060560499 0.832890824069376 0.19114915188677947 0.24032520555093803
8 0.8719421623116208 0.7398239846025987 0.2561156753767584 0.3705167243340185
8 0.6516981392838602 0.7845621175298547 0.27476328543115897 0.3248858893530464
8 0.3543063137361818 0.8326600138029834 0.15903533386094856 0.20936436562705046