8 0.45685934923384774 0.68456454586338 0.15130173871722885 0.10102848620028233
8 0.8132086376345076 0.6548950422132273 0.15952341567683312 0.11522735389503395
8 0.14798576906731592 0.9221050507313485 0.13608591567683304 0.11481825081077872
8 0.5274375883467881 0.9342412175358913 0.16581887978345583 0.11689894805083512
8 0.6770966075471179 0.9199042077966585 0.15510870031656906 0.12452053327818291
8 0.8387016972805611 0.9131751465152984 0.17267663354437923 0.0842228157455871
8 0.7335292170096166 0.11929450731019124 0.2270124440483631 0.18043534253094826
8 0.5330578555685609 0.16031279383478508 0.20468280298213629 0.16442851298564354
8 0.3433876018076372 0.19645266558672655 0.20459187476889085 0.1613035129856435
8 0.18112929420664753 0.2344590004070371 0.15887019780928666 0.14645008035608367
8 0.06533680964605372 0.2575846290588374 0.12012594655564543 0.15670574188232517