8 0.39294540280992163 0.48162852394972955 0.17065075599585605 0.17689085868872634
8 0.55529985359571 0.4766126652610033 0.18736737510244375 0.20051017202418073
8 0.24092913854189799 0.49043245397041046 0.20041103060296184 0.17879880402608972
8 0.7267938639347922 0.4832155592377771 0.18402405128112634 0.19578630935708982
8 0.9123491814506675 0.4801525518778238 0.175301637098665 0.19124426002545344
8 0.09169327191650951 0.5085841119907732 0.14452490363849116 0.1859567760184536
8 0.23607274213760795 0.9735631273074559 0.10538101282028159 0.049637468013999354
8 0.11281717865537258 0.978905702657546 0.11751713978475227 0.041970418682362974
8 0.6144524532624784 0.974631994589458 0.12511131596343467 0.03737382535009033
8 0.3600560516909019 0.9838455519573657 0.10428939371369372 0.026199968013999354
8 0.7272795916039978 0.12442181456877724 0.21116874813797323 0.20859539202736238
8 0.5356379011572918 0.13837686859486695 0.1765026497095498 0.20194540268936262
8 0.9166342091603997 0.13077016987591478 0.1667315816792005 0.2315965400222717
8 0.18476675992479746 0.15731141864259202 0.17079630521006775 0.18001585868872624
8 0.360766333746115 0.15995351861872947 0.17850179735218497 0.211338584022908