8 0.27076226129434444 0.7262152373013102 0.14009971247102043 0.22177085099579194
8 0.3235065538034209 0.5230976717848809 0.14395954152049334 0.20162204210278442
8 0.42387655730064305 0.11740821089244043 0.17724688539871386 0.23481642178488085
8 0.3782762613315255 0.3277107607149552 0.15872237847863158 0.21930061542376222
8 0.6005306743362061 0.7318625142583343 0.10059154349765968 0.20946925843752046
8 0.6626380379860901 0.5861482209744235 0.12588602076024671 0.10269346878180663
8 0.7973632064651592 0.5728619925739699 0.11912136760421674 0.16642858656782167
8 0.763924670876165 0.7425395755135945 0.12125687056996633 0.18054565027015243
8 0.8903226165784524 0.20607130745742702 0.10955536661563343 0.1614137043538365
8 0.8645055800008752 0.38016357188539734 0.12495487353571591 0.19471727767481423
8 0.9291370602663924 0.07677318785731364 0.1368871877564409 0.10463791469812275
8 0.0575618547154544 0.7194469152462769 0.1151237094309088 0.27360616950744615
8 0.08607812695857583 0.48885911415781785 0.17215625391715167 0.23768851687504094
8 0.13208169365075903 0.26219492123672666 0.19367038144438115 0.23456351687504098
8 0.18122348368837762 0.07562499337657805 0.17817803262324478 0.1512499867531561