8 0.1962945022073129 0.4441119846435465 0.19702473137238705 0.21933289735836253
8 0.3466130206231644 0.44783532662318387 0.1861782366340588 0.22076812802354442
8 0.4974775706090469 0.4609336686028211 0.1758021787556686 0.20347154002227175
8 0.07908461540384484 0.40482331265913674 0.12194913666229375 0.19035337468172653
8 0.9403652076948636 0.5095127878740058 0.11926958461027262 0.20167268268618094
8 0.6541370942865703 0.46614678524827663 0.17516514192396554 0.19253404002227176
8 0.8074363995341246 0.4807803552275958 0.21146666297065303 0.19920221069381688
8 0.33823616240595566 0.7872250906270019 0.16947658404557514 0.1752919960216353
8 0.20189684400422162 0.7684852759786829 0.16580555247554415 0.16588063335454456
8 0.6225502492235411 0.8097155192552762 0.1668976156156063 0.1846306333545443
8 0.4815234308218071 0.7910302486075936 0.18243161035393457 0.18324994668999892
8 0.9307307799016773 0.8404087992123237 0.1385384401966455 0.1829772266868172
8 0.7769570281627363 0.8165184079010501 0.22891176820408993 0.23063402402927133
8 0.05793547042552031 0.659147733330682 0.057081541811026114 0.30982953333863605