8 0.7431805720480432 0.3367043793715966 0.27834427068745365 0.15956206363895858
8 0.40945955271322515 0.3335313600886455 0.2863749466899989 0.17849390159486136
8 0.14452489604549792 0.33188316679374985 0.27727266669318057 0.201713196047778
8 0.4698736254375861 0.7572403106017357 0.22787155601527206 0.1177733007211808
8 0.7340452134388589 0.7604691876922216 0.2138090560152719 0.11744599240055571
8 0.23462646876985888 0.7549011330744095 0.2638272373488174 0.12017225531833339
8 0.05694691144172228 0.797328288468993 0.09763971069381694 0.2022184230620141
8 0.4169971433402269 0.04769000474965267 0.30274428668045383 0.09538000949930533
8 0.7757181626750451 0.052101481763888624 0.30132723734881744 0.10420296352777725
8 0.13335794000636333 0.046711345839687494 0.23859088001272669 0.09342269167937499
8 0.4735542507956304 0.9392351930105551 0.24803860534690844 0.10574607940652783
8 0.726724704129494 0.937249893239305 0.23544769867918128 0.09764263867708359
8 0.07269118479467593 0.9415322301483681 0.12443747334499947 0.08881053970326391
8 0.2462650447962668 0.9492141775273261 0.2384454293443632 0.08677787385944455