8 0.522481597358299 0.3736836874984032 0.07914459897381967 0.1127195119678472
8 0.6342081858828826 0.7791907647207297 0.06791615824437507 0.09996493882958343
8 0.5537881083762157 0.47748148793524353 0.08230596656499997 0.11435474715020852
8 0.49455400626826407 0.24732055603951428 0.08063436379145834 0.10963087955902787
8 0.609878373478195 0.6732128684442019 0.09004573138263901 0.11141158510611113
8 0.7779042877064937 0.8137683993137508 0.06580814437666689 0.07649107123840286
8 0.7356933782278476 0.5434006947165978 0.0850309230620141 0.0972399823325695
8 0.7929279160312506 0.7211996928167368 0.0898638934267364 0.10359908510611113
8 0.8442215783596883 0.9121344705521535 0.0944422906531944 0.09902068787965276
8 0.7018411358272919 0.3302278942797575 0.09157186379145835 0.1098854526972918
8 0.7377624116628476 0.4310097974901395 0.09466049620027786 0.10839568787965277
8 0.6937357354667015 0.21681935771062558 0.10091049620027785 0.10854115824437507
8 0.29821613449611173 0.76902798261691 0.11246624525034736 0.135358231382639
8 0.17177177611989608 0.30149303086954876 0.13143445079743069 0.14516964247680564
8 0.20342377925402816 0.4201345813063891 0.1186071424768057 0.13081620174736114
8 0.2697800503399311 0.6543654173624308 0.11704464247680572 0.13077983415618064
8 0.23658373100138932 0.5364687493344099 0.121950348023889 0.14026393692972228
8 0.3337198362434729 0.8854167020317018 0.11094011284152785 0.13688436379145869