8 0.5580989034696251 0.8515014135515411 0.21929087226160834 0.18342397483619663
8 0.5498280992338478 0.7014332297041652 0.22058058762187222 0.17407624837514693
8 0.5330317411580043 0.5535587913925625 0.20146687476889086 0.1612489659077429
8 0.5964376409332128 0.955721714689927 0.18719377461060632 0.08855657062014614
8 0.4718499194377568 0.08788319845457716 0.20307483887551353 0.1628387394466932
8 0.5245790804957362 0.39724060754518664 0.1921828029821361 0.16421032467404081
8 0.5068878121533362 0.24544628246410882 0.19796144154108042 0.20179214529089187
8 0.21379131083318798 0.718993282060367 0.17329641066226814 0.15919554220663662
8 0.2348887240027385 0.8536682909888207 0.16695548244902272 0.1559614480508352
8 0.18451402164110536 0.4373750892845374 0.18409751834240007 0.1546989569792892
8 0.20572509507721262 0.5759563482129911 0.18455215940862688 0.1703239569792892
8 0.1463785579967011 0.1196830288139561 0.182398626022532 0.14998418344033873
8 0.17456705713877124 0.2833733818982112 0.22801265439406193 0.21481034253094827
8 0.34661113717228914 0.985806860794893 0.3087217821324536 0.02838627841021406