8 0.765625 0.353125 0.19921875 0.09609375
8 0.5625 0.3609375 0.178125 0.10546875
8 0.1375 0.36875 0.25 0.12265625
8 0.365625 0.3734375 0.19453125 0.115625
8 0.725 0.67578125 0.19453125 0.0578125
8 0.57578125 0.70546875 0.0796875 0.1078125
8 0.5453125 0.834375 0.146875 0.08671875
8 0.71328125 0.8375 0.1609375 0.08671875
8 0.178125 0.84765625 0.14453125 0.0765625
8 0.35 0.859375 0.17578125 0.08671875
8 0.04140625 0.8796875 0.0765625 0.165625
8 0.7953125 0.1 0.24296875 0.14921875
8 0.56328125 0.1109375 0.2046875 0.146875
8 0.33671875 0.11875 0.2015625 0.14921875
8 0.1078125 0.121875 0.209375 0.13671875