8 0.234375 0.353125 0.19921875 0.09609375
8 0.4375 0.3609375 0.178125 0.10546875
8 0.8640625 0.36875 0.25 0.12265625
8 0.6328125 0.3734375 0.19453125 0.115625
8 0.2734375 0.67578125 0.19453125 0.0578125
8 0.42421875 0.70546875 0.0796875 0.1078125
8 0.45625 0.834375 0.146875 0.08671875
8 0.28828125 0.8375 0.1609375 0.08671875
8 0.8203125 0.84765625 0.14453125 0.0765625
8 0.65 0.859375 0.17578125 0.08671875
8 0.96015625 0.8796875 0.0765625 0.165625
8 0.20625 0.1 0.24296875 0.14921875
8 0.43828125 0.1109375 0.2046875 0.146875
8 0.66328125 0.11875 0.2015625 0.14921875
8 0.89375 0.121875 0.209375 0.13671875