8 0.33671875 0.9828125 0.0484375 0.034375
8 0.38125 0.98125 0.040625 0.0375
8 0.41171875 0.98203125 0.0359375 0.0359375
8 0.47421875 0.9734375 0.0453125 0.053125
8 0.509375 0.9703125 0.046875 0.059375
8 0.43671875 0.978125 0.0390625 0.04375
8 0.55234375 0.9640625 0.053125 0.0703125
8 0.603125 0.9609375 0.046875 0.065625
8 0.79921875 0.41640625 0.140625 0.2234375
8 0.76484375 0.22421875 0.1234375 0.20625
8 0.33671875 0.915625 0.05 0.10625
8 0.38125 0.90078125 0.0453125 0.115625
8 0.4265625 0.8859375 0.0625 0.1203125
8 0.46796875 0.871875 0.053125 0.14375
8 0.503125 0.85703125 0.059375 0.159375
8 0.546875 0.84296875 0.0671875 0.1734375
8 0.596875 0.82578125 0.065625 0.1859375