8 0.5572565028364869 0.5858724972471177 0.20214883636823106 0.18583231648875015
8 0.5427667908414353 0.41030945279420095 0.22613190564770314 0.20512783035645848
8 0.5760927340318684 0.7496076889264925 0.2046206185006847 0.2171186840799308
8 0.5405042942066475 0.2250804676118398 0.22139894154108042 0.20345622758291687
8 0.5284492604248413 0.05991594139503455 0.21002352084968265 0.1198318827900691
8 0.6042130370140045 0.9099996750587842 0.20914298244902269 0.15788915444465274
8 0.15128266983346814 0.2286672478157985 0.2361888672470434 0.22878353590354186
8 0.17842314601428472 0.435988785334861 0.2273306927947217 0.19266419794763903
8 0.15108277837152992 0.06058939504225682 0.25148359514371965 0.11046994699770854
8 0.2183317098169736 0.8134409848980206 0.20371133636823108 0.1858686840799308
8 0.21124532086231781 0.6236336024892012 0.2398761569013444 0.19451763867708358