8 0.5562348885662318 0.7299843656694521 0.09507723734881743 0.11569891233702041
8 0.5862758298854598 0.8333451448904453 0.10450678134945371 0.12055005357072232
8 0.5260159653087284 0.17203154383478508 0.09340564934754489 0.10629663879807008
8 0.6020115599140949 0.6221758198093674 0.09195223734881744 0.11564436525911966
8 0.5696097819462297 0.3860707244357501 0.10139996268299925 0.12205800649282175
8 0.6019308385980485 0.4948593433483177 0.10301700668363552 0.12677278003177223
8 0.6923767619748648 0.17303316193657386 0.08544769867918127 0.0936602711033184
8 0.7448461392823205 0.36270358807331193 0.09340564934754489 0.10629663879807012
8 0.730384744629229 0.2629763234628154 0.08404883068109008 0.10769549756436803
8 0.7868501839195037 0.5791137922132272 0.09656701201463562 0.1094761858759707
8 0.7716984459341394 0.47158766437220584 0.10138178134945389 0.12049550649282174
8 0.8075524879058225 0.6795132126679225 0.09048064401654479 0.12342959172016936
8 0.8530547972231414 0.7966637564994123 0.09202496268299924 0.12189436525911965
8 0.20899461986796058 0.968810681008002 0.10063634667409058 0.05643300649282175
8 0.20134629921232375 0.8877106854722289 0.10303518801718106 0.12833528003177222
8 0.17104282324159512 0.6726584297901861 0.09825678134945379 0.12044095941492117
8 0.1589251785885036 0.572890254871264 0.10296246268299925 0.12208528003177221
8 0.19251728656114123 0.7738254634754062 0.10299882535009015 0.12521028003177204
8 0.1475706026018666 0.47467094318286673 0.09031701201463571 0.10936709172016937
8 0.12231770595959277 0.2954607301144977 0.08552042401336299 0.09991027110331832
8 0.13539841394813873 0.3795902682639446 0.0903170120146357 0.10936709172016937