8 0.9385488873459034 0.7150323662263703 0.11086737765916688 0.135014895460829
8 0.18064350873680604 0.5839633161494016 0.1536731267092363 0.16305061542376223
8 0.07092301662059075 0.5653001069862416 0.11929812670923626 0.1618502139724832
8 0.7967796146444798 0.7280358193142625 0.21217661094166687 0.19475697241000384
8 0.4011937045002436 0.6689459844757214 0.21817203780340294 0.18403772721932726
8 0.6028477766885769 0.7134574202252363 0.22445840539458342 0.18581848202865067
8 0.10220154568718764 0.1651562632468439 0.12369468597979179 0.14951390507947587
8 0.25216583130638903 0.20239834681944066 0.1971321859797918 0.15207839908902612
8 0.46815516042857663 0.2591196058899333 0.2383754350298613 0.1800595553496284
8 0.6817825557551739 0.31497776940692973 0.22071515634451408 0.15914685462398898
8 0.8873389586812154 0.37541430551926436 0.2253220826375692 0.18776292794496668