8 0.3796875 0.484375 0.15390625 0.16796875
8 0.53828125 0.484375 0.1703125 0.18984375
8 0.23203125 0.4890625 0.1828125 0.16796875
8 0.7046875 0.4953125 0.16796875 0.18515625
8 0.8953125 0.4984375 0.178125 0.18046875
8 0.07578125 0.503125 0.1515625 0.178125
8 0.19765625 0.9671875 0.0984375 0.06484375
8 0.07734375 0.96953125 0.1109375 0.0578125
8 0.56484375 0.97578125 0.1203125 0.0484375
8 0.31875 0.9796875 0.10078125 0.03828125
8 0.72734375 0.146875 0.1921875 0.196875
8 0.540625 0.15546875 0.15859375 0.1921875
8 0.91796875 0.159375 0.1609375 0.22109375
8 0.1984375 0.16328125 0.15390625 0.1703125
8 0.36953125 0.17109375 0.1609375 0.2015625