8 0.6073912108903969 0.4194876204537552 0.031598610495108835 0.03454159997176518
8 0.601619353026124 0.4512913572995755 0.028200594710093264 0.029672089448421347
8 0.5624463770565832 0.8143072967903493 0.04115562101845249 0.03821263154179633
8 0.5637582480750358 0.7783242941595134 0.028473610495108836 0.034359589448421345
8 0.5674593717243243 0.7416965494211852 0.029763094710093262 0.029763094710093262
8 0.5965832425310152 0.48392184677623185 0.03766659997176518 0.03178062101845249
8 0.5842813926298372 0.5874640757295444 0.03141659997176518 0.03141659997176518
8 0.5576678717949114 0.8155967810053337 0.029763094710093262 0.02976309471009344
8 0.5799355268730566 0.6217025678370367 0.03454159997176518 0.031598610495108835
8 0.5887483557275471 0.5242283283603804 0.028837631541796326 0.04060958944842134
8 0.5693249795885971 0.7096652994211852 0.03132559471009326 0.02985409997176518
8 0.5852747452324383 0.5569498230987084 0.030036110495108837 0.03445059471009344
8 0.5288239930251255 0.9943655865705304 0.029490078925077868 0.011268826858939106
8 0.5138757002964661 0.3427060415992646 0.028473610495108836 0.034359589448421435
8 0.5023851924745455 0.4188590179217412 0.028655621018452492 0.03748458944842135
8 0.4790177689805488 0.6181764784592024 0.03141659997176518 0.03141659997176518
8 0.46621539014017566 0.7303124574125149 0.028109589448421346 0.028109589448421346
8 0.4620060322759027 0.7622071995200073 0.029672089448421347 0.028200594710093264
8 0.4567879112574502 0.7979626889966636 0.029672089448421347 0.02820059471009344
8 0.45294257443986474 0.8236074311041557 0.04199007892507769 0.025803636803468068
8 0.47255566637794777 0.6483722126741869 0.03132559471009326 0.02985409997176518
8 0.4670190269436437 0.6895964521508432 0.029763094710093262 0.02976309471009344
8 0.4299160561651876 0.9766946337491091 0.037848610495108834 0.034905621018452494
8 0.9252850952042035 0.5469649622506638 0.025075594710093442 0.02949007892507769
8 0.4468639635918201 0.48382459428657026 0.01184755261671846 0.016262036831702888
8 0.9159563268589391 0.6263794464656482 0.028655621018452492 0.03748458944842135
8 0.9301769925310153 0.5033514701431716 0.02516659997176518 0.031052578925077866
8 0.4513078108621621 0.3806085890248984 0.025348610495108836 0.03417757892507769
8 0.4362526872834608 0.4910455600857032 0.03132559471009326 0.02985409997176518
8 0.4437914424745455 0.41544632060904696 0.02985409997176518 0.03132559471009326
8 0.45307470818897394 0.3368130863940625 0.02976309471009344 0.029763094710093262
8 0.4249441899848839 0.5640735364081799 0.02507559471009326 0.029490078925077868
8 0.4384368135635852 0.45354556008570324 0.02829159997176518 0.031234589448421345
8 0.428827324157516 0.5243207916698518 0.029672089448421347 0.028200594710093264
8 0.40738642171020684 0.7174792574689848 0.030036110495108837 0.03445059471009326
8 0.4165331795321274 0.6411897732540004 0.025348610495108836 0.03417757892507787
8 0.41784505055057986 0.6052067706231643 0.02829159997176518 0.031234589448421345
8 0.39685917441162993 0.7905527364222974 0.03472361049510884 0.03472361049510884
8 0.40851628220531566 0.6846212548381488 0.03508763154179628 0.040973610495108836
8 0.9201579794474227 0.5811579517273202 0.02516659997176518 0.031052578925077866
8 0.4006058006917542 0.7531437416839692 0.030036110495108837 0.03445059471009326
8 0.3866049428980685 0.85893871537561 0.029763094710093262 0.02976309471009344
8 0.3897068270707007 0.8191404680064458 0.03178062101845249 0.03766659997176518
8 0.3726495877352187 0.9639524390672507 0.028109589448421436 0.028109589448421346
8 0.37359743770698384 0.9342194364364147 0.02829159997176518 0.031234589448421703
8 0.37844383240295965 0.8913871943289227 0.025348610495108836 0.034177578925077515
8 0.3637982325017817 0.9898419274402507 0.037575594710093266 0.020316145119498686
8 0.30962448492085615 0.7674421891378379 0.025348610495108836 0.03417757892507769
8 0.3001970060381307 0.8350924207219863 0.021859589448421434 0.027745568401734033
8 0.3028438639024036 0.8031066733528224 0.02507559471009326 0.0294900789250776
8 0.31185411383181644 0.7291609391378379 0.02985409997176509 0.03132559471009326
8 0.28582442192196833 0.9338106417827913 0.01937162628012441 0.0385010578783902
8 0.2812965456418439 0.9711741338902835 0.018825594710093263 0.029126057878390198
8 0.29038239028135004 0.8690123944136271 0.029763094710093262 0.02976309471009344
8 0.2546107612292154 0.7563990023484872 0.02507559471009326 0.02949007892507769
8 0.2568403901401757 0.7181177523484873 0.02792757892507769 0.024984589448421347
8 0.24631314284159878 0.7911912313017998 0.031598610495108835 0.03454159997176518
8 0.23497455346376453 0.8916539628859483 0.03132559471009326 0.02985409997176518
8 0.2264648324735469 0.957005947100933 0.01900760523343692 0.032251057878390554
8 0.24265752182314623 0.8270377260401279 0.029672089448421434 0.02820059471009344
8 0.23255520875367122 0.9197334602551124 0.030491136803468065 0.04226309471009344
8 0.2354596718513811 0.8564067076242765 0.02829159997176518 0.031234589448421703
8 0.2182582193476021 0.9877453182958533 0.02507559471009326 0.02450936340829344
8 0.8846369793768357 0.504618567554688 0.02820059471009344 0.029672089448421347
8 0.8798360873116957 0.5466695596621802 0.028109589448421346 0.028109589448421346
8 0.8697260689664315 0.6260385412463287 0.027563557878390554 0.018734589448421345
8 0.8732829794474227 0.5784277938771647 0.03003611049510866 0.03445059471009344
8 0.7742000083160308 0.4895634439759867 0.02829159997176518 0.031234589448421345
8 0.7710526215125627 0.5301429413451508 0.03132559471009326 0.02985409997176518
8 0.7656069873399305 0.5698046808218071 0.03472361049510884 0.03472361049510884
8 0.759607616321478 0.6055146676676275 0.03472361049510884 0.03472361049510884
8 0.659151860989219 0.5267610651356136 0.03132559471009326 0.02985409997176518
8 0.6480939926721896 0.6358630493505981 0.03472361049510884 0.03472361049510884
8 0.6340098348926213 0.7565472756730747 0.030036110495108837 0.03445059471009326
8 0.6304907217666764 0.7900500204114028 0.03141659997176518 0.03141659997176518
8 0.6540247452324384 0.5609540546122699 0.022405621018452494 0.037120568401734035
8 0.6353217059110738 0.7205642730422388 0.02985409997176518 0.03132559471009344
8 0.6238466086407317 0.8233707546263872 0.029763094710093262 0.02976309471009344
8 0.6121439982162101 0.9300834862105358 0.04115562101845249 0.03821263154179633
8 0.6118023639729907 0.8955719783180282 0.035087631541796324 0.040973610495108656
8 0.5984917509176333 0.9889685786427289 0.030946163111827473 0.022062842714542084