8 0.5990512826725005 0.7075340439175891 0.09800370174736131 0.11950868676785795
8 0.6350634774860076 0.8100714534994097 0.10748780452090294 0.12457818874502422
8 0.5399924864166321 0.15238097030532374 0.09622299620027785 0.11007001977166349
8 0.6395288526766325 0.5987519515222435 0.09484233415618064 0.11781885277546919
8 0.5949748464083683 0.3644061264271031 0.10436280452090294 0.12445085475263547
8 0.6326222764042365 0.47000486901272936 0.10603440729444458 0.12920202174882983
8 0.7071981702122224 0.14634985171252382 0.08652068787965277 0.09562551779449714
8 0.7694111487450697 0.33305667285333135 0.09622299620027785 0.11007001977166349
8 0.7491148729095141 0.23378884330956687 0.08688436379145834 0.11125051779449713
8 0.8221043101235768 0.5475210794694024 0.099420731382639 0.11332235376405234
8 0.8024256301277088 0.4411901664275407 0.10432643692972228 0.12288835475263546
8 0.8486687697547228 0.6473154910283894 0.09349803970326391 0.12713018577927465
8 0.9006150890932645 0.7624974806482661 0.09498780452090258 0.1240688527754692
8 0.26633427412312577 0.9603804485936749 0.10450696846486114 0.06357702174883002
8 0.25192497558614657 0.8788585345632299 0.10607077488562515 0.13076452174883002
8 0.21178636559441028 0.6662285419776038 0.10123780452090285 0.1243235207602467
8 0.19383383975885465 0.5668652119395479 0.10596167211208343 0.12607702174882984
8 0.23758775902114646 0.7668360370346881 0.105998039703264 0.12763952174882967
8 0.17671711531006987 0.4698137984033945 0.09313436379145842 0.11150518577927464
8 0.1420660923243058 0.2913678048291851 0.08822865824437506 0.1019391847906915
8 0.15965494224805585 0.3751061348672412 0.09313436379145842 0.11150518577927473