8 0.5953156432590017 0.5888401594127691 0.2255569277582959 0.21351924936345307
8 0.5478797613607904 0.42191574140672394 0.2541183043815014 0.2388465133672712
8 0.6348026574624612 0.747861170751087 0.23388762499835244 0.24329765603118042
8 0.4838739882288772 0.24542541939845153 0.24778648376465032 0.2340862880330894
8 0.4318460637169922 0.08391520739177004 0.22619212743398437 0.16041243069699862
8 0.6649419452048709 0.9050575877028848 0.23463191882984216 0.1898848245942304
8 0.1432987702859489 0.9155442786839536 0.09275233603812652 0.12292951734563573
8 0.03571277231783906 0.5245278326702726 0.05555234496658026 0.1396806653405452
8 0.09104870332254583 0.7860562260104995 0.06451824188232516 0.11635225334181776
8 0.8271409728076016 0.13225599411199487 0.22928194561520324 0.24793061203054406
8 0.8798098254848197 0.33048495611867634 0.22720124837514674 0.2182249306969986
8 0.7690636456979288 0.02691396610435883 0.22250229139585773 0.03851924936345317
8 0.9370632179363376 0.6920951654598578 0.12587356412732476 0.21095677601845358
8 0.897981352677218 0.5182213134547672 0.20403729464556405 0.22745448002863497