8 0.39414611975432584 0.2015625 0.1762061134861197 0.25625
8 0.4222497023616332 0.415625 0.1951834340192331 0.2640625
8 0.4690698442192828 0.7359375 0.19541075455234652 0.271875
8 0.7480176143440496 0.09296875 0.18353522868809904 0.1859375
8 0.8010710358268703 0.46640625 0.11193301332783498 0.1953125
8 0.790305717405328 0.284375 0.1753422954602888 0.2265625
8 0.8554105095004043 0.69609375 0.12525136724704344 0.2234375
8 0.8864352566639176 0.09765625 0.1097340158351173 0.1734375
8 0.9305215404457238 0.2703125 0.11231344655564542 0.1546875
8 0.9569272645814764 0.45625 0.08614547083704735 0.175
8 0.1405416789381612 0.77578125 0.2267804264973857 0.3296875
8 0.13132082548117135 0.43203125 0.19967235721791354 0.3109375
8 0.11313180047485369 0.1828125 0.17858696740532798 0.284375