8 0.35078125 0.35078125 0.0265625 0.0265625
8 0.3796875 0.353125 0.02421875 0.021875
8 0.715625 0.353125 0.03125 0.03359375
8 0.6796875 0.3546875 0.02890625 0.021875
8 0.646875 0.3546875 0.02421875 0.02421875
8 0.41171875 0.3546875 0.0265625 0.03125
8 0.50703125 0.35546875 0.0265625 0.0265625
8 0.7171875 0.35625 0.02421875 0.02421875
8 0.53828125 0.3546875 0.0265625 0.02890625
8 0.446875 0.3578125 0.03359375 0.021875
8 0.61875 0.35703125 0.02421875 0.0265625
8 0.4765625 0.3578125 0.02890625 0.02421875
8 0.91484375 0.359375 0.0171875 0.021875
8 0.8859375 0.3640625 0.01953125 0.02421875
8 0.9515625 0.36484375 0.03359375 0.0265625
8 0.2890625 0.44375 0.02890625 0.021875
8 0.3625 0.446875 0.03125 0.021875
8 0.54453125 0.44765625 0.0265625 0.0265625
8 0.6484375 0.4484375 0.021875 0.021875
8 0.6765625 0.4484375 0.021875 0.02421875
8 0.7109375 0.45 0.021875 0.02421875
8 0.734375 0.45078125 0.01953125 0.0359375
8 0.571875 0.45078125 0.02421875 0.0265625
8 0.609375 0.4515625 0.02421875 0.02421875
8 0.91328125 0.4515625 0.0171875 0.02421875
8 0.875 0.45625 0.02890625 0.03125
8 0.9390625 0.45625 0.02890625 0.02890625
8 0.4359375 0.0484375 0.02421875 0.01953125
8 0.42578125 0.490625 0.0140625 0.009375
8 0.509375 0.05 0.03125 0.021875
8 0.39609375 0.0484375 0.0265625 0.01953125
8 0.3296875 0.496875 0.02890625 0.01953125
8 0.4328125 0.49921875 0.02421875 0.0265625
8 0.36484375 0.5 0.0265625 0.02421875
8 0.290625 0.5 0.02421875 0.02421875
8 0.5 0.5015625 0.02421875 0.01953125
8 0.40078125 0.5015625 0.0265625 0.021875
8 0.465625 0.503125 0.021875 0.02421875
8 0.6421875 0.503125 0.02890625 0.02421875
8 0.571875 0.5015625 0.02890625 0.01953125
8 0.5375 0.5046875 0.02890625 0.021875
8 0.709375 0.5046875 0.02890625 0.02890625
8 0.6109375 0.5046875 0.03359375 0.02890625
8 0.46796875 0.05 0.0265625 0.01953125
8 0.6734375 0.50625 0.02890625 0.02421875
8 0.771875 0.5078125 0.02421875 0.02421875
8 0.7375 0.50859375 0.03125 0.0265625
8 0.86875 0.509375 0.021875 0.021875
8 0.9390625 0.50859375 0.01953125 0.0265625
8 0.84296875 0.5109375 0.0265625 0.021875
8 0.803125 0.5109375 0.02890625 0.01953125
8 0.8984375 0.5140625 0.02421875 0.03125
8 0.696875 0.5859375 0.02890625 0.01953125
8 0.759375 0.58828125 0.021875 0.0171875
8 0.7296875 0.5890625 0.02421875 0.01953125
8 0.66328125 0.5890625 0.0265625 0.02421875
8 0.8515625 0.59140625 0.03359375 0.0140625
8 0.884375 0.59140625 0.02421875 0.0140625
8 0.790625 0.59375 0.02421875 0.02421875
8 0.6921875 0.6375 0.02421875 0.01953125
8 0.6578125 0.6390625 0.01953125 0.021875
8 0.725 0.64140625 0.02890625 0.0265625
8 0.8171875 0.64140625 0.02421875 0.0265625
8 0.8765625 0.64296875 0.02890625 0.0140625
8 0.759375 0.6421875 0.021875 0.02421875
8 0.84453125 0.6421875 0.0359375 0.02421875
8 0.78515625 0.6453125 0.0265625 0.021875
8 0.909375 0.646875 0.02421875 0.01953125
8 0.4 0.090625 0.02421875 0.021875
8 0.4390625 0.090625 0.021875 0.021875
8 0.51171875 0.0921875 0.0140625 0.021875
8 0.46875 0.09375 0.02890625 0.02421875
8 0.39765625 0.1921875 0.0265625 0.021875
8 0.4359375 0.19140625 0.02421875 0.0265625
8 0.4703125 0.1921875 0.02890625 0.02890625
8 0.5046875 0.19375 0.02890625 0.02890625
8 0.90625 0.20390625 0.02421875 0.0265625
8 0.9421875 0.2046875 0.01953125 0.02421875
8 0.9734375 0.2078125 0.02421875 0.02421875
8 0.4421875 0.29296875 0.02421875 0.0265625
8 0.5421875 0.2921875 0.02890625 0.02890625
8 0.653125 0.29375 0.02890625 0.02421875
8 0.68515625 0.29296875 0.0265625 0.0265625
8 0.475 0.29453125 0.03125 0.0171875
8 0.62109375 0.2953125 0.0265625 0.02421875
8 0.7171875 0.2953125 0.02421875 0.02421875
8 0.8140625 0.2953125 0.03125 0.03359375
8 0.7828125 0.2984375 0.03359375 0.02890625
8 0.96015625 0.3 0.0265625 0.021875
8 0.8828125 0.3 0.04296875 0.021875
8 0.915625 0.303125 0.02421875 0.021875