8 0.2703125 0.040625 0.040625 0.08125
8 0.3109375 0.04140625 0.03359375 0.0765625
8 0.3390625 0.0421875 0.02890625 0.06953125
8 0.39609375 0.0453125 0.0359375 0.08203125
8 0.4296875 0.0453125 0.03828125 0.08671875
8 0.3625 0.046875 0.03125 0.06953125
8 0.4703125 0.0484375 0.04296875 0.09140625
8 0.515625 0.0484375 0.03828125 0.08671875
8 0.74609375 0.5390625 0.1078125 0.19453125
8 0.7328125 0.71875 0.09375 0.18046875
8 0.27734375 0.1296875 0.0359375 0.09375
8 0.31875 0.1390625 0.03125 0.103125
8 0.36171875 0.1484375 0.0453125 0.10546875
8 0.40078125 0.15703125 0.0359375 0.1296875
8 0.434375 0.16640625 0.040625 0.1421875
8 0.47578125 0.175 0.0453125 0.15390625
8 0.5234375 0.1859375 0.04296875 0.165625