8 0.1921875 0.4140625 0.240625 0.146875
8 0.4046875 0.4171875 0.24765625 0.16328125
8 0.72421875 0.4265625 0.2546875 0.16328125
8 0.10078125 0.775 0.2015625 0.15625
8 0.4859375 0.78359375 0.18515625 0.0890625
8 0.3078125 0.7953125 0.21171875 0.14921875
8 0.71640625 0.81171875 0.2140625 0.0984375
8 0.13125 0.91015625 0.16328125 0.0890625
8 0.3046875 0.934375 0.14453125 0.09375
8 0.490625 0.9515625 0.16796875 0.09140625
8 0.734375 0.0984375 0.31015625 0.1875
8 0.3953125 0.128125 0.29296875 0.16328125
8 0.1484375 0.1390625 0.26953125 0.14453125