8 0.8792183047457055 0.3543457125209044 0.17586358411256375 0.14945562021691713
8 0.4254115278147341 0.4688970083878153 0.17609084308955403 0.18851812021691713
8 0.72598422043675 0.3722048573311018 0.18091469847574845 0.21198289129415607
8 0.5726774132551576 0.40256400214129934 0.2028260599120669 0.21836015632127062
8 0.26283425976255737 0.481232861043535 0.2073226623713949 0.18557492739850953
8 0.35136847717424524 0.841135101870153 0.18078743344863374 0.19010789129415606
8 0.6573735583599427 0.7507247670702182 0.1542885659621911 0.2008908551898024
8 0.34360597414918315 0.8324959000747547 0.20122719847574846 0.21210106596219092
8 0.5087315252806514 0.7850174329576545 0.21690674063022614 0.22156696955298721
8 0.9853309075978169 0.6471604472973981 0.022884029857837617 0.17356476502711474
8 0.853108760057145 0.6792048119551704 0.22794423458010193 0.23881810206654458