8 0.6595775593631112 0.3499610341594459 0.03617651741285446 0.03457498789975162
8 0.648605759838081 0.3804843263139236 0.03132524310259512 0.0314227168225127
8 0.5470411013133678 0.7387786153451433 0.04596095318850324 0.04244203005422946
8 0.556037643036482 0.7012377087292851 0.03313340456798421 0.03611930718159222
8 0.5665147976044661 0.6652502117543472 0.032887743102595124 0.0314318071815924
8 0.6374292424252266 0.41491386846840134 0.040864017412854635 0.03460225897699036
8 0.6078878273417926 0.5166172690341353 0.03617651741285464 0.03457498789975162
8 0.543875157735803 0.7395780460633026 0.032887743102595124 0.03143180718159222
8 0.5983966406616327 0.5486939708295335 0.039301517412854634 0.03459316861791084
8 0.6230458378572422 0.4509240913410382 0.03502345318850324 0.042378397540672096
8 0.5720587907070612 0.6339774858566481 0.034532130257724704 0.03300339754067192
8 0.6142949575995175 0.4837774979568966 0.034695904567984215 0.0361283975406721
8 0.4805175853708514 0.9500388230924699 0.029353307326946167 0.02360112646343282
8 0.4845400220510113 0.9179939375538503 0.0309976944820761 0.025172716822513052
8 0.46325484226825625 0.981379726683266 0.03757524310259512 0.03145907825883114
8 0.5797882400503773 0.26295191354974523 0.03313340456798421 0.0361193071815924
8 0.5546410758714545 0.3404183833973201 0.034859678878243726 0.03925339754067192
8 0.49921551221293026 0.533650753810629 0.03617651741285464 0.03457498789975162
8 0.4676612177762827 0.6439569947354427 0.03124335594746519 0.0298602168225127
8 0.45903316825125257 0.674466651351301 0.03280585594746519 0.029869307181592218
8 0.4469525701057034 0.7112444886853184 0.03280585594746519 0.029869307181592218
8 0.43865206920119226 0.7355041453011768 0.04530585594746537 0.029942030054229286
8 0.48758529342059465 0.5618348411446465 0.034532130257724704 0.03300339754067192
8 0.47612217096478593 0.6017331332991243 0.032887743102595124 0.03143180718159222
8 0.3841305862753625 0.9263882205349458 0.03099769448207601 0.025172716822512698
8 0.39020684588630095 0.884959244637247 0.04259029172311406 0.03773634933607006
8 0.3702794482157216 0.952242193407583 0.03946529172311397 0.03771816861791066
8 0.9509384644969223 0.5130594352161593 0.028200243102595123 0.031404536104353654
8 0.48997438828678347 0.397027452580965 0.013400758706427141 0.01726022287263689
8 0.9280941067404347 0.5912935195251148 0.034859678878243726 0.0392533975406721
8 0.9617022241078608 0.4716031882412214 0.028282130257724702 0.032967036104353656
8 0.511826134102912 0.293025753810629 0.030008404567984214 0.03610112646343318
8 0.4787502832438294 0.40255983509452237 0.034532130257724704 0.03300339754067192
8 0.4989642859573628 0.3298081363241863 0.034532130257724704 0.03300339754067192
8 0.5210683372914152 0.25079734719477076 0.032887743102595124 0.0314318071815924
8 0.4555341112629906 0.47298596458301756 0.028200243102595123 0.031404536104353474
8 0.48528024423424887 0.36737631401728343 0.0329696302577247 0.032994307181592394
8 0.4652300158309748 0.4370030127876195 0.03280585594746519 0.0298693071815924
8 0.4116535572154046 0.6247575428418488 0.034695904567984256 0.03612839754067192
8 0.43351194708406793 0.5504342537124332 0.030008404567984214 0.03610112646343318
8 0.4409459888071819 0.5129024374556546 0.03313340456798421 0.0361193071815924
8 0.38917769165700095 0.6959603771508042 0.03946529172311397 0.037718168617910844
8 0.41888288105069427 0.5911319765850701 0.041355340343633126 0.04397725897699054
8 0.9397619470840677 0.5474889773706371 0.029844630257724703 0.032976126463433175
8 0.39899642695767984 0.6576336753554062 0.034695904567984305 0.0361283975406721
8 0.36781062471911624 0.7609086662802198 0.032887743102595034 0.0314318071815924
8 0.37750652928710055 0.7249257144848217 0.03642217887824373 0.03926248789975162
8 0.3366248224805526 0.8641836572050334 0.03124335594746528 0.029860216822513053
8 0.31624704545675963 0.9400603559753694 0.034286468792335524 0.028315897540672097
8 0.3427862912728881 0.8360313861277945 0.03296963025772479 0.032994307181592575
8 0.3543313008838266 0.7945705939733169 0.030008404567984304 0.036101126463433
8 0.3233092729555224 0.8947205848981306 0.040864017412854545 0.03460225897699019
8 0.30730357191472574 0.6636342113615636 0.030008404567984214 0.03610112646343318
8 0.28667681139927614 0.7293592053114395 0.024911468792335613 0.028261355386194252
8 0.29460549807943603 0.6972915938751211 0.028200243102595036 0.031404536104353474
8 0.31547792006027486 0.6268790999252453 0.034532130257724794 0.03300339754067192
8 0.2558185577812315 0.8263841962362533 0.025566566033373483 0.040761355386194256
8 0.2461635967908121 0.8615858980316513 0.02343085594746528 0.02981476502711473
8 0.2717578182966811 0.7606864733636163 0.032887743102595034 0.03143180718159222
8 0.2551612177762827 0.6451932835702707 0.028200243102595036 0.031404536104353474
8 0.26329462234426704 0.6092194221339522 0.031079581637205766 0.026735216822512696
8 0.24081875678586329 0.6804222564429077 0.03634029172311397 0.03769998789975162
8 0.21386675316781872 0.7774245214700223 0.034532130257724794 0.033003397540672094
8 0.19410312980749883 0.8415824702403583 0.023676517412854547 0.03450226502711473
8 0.23034160221787903 0.7164097534178456 0.03280585594746528 0.029869307181592218
8 0.2044983972203534 0.8071574732654204 0.03666784034363302 0.043949987899751616
8 0.21879327058067322 0.7430313407518631 0.033051517412854545 0.03455680718159222
8 0.17988349954977406 0.8744676931129952 0.028200243102595036 0.0314045361043533
8 0.9182797727283798 0.46560771829545067 0.03132524310259512 0.0314227168225127
8 0.9067347631174414 0.5070685104499284 0.03124335594746519 0.0298602168225127
8 0.8831910425160835 0.5837446399384236 0.029189533016686652 0.020476126463433175
8 0.8941595200148462 0.5383821429634856 0.03469590456798457 0.0361283975406721
8 0.8119002979431504 0.43889120307194435 0.0329696302577247 0.032994307181592394
8 0.801177481909777 0.4795662000468822 0.034532130257724704 0.03300339754067192
8 0.7890968837642277 0.5163440373808997 0.03946529172311397 0.037718168617910844
8 0.7778384791962434 0.5523360795353774 0.03946529172311415 0.037718168617910844
8 0.6470123665785158 0.977186609491411 0.034532130257724704 0.033003397540672094
8 0.6927851277713339 0.46145252518245544 0.034532130257724704 0.03300339754067192
8 0.6629571076449459 0.5686246757481895 0.03946529172311415 0.037718168617910844
8 0.6278274338550848 0.6875428473911624 0.034695904567984215 0.0361283975406721
8 0.6190356100197951 0.7211775040070207 0.03617651741285464 0.03457498789975162
8 0.6815676667809145 0.49666331733693314 0.02852779172311415 0.03765453610435365
8 0.6367420884230691 0.6515644407753042 0.034532130257724704 0.03300339754067192
8 0.6079409797620704 0.7540445461614984 0.032887743102595124 0.0314318071815924
8 0.5783176775235066 0.8573104467272327 0.04596095318850324 0.04244203005422946
8 0.5840254449363613 0.8229127208295335 0.04127345318850324 0.04241475897699054
8 0.5526758683875381 0.9293127117543472 0.03707727611928178 0.051762487899751616
8 0.5399777945522486 0.9629700942679046 0.03132524310259512 0.0314227168225127