8 0.8662988822242312 0.5502656045512782 0.18092705423577726 0.1520544906906352
8 0.39349421654739813 0.44322909528168414 0.18362615690134448 0.19113517202418073
8 0.708009009104693 0.535695669239368 0.18747858260730724 0.21617153469127165
8 0.5485741731321735 0.5086348245942306 0.21270590314042082 0.2242749360279987
8 0.22601119985435073 0.4350182479710468 0.21795569279472177 0.18997266136218052
8 0.3015828835443794 0.08004094131922793 0.18754076708875883 0.16008188263845585
8 0.6209071965556454 0.14751496391632202 0.160688762074194 0.20804995202099902
8 0.2940431681841155 0.08952502932050059 0.20996133636823106 0.17905005864100118
8 0.4668047182632578 0.11570298460377562 0.22685933135366607 0.22756356802990774
8 0.9758925617576247 0.2519542792011879 0.048214876484750493 0.18968066534054512
8 0.8261008134069774 0.21624514055541422 0.23673443652651543 0.24486015603118041