8 0.7666998880489977 0.3831239840318684 0.20901246801399936 0.10917172618081654
8 0.5565890913828614 0.3809153116911178 0.1872465560152719 0.11791022868809904
8 0.1261385227164068 0.36995245031656915 0.24215223201781738 0.13825147241989288
8 0.35436352005090677 0.3851839598834806 0.2045431440165447 0.12778533386094856
8 0.7236975120941775 0.714572560833188 0.20228975334181776 0.06836486975432585
8 0.5685469354312228 0.7373926322242312 0.08412155601527208 0.11490959765100203
8 0.5341548487825856 0.8691594577719094 0.15421588001272662 0.09820548244902269
8 0.7076559834499946 0.879674723607027 0.16984088001272682 0.09866012351524951
8 0.15845541478354008 0.8652565901291547 0.15250792934436314 0.08566001834239997
8 0.3344093874522218 0.8852150521242063 0.18390338001272663 0.0990693004748536
8 0.032247450787676255 0.8920427474927175 0.045768128023544366 0.174710494985435
8 0.7972573553469084 0.12316396232425604 0.2565419960216353 0.16678564937949703
8 0.5574954213478629 0.12321647195767449 0.21586245202099902 0.16091608260730733
8 0.32550962468172656 0.12037130212420633 0.21275563335454448 0.16238765439406197
8 0.10206303401495387 0.11308868487716292 0.19229768268618092 0.1492966210079671