8 0.6755345153863198 0.38831046185254303 0.10501742116215293 0.14902837334017516
8 0.6541570099710771 0.7455144286750557 0.11773562670923621 0.15847609621281206
8 0.9015826434267362 0.09633099834968 0.10995818787965277 0.09281473477649364
8 0.9337064454306425 0.45555146224532644 0.13258710913871496 0.16484427088084713
8 0.9173083605604173 0.6041207724519809 0.12856402393569438 0.15385222872636942
8 0.930520141429966 0.7689099802975032 0.12129703780340292 0.17724427693097128
8 0.11729148318559084 0.6751903766598248 0.1848880655388196 0.22448289129415605
8 0.15400631392329903 0.47338698214421504 0.1687902868534724 0.20407948770335982
8 0.18552515159486133 0.2833341538853838 0.1656289192622918 0.20249880698520056
8 0.22002417211208342 0.12061144008793315 0.14894925911805573 0.15709540339440445
8 0.2382637194147917 0.03233980132785988 0.15152743882958342 0.06467960265571976