8 0.07421875 0.3796875 0.0671875 0.103125
8 0.12265625 0.38671875 0.0796875 0.1109375
8 0.40859375 0.525 0.1078125 0.14921875
8 0.5671875 0.58125 0.18984375 0.20703125
8 0.78359375 0.6390625 0.2328125 0.27421875
8 0.2328125 0.7796875 0.071875 0.07421875
8 0.2875 0.8265625 0.06953125 0.06484375
8 0.090625 0.13828125 0.08671875 0.0671875
8 0.371875 0.1546875 0.146875 0.19921875
8 0.8125 0.165625 0.28828125 0.303125
8 0.55390625 0.16796875 0.2140625 0.2671875
8 0.27109375 0.1734375 0.1203125 0.17578125