8 0.34798296666136386 0.051230205619780846 0.12590906667727228 0.08249009618646848
8 0.322404233887687 0.8389385367453068 0.14531359468490823 0.1393948606144388
8 0.3155627932050059 0.9497321598887993 0.14814769334818118 0.10053568022240142
8 0.3034415313096829 0.18488595380568232 0.17096812269254427 0.1965178798517324
8 0.2814268872533673 0.5991295030800429 0.15859539202736234 0.20701887023308566
8 0.2768682986155478 0.386383966419554 0.1586862986950896 0.21483137023308557
8 0.7380917738701878 0.9681448871081265 0.1369556546785448 0.06371022578374692
8 0.7320246818905505 0.832140476755991 0.12716357869190792 0.19030259618646853
8 0.7182819972549581 0.6026613078815171 0.14949311203054413 0.23012898801910034
8 0.7060745406190476 0.37558045270937396 0.12899879869508962 0.21379465988879928
8 0.687617083983137 0.14828134272790744 0.15883174936345307 0.2273313702330856