8 0.1828125 0.475 0.14453125 0.18046875
8 0.3203125 0.48828125 0.134375 0.1828125
8 0.4578125 0.49375 0.12734375 0.16796875
8 0.05859375 0.4953125 0.1109375 0.16328125
8 0.9046875 0.5046875 0.15859375 0.16796875
8 0.60078125 0.5078125 0.1296875 0.15859375
8 0.740625 0.5125 0.16328125 0.15859375
8 0.3375 0.17734375 0.12734375 0.1421875
8 0.2125 0.178125 0.125 0.134375
8 0.596875 0.18984375 0.12265625 0.1515625
8 0.46875 0.190625 0.13671875 0.14921875
8 0.890625 0.19921875 0.11796875 0.1515625
8 0.73828125 0.2015625 0.1734375 0.18515625
8 0.0375 0.259375 0.07421875 0.28125