8 0.6463491441100666 0.4586456877502421 0.11155754809323426 0.0631363251355733
8 0.21519091334736035 0.4361591720357564 0.09711310217691826 0.052117011903856716
8 0.5349304944728864 0.4507018984244347 0.11161211179556503 0.0646988251355733
8 0.7799156122589013 0.4586497120489348 0.10530754809323425 0.06309996369925486
8 0.3276363496450295 0.4370671661820239 0.10568949400955016 0.07403746369925486
8 0.15910958285480653 0.2974511960398615 0.07383929328391084 0.05666815651766246
8 0.44405750172928055 0.27939050068737104 0.09006449400955016 0.07394656010845857
8 0.25257932985958165 0.26019611485416405 0.09636905771188112 0.07554542154477702
8 0.04751610694383266 0.25045399707313376 0.09503221388766532 0.0833488311856975
8 0.6671775431990927 0.2648138745185255 0.10418155771188112 0.07559087334017515
8 0.5583208983712359 0.2506064496540988 0.10278274881887377 0.08026928298109555
8 0.7841839939247321 0.246949142767094 0.1014385036281972 0.08651019262201594
8 0.2726908669834066 0.7802859010567134 0.12983632213985138 0.09448631908544894
8 0.7702280658949474 0.8031673265103153 0.13517858656782167 0.11326359016268803
8 0.6439111025554365 0.7968723955957644 0.12078870435383635 0.10380677693097126
8 0.39445673957874494 0.7827018530485033 0.12067957694917482 0.10068177693097127
8 0.5191839210670907 0.7897871243221338 0.13172620435383636 0.10387040944452863
8 0.14729156289972264 0.7700801749626226 0.13128969473518964 0.09137040944452864