8 0.4402902826537737 0.7782464627227702 0.1439038005403049 0.2297067760184536
8 0.4077059280297847 0.5607680613860431 0.14782740870767302 0.20788632001909005
8 0.3334623191446265 0.1342959207113161 0.17219249164729752 0.2347215400222717
8 0.38083586006628456 0.350384544716725 0.1641617368379741 0.22838063335454448
8 0.7728448331092606 0.6852804494350407 0.10133435462398879 0.21827838001272665
8 0.7741741762156862 0.5220810154359953 0.13172620435383636 0.1046158693507266
8 0.9035417284852716 0.4697019974538127 0.12313494355406326 0.17167610001590833
8 0.9387909592055689 0.6474093741247215 0.12241808158886229 0.18733746268299925
8 0.8424900895630465 0.08555371678067658 0.109980179126093 0.15278064934754482
8 0.8899256286706061 0.25869177211963085 0.1289137176006804 0.2029806440165447
8 0.17960080851448929 0.8494016580203627 0.2083135301218849 0.28512152936027135
8 0.1443626798438832 0.6006550753500901 0.19908237386128266 0.24440562269254434
8 0.10624508783376599 0.3589033800127267 0.19579368275429004 0.23968176002545336
8 0.07848464246560416 0.1453857726766359 0.15325895317271013 0.1845215453532718