8 0.4689070638924595 0.8005332029188039 0.15610564401654461 0.12457508035608375
8 0.640714811982819 0.13777192450858972 0.1527806493475449 0.107333033278183
8 0.6611551286600912 0.05998784374546897 0.1587579293443632 0.08400462743398433
8 0.48001783390359537 0.7186792309219813 0.16833292401336303 0.10135576866768652
8 0.5248865332590944 0.5561480032431156 0.16533519334818117 0.11223872158978576
8 0.547788778604412 0.46824858278842035 0.17189427601845378 0.1389103157455871
8 0.6124710859723195 0.21463838757695877 0.16362724267981754 0.09971144805083539
8 0.4326417525461874 0.8952320482924214 0.18283177601845363 0.1391012305182393
8 0.5856716812937746 0.3016883741842782 0.17799882535009015 0.12651940990138844
8 0.4807670999761374 0.18420877353565507 0.17787155601527194 0.11558190990138843
8 0.4971829879853643 0.11651275892515844 0.18417610001590834 0.12037850405718978
8 0.3666649532543218 0.5885496258091312 0.17002269334818115 0.11232054220663663
8 0.3871689045990031 0.5052967950460105 0.15436133068109026 0.10892280681713337
8 0.4485080359643653 0.27038205275664823 0.18417610001590834 0.12037850405718978
8 0.5128630793284548 0.044896857545186686 0.18364884134309048 0.07506600405718977
8 0.339929183243186 0.6701308624164506 0.1591033746817266 0.11369212743398442
8 0.31622750656432286 0.7595791461016708 0.1826681440165448 0.1250387305182393
8 0.3990791059436844 0.4218939598186629 0.18900905068427187 0.13296032467404081
8 0.2880837778883233 0.8278518591700397 0.1907170013526355 0.1454875982129913
8 0.12276041191918555 0.5975762037328782 0.1544704186823629 0.11829780681713338
8 0.09212748257482242 0.6783080064928217 0.15296246268299923 0.12295803327818292
8 0.21803074264004668 0.19993931899199793 0.18421246268299923 0.12350350405718977
8 0.07481544995227493 0.7576273137169922 0.14963089990454986 0.10900462743398442
8 0.249509103994273 0.0465512662320544 0.169731792011454 0.08732054220663672
8 0.08675237595482026 0.33439436525911975 0.14186133068109025 0.10870461850553052
8 0.11434266864259202 0.17937562865180032 0.11675224267981758 0.09889324188232518
8 0.0970364426320925 0.25643300649282175 0.11666133601209036 0.09108074188232518
8 0.024625093292501878 0.6481471737011061 0.049250186585003755 0.09316934740221221
8 0.041159159969774116 0.4952949090906095 0.08231831993954823 0.09996481818121908
8 0.13243014465309152 0.10233188758025406 0.11202838001272668 0.09568642126547414
8 0.03682564863145617 0.5741329752432337 0.07365129726291234 0.11076595048646745
8 0.05264209997613746 0.4064233238632619 0.10528419995227492 0.10972164772652385
8 0.1543147826623184 0.03473133035608366 0.11324543467536322 0.06602619480442448
8 0.8087331799013681 0.7408265608710278 0.09306020401018138 0.07660913879807012
8 0.8247496259150495 0.640304409491056 0.12474655601527199 0.11465460957707699
8 0.8446086872613214 0.5453191919584601 0.11855110001590852 0.11923301542127547
8 0.7360036572247323 0.8130094780793122 0.21744313335454457 0.16001374837514684
8 0.6763912052037332 0.9597194679363377 0.22292951734563574 0.08056106412732475
8 0.6912991372135965 0.8942770689887027 0.23628404002227157 0.16815353084255094