8 0.35078125 0.7130505093543591 0.1796875 0.2995092045623549
8 0.31015625 0.37954960125541326 0.1984375 0.3080857085166878
8 0.28046875 0.13241989846025987 0.215625 0.26483979692051973
8 0.74453125 0.3798189263133725 0.1328125 0.2429116946765233
8 0.77734375 0.6441069193932902 0.13125 0.22878552768032884
8 0.715625 0.1442780157429687 0.1375 0.2806026956651064
8 0.740625 0.011230682776344137 0.20625 0.022461365552688274
8 0.040625 0.4249071580989458 0.08125 0.31268568380210837
8 0.071875 0.7853525681750579 0.115625 0.31252385771838503
8 0.02265625 0.15923307855518132 0.0453125 0.21278384288963736
8 0.9328125 0.3565220532719483 0.134375 0.26328786167271756
8 0.94921875 0.6105410498119073 0.1015625 0.24945085475263545
8 0.8953125 0.010966744525611494 0.10625 0.021933489051222988
8 0.91875 0.1289700562376978 0.115625 0.250023857718385