8 0.3469049824756038 0.6650938969932108 0.034532130257724794 0.034532130257724704
8 0.34529489484550424 0.6363514213034703 0.028036468792335522 0.029517081637205678
8 0.3031128753964848 0.2965353267759657 0.04102779172311397 0.03954717887824381
8 0.3090419708285005 0.33206339100031695 0.028282130257724792 0.034204581637205855
8 0.31344950983808106 0.366892092379798 0.03124335594746528 0.03124335594746528
8 0.3431492186807939 0.6029623891912946 0.03765713025772479 0.034695904567984215
8 0.33181997229883853 0.5069472043201572 0.034532130257724794 0.034532130257724704
8 0.3062788189740496 0.2955903024657062 0.031243355947465367 0.03124335594746528
8 0.3280299089789984 0.4752025593631112 0.03609463025772479 0.034614017412854636
8 0.34190762324877816 0.5671886635015542 0.03009029172311397 0.03897396879233561
8 0.31900679104574553 0.3946486001817141 0.034368355947465276 0.03140713025772479
8 0.33803567277380836 0.5370065185445083 0.03140713025772479 0.03436835594746519
8 0.2840707055633525 0.09496618272343103 0.0261464201718165 0.02318519448207603
8 0.2927529867710169 0.12255891621508766 0.0294351944820761 0.026473968792335524
8 0.2860769408640314 0.056684932723431024 0.03642217887824373 0.040864017412854545
8 0.4499580613992761 0.7056602640219525 0.028282130257724702 0.034204581637205675
8 0.4437323948455042 0.6311925305302959 0.028364017412854638 0.03576708163720586
8 0.42144571630594463 0.44693371721045577 0.034532130257724704 0.034532130257724704
8 0.4097855992772029 0.34236572591688313 0.026310194482076055 0.02631019448207601
8 0.40579081806953854 0.3145273309598372 0.029517081637205723 0.028036468792335612
8 0.40294577905995793 0.2796167424252265 0.029517081637205723 0.028036468792335522
8 0.40113097354203386 0.254780516735486 0.042017081637205723 0.028691566033373573
8 0.4213162415207153 0.4196718543655855 0.03436835594746519 0.0314071302577247
8 0.4178537268213942 0.3816772094085397 0.03124335594746519 0.03124335594746528
8 0.3793798835370851 0.07516825983808104 0.029353307326946253 0.024911468792335523
8 0.38835209181397107 0.11209504975217277 0.03773901741285464 0.036258404567984306
8 0.38159415875185576 0.047783566260516164 0.03617651741285455 0.03617651741285455
8 0.02592741915576372 0.6499723445275045 0.026473968792335534 0.0294351944820761
8 0.4811338975590377 0.5567757066950063 0.013400758706427318 0.01784259724103805
8 0.01892050260199181 0.5755455546134127 0.02836401741285454 0.035767081637205676
8 0.03161085312239017 0.6901879087518559 0.026637743102595035 0.0325601944820761
8 0.500275643940993 0.652381455790495 0.026719630257724704 0.034122694482076096
8 0.48857458333468634 0.5485947144969223 0.03436835594746519 0.0314071302577247
8 0.4982527985089774 0.6166486736783195 0.0314071302577247 0.03436835594746519
8 0.5076034650627493 0.6909526328597166 0.03124335594746519 0.031243355947465367
8 0.48358386816039545 0.4802950938501359 0.02647396879233561 0.0294351944820761
8 0.4947493402320914 0.5794352787212735 0.028200243102595123 0.03264208163720568
8 0.488813600747541 0.5143016016520521 0.029517081637205678 0.028036468792335612
8 0.46619937358746244 0.33629278833221204 0.0314071302577247 0.034368355947465276
8 0.4741922580290588 0.40677238466873894 0.026719630257724704 0.034122694482076055
8 0.48098449061620413 0.4406970053155252 0.028282130257724702 0.034204581637205675
8 0.4596871019907365 0.2672938048405554 0.03617651741285464 0.03617651741285455
8 0.4723741304848675 0.3671333525565633 0.03798467887824373 0.040945904567984304
8 0.023740799413488507 0.617364562415329 0.026637743102595042 0.0325601944820761
8 0.4655343102676223 0.3043843690649067 0.0314071302577247 0.034368355947465276
8 0.45436883819592655 0.20524418419376905 0.03124335594746519 0.03124335594746528
8 0.46037982078307194 0.23920974841812032 0.034695904567984215 0.03765713025772479
8 0.44472492254666574 0.1068033621675017 0.0263101944820761 0.02631019448207602
8 0.4352104816826342 0.0356244029861046 0.0325601944820761 0.026637743102595035
8 0.4496237844870247 0.1322570635469827 0.028200243102595123 0.032642081637205764
8 0.45456691203121624 0.17173232134889882 0.026719630257724704 0.03412269448207601
8 0.44558141564926074 0.07559430574506658 0.03593085594746519 0.03148901741285455
8 0.5448842955683013 0.26204970488598395 0.026719630257724704 0.03412269448207601
8 0.5388666689286211 0.19847852781676248 0.0231851944820761 0.026146420171816544
8 0.543519869403591 0.22861972919624346 0.02647396879233561 0.02943519448207601
8 0.5517174717330116 0.2951930755327703 0.0314071302577247 0.034368355947465276
8 0.530539591813971 0.10464331863536536 0.023758404567984216 0.03708392017181654
8 0.5267904720716959 0.07211742367831948 0.021704581637205678 0.027627033016686786
8 0.540545355608781 0.16644727781676244 0.03124335594746519 0.03124335594746528
8 0.5982140134561257 0.2553592916115724 0.02647396879233561 0.0294351944820761
8 0.604265939620836 0.28854360583592364 0.026228307326946344 0.02474769448207601
8 0.597712724446545 0.220325872344267 0.034614017412854636 0.03609463025772479
8 0.5861787601767653 0.1282169374731294 0.034368355947465366 0.03140713025772479
8 0.5800383028043905 0.06698951040390792 0.021950243102595125 0.03231453301668678
8 0.5940454918593996 0.18623747738722116 0.029517081637205678 0.028036468792335522
8 0.5837464789691008 0.10029665536095381 0.03337906603337348 0.042262743102595035
8 0.5938750734966053 0.1597568645423509 0.028200243102595123 0.032642081637205764
8 0.5809766830621153 0.0342179539814728 0.02647396879233561 0.029435194482076033
8 0.07363125678586331 0.6762991491409174 0.028036468792335522 0.029517081637205678
8 0.06868812924167197 0.6368238913390012 0.026310194482076034 0.0263101944820761
8 0.0608590191103352 0.5632192950024744 0.025982645861557026 0.020060194482076098
8 0.06798212234426701 0.605696722071696 0.03140713025772479 0.03436835594746519
8 0.17835637833716084 0.6552286533247889 0.028200243102595036 0.03264208163720568
8 0.17337230721540461 0.6165346455228727 0.034368355947465276 0.0314071302577247
8 0.16978696178338892 0.580883750565827 0.03617651741285455 0.03617651741285464
8 0.16690097919624347 0.5467544120312162 0.03617651741285455 0.03617651741285464
8 0.1258963574178033 0.13987364823640622 0.034368355947465276 0.03140713025772479
8 0.1223519555633525 0.10344150327936034 0.02943519448207601 0.026473968792335524
8 0.12168689224351241 0.07153308401205498 0.03124335594746528 0.03124335594746528
8 0.2762040581199158 0.586993230439439 0.034368355947465276 0.0314071302577247
8 0.2628176667809145 0.4856321263009959 0.03617651741285455 0.03617651741285446
8 0.2500044855278215 0.37333352216255294 0.03140713025772479 0.034368355947465276
8 0.24539222863041657 0.3424110707830719 0.034532130257724794 0.034532130257724704
8 0.2733180755327703 0.5528638919048282 0.025239017412854458 0.035603307326946165
8 0.25531610527009674 0.4057775299644691 0.03140713025772479 0.034368355947465234
8 0.24320560888814136 0.3098032886708963 0.03124335594746528 0.03124335594746528
8 0.23121794323888062 0.21148529737732358 0.04102779172311406 0.03954717887824381
8 0.23895520013628557 0.24224397444654508 0.03798467887824382 0.040945904567984304
8 0.21794441655377192 0.06337202397157524 0.028200243102595036 0.03264208163720579
8 0.22787161521971946 0.1415412895754075 0.03214411465389251 0.04843085594746528
8 0.22650718905500913 0.10811131388566697 0.028036468792335612 0.029517081637205768