8 0.5421875 0.8014114550019297 0.1921875 0.1618420851145898
8 0.52109375 0.6637439704413358 0.1921875 0.15246708511458973
8 0.509375 0.5242412012410059 0.1765625 0.14419994404836292
8 0.528125 0.9268206319615337 0.171875 0.12062605172849494
8 0.4734375 0.08034541488541022 0.178125 0.16069082977082044
8 0.48671875 0.3811504307870348 0.1671875 0.14392715940862696
8 0.47421875 0.23932664364001627 0.16875 0.1783476235152496
8 0.8359375 0.6209892029568655 0.15 0.14186455423577743
8 0.8421875 0.7473698465303749 0.14375 0.13855769780928676
8 0.809375 0.3576995927694512 0.159375 0.13744983887551349
8 0.815625 0.48876773634296045 0.159375 0.15151233887551357
8 0.784375 0.06396659395658541 0.159375 0.12793318791317082
8 0.78984375 0.21608039410223467 0.196875 0.19166597743445785
8 0.76875 0.9291941595416408 0.2890625 0.09434835972519622