8 0.5392251108087054 0.3515836931373024 0.19823386137453233 0.18380572745980875
8 0.559623899252459 0.5166628835840085 0.22265400723608925 0.2036473465663967
8 0.5154932824508599 0.19762393920836097 0.20143410447712728 0.2151285020669146
8 0.5697812285148156 0.6955327462804556 0.21780273292582972 0.2003040227450789
8 0.5906270742855156 0.8840858240307146 0.21106140999505135 0.19063792431665547
8 0.48189180913596863 0.0631056598437442 0.21065861827193721 0.1262113196874884
8 0.02935106456303551 0.21635059201828266 0.041505826548823135 0.1079238159634347
8 0.01498759215265536 0.09171446505381194 0.026535923789861138 0.11969606989237613
8 0.05525065976790859 0.6059396308934122 0.05054663387576941 0.131725188998964
8 0.026895529171499545 0.3488184896609178 0.022837713703952878 0.1086130206781645
8 0.9104992452503016 0.6763052874318966 0.17900150949939686 0.22701207195929066
8 0.8968473024079058 0.48097567080650816 0.20630539518418836 0.19122012117350257
8 0.9114210153766896 0.8601173612532141 0.1771579692466208 0.16651121960192583
8 0.8530475141334943 0.12316532485928407 0.19979636137453208 0.1838785020669146
8 0.8662888998182858 0.30110838834151943 0.2331001843053108 0.19478176881613757