8 0.41982375608907996 0.21195839139081554 0.15352619480442448 0.11426358935390812
8 0.530534196028831 0.8977606260741329 0.15015573295387147 0.10016472668681757
8 0.5440551793897395 0.9699874253659985 0.1605204886359143 0.06002514926800302
8 0.4426379188331374 0.29270895206076997 0.16876936525911965 0.09257040268936265
8 0.4685986266265007 0.4617953067313607 0.1643000535707225 0.10501585868872639
8 0.4826281245979058 0.553383370066815 0.16942393019392785 0.13007040268936265
8 0.524948443593199 0.8148663100731784 0.16405459172016937 0.09095335868872638
8 0.41536017289032723 0.10954191605663374 0.18348643019392785 0.1302340346912716
8 0.5156064456217939 0.7233327907383604 0.17699096834337488 0.11609880935708965
8 0.6606092540637803 0.7875327454248595 0.1784171006486231 0.10830449069063519
8 0.6718819448110149 0.8579906960932231 0.18313187418757337 0.10992153469127146
8 0.6015532228108971 0.36566628874917806 0.1705227800317722 0.10352608402290801
8 0.6156918149381034 0.45100435208463246 0.15333528003177221 0.10332608935390812
8 0.6552007796313255 0.6944821794239049 0.18313187418757337 0.10992153469127146
8 0.693010876629796 0.9457543254296319 0.1860386858759707 0.09745789735836255
8 0.5921294042226408 0.2788202694143599 0.15963982710967278 0.10652381468808994
8 0.5781135430207109 0.18645095607890544 0.18321369480442443 0.1146090346912716
8 0.6400412041432106 0.5333355940881324 0.18644778896022576 0.12089539735836255
8 0.5770652861208521 0.1122049340785873 0.18828302434972918 0.1365385786919079
8 0.8230481676153214 0.25572076611231304 0.15185460064862327 0.10799540802036275
8 0.8183254857965405 0.16814804077813122 0.15196369480442443 0.11424540802036268
8 0.8971934107187579 0.6636974454566762 0.18474892126547432 0.113064716024817
8 0.8088334833609085 0.08520827144331312 0.16112050649282175 0.10185449602163536
8 0.9177535523594968 0.8288139154598578 0.13771028003177221 0.10314427601845359
8 0.9249290783340793 0.9101639127943578 0.12014095048646745 0.08106928134945371
8 0.9432577073896216 0.4868536821291759 0.09853868587597106 0.09643974267981754
8 0.9671201270335377 0.6418502647994485 0.04525004464226896 0.08644657733927233
8 0.9591088039810547 0.5636161767981758 0.06383640340856686 0.07728975334181776
8 0.9083874241081432 0.1566934674569943 0.07957049756436803 0.08372156667727224
8 0.9369100702131092 0.3133070941279032 0.07499209172016919 0.08991702267663593
8 0.9743365633165457 0.7208565121339484 0.02803527110331814 0.08468408267027243
8 0.9187561339301015 0.23417357745858514 0.08768300649282175 0.10099997334499947
8 0.9517071814150391 0.4056854981301304 0.07518300649282175 0.10085452267663583
8 0.9067079216725112 0.07384460478990343 0.060956865259119655 0.0913158906747269
8 0.12960035633396128 0.40940336668522637 0.09187958279171564 0.07292951734563577
8 0.1559798498411395 0.5097306306890445 0.12219437418757347 0.10921246268299925
8 0.17697241396516877 0.6053067600254534 0.1160534683433748 0.11538973734881744
8 0.1672424525183575 0.3121652873567716 0.21662621266133195 0.14936584269572598
8 0.1479544845787245 0.11893290802036269 0.2211500714276299 0.1400453866963623
8 0.1766913648553779 0.21850619402449886 0.23545803327818296 0.15427151869827133