8 0.05600728870940713 0.3133207024281402 0.10936010272117931 0.4046085951437196
8 0.1400032174172234 0.6141043009370721 0.13495899204327072 0.3225689849563052
8 0.24409128075267789 0.6267059378466638 0.16931581070972526 0.32200669530200426
8 0.9242163940364302 0.6802528911992407 0.15156721192713968 0.34517141066226814
8 0.7746151220957683 0.6831686057015749 0.20112943204963402 0.3713534774344579
8 0.5808287594286774 0.6856811549227874 0.19798625071608864 0.36970004922121247
8 0.06657535542645027 0.6842325960016494 0.12198737205599744 0.4159098079967011
8 0.39363784209895 0.7176993477175091 0.21228510805217943 0.39042172618081655
8 0.8021737640435889 0.29786159151580993 0.21590100405790658 0.43270015439406195
8 0.9428965720082723 0.2999288937065233 0.11420685598345556 0.41430184389007846
8 0.23625786270686175 0.2893195981132205 0.15897829471672492 0.3732509465556454
8 0.13466809070654362 0.2899310150436948 0.11484648671227063 0.33916545157021033
8 0.6107584233768162 0.30264969457708835 0.21581009739017923 0.42488765439406195
8 0.3998027420432707 0.3072248489711503 0.25369190539463354 0.4587912929530063