8 0.5668690892812421 0.6725223961786193 0.06756142126547413 0.11322917549789598
8 0.599239889608849 0.24578877058805607 0.056378459414921166 0.09878472958157998
8 0.5774735783241935 0.564365155797266 0.06912392126547413 0.11328373920022691
8 0.563718590092021 0.8051439232204611 0.06745232710967279 0.10697917549789589
8 0.5956939241048479 0.3557540476298981 0.07841710064862309 0.10892362141421189
8 0.7388694054371616 0.1936682537978331 0.060656856330665934 0.07551092068857254
8 0.7516320527566484 0.47753482230948735 0.07814436525911965 0.09329862141421189
8 0.7740859310047068 0.28781012339794654 0.07981595941492117 0.09960318511654283
8 0.7878096915580135 0.08997282412358591 0.08428527110331849 0.08726687622353535
8 0.7602196688265469 0.70113601341648 0.07992505357072233 0.10585318511654265
8 0.7762929078694982 0.5931697459932848 0.08458528003177221 0.1044543762235353
8 0.7747515474783472 0.8179787730351269 0.08921823295387146 0.10149306733052796
8 0.25490923701106116 0.28998019237293693 0.10070120373287823 0.13312501324684387
8 0.22138108562779416 0.7846007224100038 0.11956029788867957 0.14002977767481434
8 0.23012306574229177 0.6592014183263198 0.10673301542127547 0.1208432680561673
8 0.24847009658813804 0.4131175920101172 0.10527960957707683 0.12703870435383652
8 0.24046845616521492 0.5362004279449667 0.10854097727182858 0.13496033175849825
8 0.26755746712555883 0.16471729754508008 0.09757620373287823 0.1330158858421822