8 0.8078125 0.4140625 0.240625 0.146875
8 0.5953125 0.4171875 0.24765625 0.16328125
8 0.27734375 0.4265625 0.2546875 0.16328125
8 0.8984375 0.7765625 0.19921875 0.15859375
8 0.5125 0.78359375 0.18515625 0.0890625
8 0.6921875 0.7953125 0.21171875 0.14921875
8 0.28359375 0.81171875 0.2140625 0.0984375
8 0.8671875 0.91015625 0.16328125 0.0890625
8 0.69375 0.934375 0.14453125 0.09375
8 0.509375 0.9515625 0.16796875 0.09140625
8 0.265625 0.0984375 0.31015625 0.1875
8 0.6046875 0.128125 0.29296875 0.16328125
8 0.85 0.1390625 0.26953125 0.14453125