8 0.79375 0.43125 0.08203125 0.125
8 0.16640625 0.4328125 0.0671875 0.125
8 0.078125 0.43359375 0.07421875 0.1390625
8 0.71953125 0.43984375 0.0578125 0.1421875
8 0.5640625 0.4390625 0.06953125 0.13671875
8 0.48125 0.4390625 0.09375 0.13671875
8 0.24140625 0.43984375 0.0578125 0.1390625
8 0.8859375 0.4421875 0.09140625 0.14921875
8 0.32421875 0.44375 0.0796875 0.146875
8 0.2453125 0.5640625 0.06953125 0.14921875
8 0.18125 0.5640625 0.071875 0.15390625
8 0.63046875 0.57109375 0.0671875 0.1421875
8 0.5515625 0.571875 0.06953125 0.12734375
8 0.3296875 0.571875 0.071875 0.15390625
8 0.09375 0.571875 0.071875 0.15859375
8 0.709375 0.575 0.071875 0.13203125
8 0.79453125 0.57578125 0.0765625 0.1515625
8 0.475 0.58125 0.08203125 0.15625
8 0.8609375 0.584375 0.09609375 0.15390625
8 0.69609375 0.784375 0.0765625 0.125
8 0.775 0.7921875 0.08203125 0.12265625
8 0.321875 0.7921875 0.07421875 0.15390625
8 0.85078125 0.7953125 0.0671875 0.134375
8 0.16796875 0.80234375 0.0671875 0.1421875
8 0.07734375 0.809375 0.0765625 0.15625
8 0.471875 0.8984375 0.071875 0.15625
8 0.328125 0.903125 0.06953125 0.11796875
8 0.4 0.90390625 0.06015625 0.1296875
8 0.7734375 0.90625 0.06484375 0.125
8 0.628125 0.9078125 0.071875 0.115625
8 0.25546875 0.9078125 0.0671875 0.12265625
8 0.70234375 0.91015625 0.0796875 0.1390625
8 0.54375 0.9109375 0.08203125 0.11796875
8 0.84609375 0.915625 0.0765625 0.103125
8 0.175 0.91640625 0.07421875 0.1390625
8 0.0984375 0.92421875 0.07421875 0.1421875
8 0.0265625 0.92734375 0.053125 0.1453125
8 0.6609375 0.1453125 0.053125 0.07421875
8 0.5671875 0.1546875 0.08203125 0.09609375
8 0.47890625 0.15859375 0.0890625 0.0890625
8 0.7421875 0.1921875 0.103125 0.178125
8 0.9171875 0.2015625 0.09375 0.18515625
8 0.825 0.2125 0.10546875 0.19453125