8 0.6958436030067892 0.37888091969806537 0.034450243102595125 0.03144089754067192
8 0.6659923286965297 0.37592863652057806 0.029517081637205678 0.026726126463433177
8 0.332906511758645 0.3130029522863774 0.03954717887824373 0.03928066861791084
8 0.36616939111185864 0.32140580474570546 0.032642081637205764 0.026744307181592396
8 0.39926849615481275 0.32668365720503345 0.03124335594746528 0.0298602168225127
8 0.6361001108087054 0.3721951033430908 0.034695904567984215 0.03612839754067201
8 0.5406271585247131 0.3547763200674077 0.032887743102595124 0.0314318071815924
8 0.3306855924913396 0.31536033782499684 0.03124335594746528 0.0298602168225127
8 0.5097899163266293 0.34792233206946027 0.0329696302577247 0.032994307181592394
8 0.5983544493433162 0.36772577196100165 0.03897396879233561 0.028343168617910842
8 0.42944731908559125 0.33588594038252073 0.03132524310259512 0.0314227168225127
8 0.5683394007227971 0.3616484887835144 0.03436835594746519 0.029878397540671918
8 0.13200907507848508 0.2821307230690287 0.02162269448207601 0.02511817466803503
8 0.15828164800926361 0.29135573214421495 0.024911468792335523 0.028261355386194252
8 0.09442718792335533 0.2807863916869395 0.04078213025772479 0.03303975897699045
8 0.7426953488229178 0.48254627518245546 0.03264208163720568 0.026744307181592396
8 0.6718096387370094 0.4720178413410382 0.03584896879233561 0.02832498789975162
8 0.48875812132415497 0.438697322994274 0.032887743102595124 0.03143180718159222
8 0.3869942254625979 0.4205336511549092 0.02631019448207601 0.025145445745273776
8 0.35776042684207887 0.41445182279788223 0.028036468792335522 0.028279536104353475
8 0.3239210153766896 0.409959765518094 0.028036468792335522 0.028279536104353475
8 0.2995384910664301 0.406975666083828 0.027047178878243726 0.03920794574527382
8 0.46051029059146026 0.43651719945770706 0.03132524310259512 0.0314227168225127
8 0.4234230483933764 0.4296995728960781 0.03124335594746519 0.0298602168225127
8 0.12195572365357558 0.37362333148028504 0.02334896879233552 0.028252265027114642
8 0.1577670708946136 0.38591879840099363 0.034695904567984305 0.03612839754067201
8 0.09461197365357557 0.37378241276417834 0.034532130257724794 0.03300339754067192
8 0.6543842848257091 0.06496386544333921 0.029353307326946167 0.023601126463433132
8 0.6015723818396045 0.5036859978587007 0.01628009724103805 0.01259090359079611
8 0.5810319940071063 0.05210531714054144 0.03584896879233561 0.028324987899751596
8 0.6946374706013578 0.07254456128680897 0.030915807326946165 0.023610216822512742
8 0.6950291327441157 0.5273684166730032 0.03247830732694616 0.02361930718159222
8 0.5925249304601234 0.5099905400131783 0.03132524310259512 0.0314227168225127
8 0.6620528584338562 0.5244343142136751 0.03280585594746519 0.0298693071815924
8 0.734623899252459 0.5372974076960129 0.03124335594746519 0.0298602168225127
8 0.524846107529345 0.5010064254536019 0.029353307326946167 0.023601126463433174
8 0.6266100033909019 0.5191700972929667 0.03107958163720568 0.026735216822512696
8 0.5611930433049938 0.5086098471947708 0.028036468792335612 0.028279536104353475
8 0.3836102758921392 0.4752575125912277 0.034368355947465366 0.029878397540671918
8 0.4545778731331772 0.48734844643264486 0.03247830732694616 0.02361930718159222
8 0.48710044606395575 0.4965370940715127 0.03107958163720568 0.026735216822512696
8 0.3166717593837958 0.46548760285211144 0.034532130257724794 0.033003397540672094
8 0.41452940524535287 0.4836740005891752 0.04086401741285446 0.03460225897699054
8 0.6221073733603198 0.06046271780447138 0.03091580732694634 0.023610216822512742
8 0.3506340015818797 0.4723234101318997 0.034368355947465366 0.0298783975406721
8 0.25285824287545244 0.45569951239483597 0.031243355947465367 0.0298602168225127
8 0.2892051786511012 0.4633029341360048 0.03765713025772479 0.03302157825883114
8 0.15664498416902517 0.4390665242986927 0.02631019448207601 0.025145445745273953
8 0.08559549977285738 0.42541309045727543 0.024993355947465278 0.029823855386194253
8 0.18357597636710904 0.44594323819433923 0.031079581637205766 0.026735216822512696
8 0.2222666621427578 0.4535330243968886 0.03247830732694634 0.02361930718159222
8 0.12769779059146028 0.43845344594166563 0.033133404567984304 0.0361193071815924
8 0.3178458350281078 0.5475370335702707 0.03247830732694634 0.023619307181592396
8 0.2548135685197644 0.5377443979334554 0.02606453301668683 0.020457945745273952
8 0.2840473671402834 0.5438262262904825 0.029353307326946253 0.023601126463433174
8 0.35267121438132143 0.5559307956705192 0.03280585594746528 0.029869307181592218
8 0.16345158412359662 0.5242091387600732 0.03700203301668674 0.020521578258831143
8 0.12870809192551275 0.5173778766598248 0.027545145861556986 0.018904536104353477
8 0.22270043136463463 0.5363682502945876 0.031243355947465367 0.0298602168225127
8 0.3142981111473896 0.5991358950065893 0.029353307326946344 0.023601126463433174
8 0.34908254692303836 0.6067484071068376 0.02318519448207601 0.02512726502711473
8 0.2821030868371301 0.5961972473677214 0.034450243102595035 0.0314408975406721
8 0.18901482813070283 0.5795460785534188 0.03132524310259503 0.0314227168225127
8 0.12832631162235944 0.569739807377984 0.03067014586155703 0.018922716822512696
8 0.24900398179417596 0.5909193949083933 0.028036468792335522 0.028279536104353475
8 0.16376916666531355 0.5750040242986927 0.042262743102595035 0.031486349336070064
8 0.2215783446390462 0.5895159761922867 0.031079581637205766 0.026735216822512696
8 0.09777567446722968 0.5683545693800367 0.0293533073269463 0.023601126463433174
8 0.6826630930571665 0.11247012451852552 0.029517081637205678 0.02672612646343313
8 0.6440133508590826 0.10566158831597616 0.0263101944820761 0.025145445745273866
8 0.5714832536180446 0.09357974483363858 0.019978307326946342 0.02354658430895542
8 0.6149023829712583 0.1019235099589491 0.03436835594746519 0.029878397540671963
8 0.6715385645630356 0.2133468232888615 0.03107958163720568 0.026735216822512696
8 0.6344103787873868 0.20574794672723257 0.03132524310259512 0.03142271682251272
8 0.5973640801668678 0.19971157016560354 0.034532130257724704 0.03300339754067201
8 0.5643059187014785 0.1952149677062755 0.034532130257724704 0.03300339754067201
8 0.16156602103089918 0.13035005445111786 0.03132524310259503 0.03142271682251274
8 0.12682252883281525 0.12351879235086942 0.024911468792335523 0.028261355386194252
8 0.09462750452255578 0.1205801447120016 0.03124335594746528 0.02986021682251274
8 0.612225519560561 0.3043445280111258 0.03132524310259512 0.0314227168225127
8 0.5119831801214392 0.2853905158126816 0.034532130257724704 0.03300339754067192
8 0.40076239710475237 0.26571888612779465 0.034368355947465234 0.029878397540671918
8 0.37070640490666856 0.25886035295030735 0.032887743102595034 0.0314318071815924
8 0.5799486080951718 0.299843380372258 0.035603307326946165 0.02363748789975162
8 0.43398433288040117 0.2733404885871226 0.03280585594746519 0.0298693071815924
8 0.3392926305964091 0.25591716013189975 0.03124335594746528 0.0298602168225127
8 0.24065373473485202 0.23773530757437583 0.03954717887824381 0.03928066861791084
8 0.27161380766563054 0.24693304557232326 0.04086401741285446 0.03460225897699045
8 0.09489417740790576 0.2151386657892404 0.031079581637205766 0.026735216822512696
8 0.17301585538163838 0.22953244301479936 0.04843085594746528 0.02996021077238851
8 0.13843613749381403 0.22582618091455098 0.029517081637205768 0.026726126463433177