8 0.2585815894334499 0.7389544574527388 0.1542897000318167 0.2352567648307229
8 0.3178276780712695 0.5268135266363837 0.1603215240292714 0.21654312626704134
8 0.4302153060152721 0.11499530356735507 0.1885556120305441 0.2260817527304745
8 0.38030785471036166 0.32406577653818786 0.17460220003181676 0.23537493949875793
8 0.609853735439177 0.783182743066113 0.1135010680299077 0.22095791549465282
8 0.6791929867520415 0.6328151044042356 0.13568405601527206 0.11328177088084708
8 0.8221617367520416 0.6336468722600206 0.1317419906906352 0.17731699980360832
8 0.7836094087762222 0.8115355229239505 0.1350488040260897 0.19296018052176755
8 0.9278999227004985 0.2546002425751337 0.12074994668999892 0.17256586729005097
8 0.8972055480585428 0.4364405950344617 0.1399181173615439 0.20861245159900643
8 0.9497187366724997 0.13442864314086775 0.10056252665500054 0.08652837334017514
8 0.0503872814289956 0.7049329396951497 0.08768400270527095 0.28486587939029934
8 0.08192599339590621 0.4613829275949012 0.1559976507001803 0.24776585518980246
8 0.12840845269731677 0.22651302390590922 0.1919351507001803 0.24797493344863372
8 0.1795516873408633 0.05650959611461622 0.18097837468172656 0.11198289129415603