8 0.640754074123586 0.7653024968351392 0.14428076805616746 0.10959823320977709
8 0.5063194657865819 0.1411060834029607 0.14066469473518967 0.09542660580511529
8 0.48683036660488843 0.05339775227743469 0.15500001324684404 0.10373017912609302
8 0.6163418619652011 0.693410138667771 0.1544543762235353 0.08810517912609299
8 0.585131523583281 0.5388416897562303 0.1517113221398514 0.09893355172143128
8 0.5673686155085802 0.4557662949283733 0.1572718413771451 0.12409724282842394
8 0.5152430872007938 0.21745032859363728 0.15132937622353532 0.08799605172143128
8 0.6502778962634373 0.8588342420258158 0.1697718413771451 0.1245337524470707
8 0.5290724634243291 0.29988088267732127 0.16621033175849825 0.11192462504240899
8 0.39348713828925297 0.24751482922660947 0.16426588584218216 0.10093256134007814
8 0.3787773083448533 0.18467008884525632 0.16906251324684388 0.1042212524470707
8 0.4671479046161398 0.6321328766868716 0.1563442584375206 0.09753474282842375
8 0.45035721949959695 0.5544989500078492 0.14384425843752044 0.09709823320977691
8 0.40273814191744994 0.33323407441728603 0.16906251324684402 0.1042212524470707
8 0.35387402286549074 0.0987152306778883 0.17375001324684397 0.10438494355406328
8 0.48008690343501337 0.711465712621721 0.1485863221398514 0.09882442431676956
8 0.49712312521204505 0.7961308893007433 0.16766370435383654 0.10885418874473984
8 0.42430066178771586 0.4803174055428121 0.1757490228654907 0.11693950725639404
8 0.5026216462634373 0.8639905118960816 0.17456846878180662 0.12782244355406328
8 0.26918660896997626 0.7422965942875519 0.1425000132468439 0.10329366950744615
8 0.2774653896400153 0.8225743713293939 0.1411557680561673 0.10948910580511537
8 0.1811458841129017 0.37147815199943296 0.17073414065150563 0.10740081614940156
8 0.2910492292030618 0.897973675413078 0.15009425843752044 0.09731648801910069
8 0.13988842313564323 0.22038936715304266 0.15634425843752048 0.09753474282842392
8 0.11334079210278444 0.13214532268800552 0.17396826805616733 0.11063494355406327
8 0.10813251396463411 0.5429836189671413 0.17218751324684392 0.1043303798517325
8 0.0757961852013608 0.4009697337579312 0.12660219473518963 0.09493553248413758
8 0.08773567921091104 0.47407985154394605 0.14195437622353535 0.08766866950744615
8 0.16481162221682014 0.844498989748381 0.14055556733052793 0.09230160580511537
8 0.13242072975121597 0.700922604539171 0.13128969473518964 0.09509922359113006
8 0.06550103674530686 0.3301488022695855 0.11092263103285879 0.09282739546082901
8 0.14595000561193164 0.774759408622855 0.15678076805616734 0.11003474282842393
8 0.1115328216765152 0.6179563371159758 0.1348512043538365 0.10770835099579194
8 0.16977442992870123 0.9194171441948846 0.12051588584218224 0.09940477767481397
8 0.056386442372936926 0.24833580707890893 0.09869544954451306 0.10020338584218218
8 0.04361113466105585 0.17369047114405944 0.07838294954451305 0.0994940577118811
8 0.03342511360966362 0.10599453965571373 0.06183036660488851 0.07238592068857254
8 0.8975968072485451 0.57173351299239 0.08515873920022657 0.0700793762235353
8 0.8678423306621899 0.4812548459320144 0.11286707694917482 0.10381945916315996
8 0.8452555133316618 0.39443689221115014 0.1083432680561672 0.10834326805616738
8 0.8671404701325691 0.6627503825925032 0.20156747840045347 0.14125002649368773
8 0.8944272003471212 0.8393575226110368 0.20598215988879928 0.1336012176006804
8 0.8638914737607661 0.7489061374018267 0.2174107332097769 0.1480456635169965