8 0.6521139607733588 0.8083904635091471 0.1936976453691802 0.2707192716843643
8 0.6059458434118146 0.5990501798438832 0.20943173337045273 0.2806399087076731
8 0.5327965080362711 0.2856845950901601 0.21108514003818007 0.28850697241000384
8 0.3145514207908579 0.9184449543538366 0.19729426535645347 0.16311009129232695
8 0.23080948341022375 0.5742361412844778 0.12418402936027151 0.20269346878180663
8 0.25554749610117716 0.7539335649682751 0.1902635626989076 0.24404764427970277
8 0.15638000604708874 0.35219496097725844 0.1401726560311804 0.23448910580511528
8 0.17795084945890333 0.9268824477304145 0.12049540802036267 0.146235104539171
8 0.11993726010499517 0.7773115228654908 0.1206044960216354 0.1635218413771451
8 0.06629299741404174 0.5966046706885726 0.12087721602481702 0.1869593413771451
8 0.8514641446928625 0.22262412221682015 0.24769534937936158 0.3475744375636135
8 0.8908399990252942 0.5629415873704298 0.2183200019494115 0.32627979092165804
8 0.9161544480426344 0.8060839521612199 0.16769110391473135 0.29829863466105594