8 0.26924355268730565 0.06970364083592132 0.4224503946253887 0.13412292098770812
8 0.5800830711737442 0.15128254056909118 0.3398044945971538 0.160372403193211
8 0.5933804607492227 0.2591096280215211 0.3417156050922626 0.193184903193211
8 0.6524658903519371 0.9350103058549493 0.36186150512049764 0.1299793882901014
8 0.655551634949091 0.8051171477931846 0.3953712261107153 0.231223414067626
8 0.6569985558122517 0.605484562317921 0.3920642155873715 0.22797108007523725
8 0.6504935526873057 0.08523838790735284 0.4333878946253886 0.13456858996106888
8 0.6877689556287251 0.41331164977035095 0.4147582629424182 0.2429249180219586
8 0.2575544797297714 0.8351031477560035 0.4587812787274337 0.2493950939154015
8 0.2616742903801721 0.9552578443725122 0.43046031570031096 0.08948431125497577
8 0.24522368181002746 0.253537471368269 0.39282307878390343 0.1874734140676259
8 0.2450710343420414 0.14859530338349142 0.3573714261954198 0.14082390714754373
8 0.2611631400695885 0.6386910627750316 0.4509687787274337 0.2490767589344296
8 0.2651736188111396 0.42193464429596245 0.48770991553090176 0.29110243285070625