8 0.3956653770899061 0.7952716887940763 0.14501368611433296 0.23899834160399785
8 0.4199749010614813 0.5717228728306415 0.15159787878738668 0.21592471463952717
8 0.4616888517635938 0.12493357175440296 0.1796277035271876 0.24986714350880593
8 0.44934041723114043 0.3549869830458892 0.1651624118040736 0.23681941149637406
8 0.7566028770899061 0.7784607545526232 0.10225297602842467 0.22609592721213972
8 0.8012935001115415 0.615048917911024 0.13344766508343398 0.10753001778268043
8 0.9421055707252715 0.5926194921466263 0.11578885854945717 0.17882282092583351
8 0.9365964167788849 0.7794302874318966 0.1268071664422301 0.19615587014004526
8 0.9671299462910984 0.1871657047192389 0.06574010741780327 0.1737329065339753
8 0.9622996834007995 0.37744610236187404 0.07540063319840087 0.20741870181924557
8 0.9684976944820761 0.044796268201474275 0.0630046110358478 0.08274403349844602
8 0.12605223993477632 0.8062628085198366 0.1823366236990041 0.2968493829603268
8 0.14321432722619168 0.5509374536812724 0.2020006705105008 0.25568072745980874
8 0.16847551956056112 0.3007169758071789 0.20496189620024124 0.2527012766740205
8 0.18908351141996074 0.08758773717971842 0.18441702283992148 0.17517547435943684