34 0.42932789065150556 0.11147266859670173 0.07260915389834958 0.2015274388295834
34 0.9759300721398514 0.11638882550989664 0.03936014427970278 0.18826371941479172
34 0.932934040288686 0.11460746675243134 0.07211808057737201 0.1874649388295834
34 0.8712971358421822 0.11551469690079934 0.07696927168436432 0.19226154160312503
34 0.8119494176933475 0.11491397843593817 0.07389883538669517 0.19375130642076394
34 0.7471056676933476 0.11340472340194507 0.07546133538669526 0.1937876740119445
34 0.6752306676933476 0.11173181420763947 0.07546133538669526 0.1937876740119445
34 0.6112500132468439 0.1125844929692366 0.07562502649368774 0.1984751740119445
34 0.5517931676933476 0.10885877450437545 0.07233633538669526 0.1937149388295834
34 0.4908829495445131 0.10822168844833373 0.07239089908902621 0.1952774388295834
34 0.3676909862050019 0.11237989874506975 0.07729665389834964 0.20163654160312508
34 0.3037103317584982 0.11323257750666693 0.07573415389834955 0.2016001740119445
34 0.24282739546082904 0.11337674145062519 0.07260915389834954 0.2015274388295834
34 0.18116320916315992 0.11350272159899322 0.07724209019601869 0.20007404160312509
34 0.11793652286549076 0.11359233415618064 0.07562502649368782 0.1984751740119445
34 0.05395586841898705 0.11444501291777782 0.08182046279135698 0.19705814437666672
34 0.9783035931912437 0.4585763255098967 0.04339281361751261 0.2262728656913195
34 0.934836368503805 0.45968357740975774 0.0750992368379741 0.22812630642076392
34 0.8763244640573014 0.46066354274048676 0.0735367368379741 0.2280899388295833
34 0.8193750596107975 0.46167987566239643 0.07364586424263572 0.2312149388295833
34 0.7577108733131285 0.4618058558107645 0.0813492368379741 0.2282717767854862
34 0.6945387507177901 0.46345796836795194 0.07520836424263581 0.2312513064207639
34 0.6329018462712865 0.46436519851632 0.07520836424263581 0.2312513064207639
34 0.5735814099736174 0.46454573005145877 0.07520836424263581 0.2312513064207639
34 0.5150422236759482 0.4647444453821879 0.0750992368379741 0.22812630642076392
34 0.45340531922944444 0.4656516755305559 0.0750992368379741 0.22812630642076392
34 0.3925496647829408 0.4665770894745142 0.07520836424263581 0.2312513064207639
34 0.33247526033643704 0.46752068721406276 0.07833336424263582 0.23132404160312509
34 0.27161960588993334 0.46844610115802104 0.07833336424263582 0.23132404160312509
34 0.21076395144342958 0.46937151510197933 0.07833336424263582 0.23132404160312509
34 0.14753726514576046 0.4694611276591668 0.07833336424263582 0.23132404160312509
34 0.08121286069925675 0.47025925503399313 0.08458336424263582 0.23146951196784737
34 0.9932267326616229 0.8290888472613898 0.013546534676754263 0.24149782218833343
34 0.9635937963639538 0.8319586209127439 0.07281240727209237 0.24375130642076392
34 0.9041270933608796 0.8321027848567022 0.07564487386128249 0.24375130642076392
34 0.8449157844678721 0.8354083163918411 0.07553574645662095 0.24062630642076394
34 0.7840055663190375 0.8347712303357993 0.07709824645662096 0.24066267401194458
34 0.7216146937236994 0.836441526688577 0.07882443756361343 0.2453865416031249
34 0.6622942574260302 0.8366220582237158 0.07720737386128267 0.2437876740119446
34 0.6022198529795265 0.8375656559632644 0.07720737386128249 0.2437876740119446
34 0.5413641985330228 0.8384910699072226 0.07876987386128267 0.24382404160312499
34 0.4820983259376844 0.8402341014423614 0.07720737386128267 0.2437876740119446
34 0.4212699533423462 0.8419407653863198 0.07709824645662096 0.24066267401194458
34 0.36194951704467704 0.8421212969214587 0.07564487386128267 0.24375130642076392
34 0.2996132081516696 0.8453540932742364 0.07876987386128267 0.2438240416031249
34 0.2372223355563313 0.8470243896270141 0.07876987386128267 0.2438240416031249
34 0.17555814925866214 0.8471503697753822 0.07882443756361353 0.2453865416031249
34 0.11079624481215844 0.847984864741389 0.08663693756361351 0.24556837955902786