34 0.90625 0.601170173456358 0.1875 0.06468176002545327
34 0.89296875 0.0392968821212217 0.1953125 0.060085166693180606
34 0.896875 0.0971548354550853 0.1921875 0.06473630402608972
34 0.896875 0.1604360854550853 0.1953125 0.06789766669318062
34 0.8984375 0.21982926678863074 0.1953125 0.06477266669318063
34 0.9015625 0.28314687945572165 0.190625 0.06784312269254426
34 0.90390625 0.3566116514560398 0.1890625 0.06782494135899882
34 0.90390625 0.4191116514560398 0.190625 0.06784312269254436
34 0.9078125 0.4793133547899034 0.184375 0.06464539735836254
34 0.90859375 0.5402599454566761 0.1828125 0.064627216024817
34 0.90703125 0.6628980141231307 0.1859375 0.0693510786919079
34 0.9078125 0.7261883547899034 0.184375 0.06777039735836254
34 0.9078125 0.7886883547899034 0.184375 0.06464539735836254
34 0.909375 0.8504252861234487 0.18125 0.06929653469127146
34 0.9109375 0.9137247174569942 0.178125 0.06769767202418073
34 0.9109375 0.9704066907224519 0.178125 0.05918661855509626
34 0.5484375 0.017319148074451122 0.228125 0.02452947469763494
34 0.54921875 0.06420323874122384 0.2265625 0.0666987933640895
34 0.55 0.12358732940799655 0.2265625 0.06669879336408949
34 0.5515625 0.182199260741542 0.2265625 0.0651362933640895
34 0.5515625 0.239230510741542 0.2296875 0.06517265603118041
34 0.553125 0.30096744207508747 0.2265625 0.0729487933640895
34 0.55390625 0.36425778274186016 0.2296875 0.06673515603118041
34 0.5546875 0.42520437340863293 0.2296875 0.06673515603118041
34 0.55625 0.48459755474217836 0.2296875 0.06673515603118041
34 0.5578125 0.5439907360757238 0.2265625 0.0666987933640895
34 0.55859375 0.6049373267424965 0.2265625 0.0666987933640895
34 0.559375 0.6666651674092693 0.2296875 0.06673515603118041
34 0.56015625 0.726830508076042 0.2296875 0.06986015603118041
34 0.5609375 0.7877770987428147 0.2296875 0.06986015603118041
34 0.5625 0.8487327800763602 0.2296875 0.06986015603118041
34 0.56328125 0.9120231207431327 0.2296875 0.06986015603118005
34 0.56328125 0.9705777713637713 0.2296875 0.05884445727245726
34 0.178125 0.016916422024180706 0.240625 0.0262374253659985
34 0.17734375 0.059094831357407986 0.2421875 0.07313060669954394
34 0.178125 0.1208226720241807 0.2421875 0.06688060669954395
34 0.1796875 0.18177835335772613 0.2421875 0.06688060669954395
34 0.178125 0.24113517202418072 0.2390625 0.06684424403245312
34 0.18046875 0.30209994402449886 0.2390625 0.06684424403245304
34 0.18125 0.3646090346912716 0.24375 0.0700237880330894
34 0.18203125 0.42399312535804434 0.2421875 0.06688060669954385
34 0.18359375 0.4849488066915898 0.2421875 0.06688060669954403
34 0.184375 0.5458953973583626 0.2421875 0.07000560669954403
34 0.18359375 0.6052613066915897 0.2421875 0.06844310669954404
34 0.184375 0.6662078973583625 0.2390625 0.06840674403245295
34 0.1859375 0.7256010786919079 0.2421875 0.06844310669954404
34 0.18515625 0.7880919880251351 0.2421875 0.07000560669954403
34 0.184375 0.8505828973583626 0.2421875 0.07000560669954367
34 0.1859375 0.9115385786919081 0.24375 0.07002378803308958
34 0.1859375 0.9683414673376817 0.24375 0.0633170653246367