34 0.5859375 0.13671875 0.05546875 0.2015625
34 0.0625 0.14140625 0.06015625 0.2046875
34 0.1203125 0.13984375 0.05546875 0.2015625
34 0.17734375 0.13984375 0.0578125 0.2046875
34 0.2328125 0.14140625 0.05546875 0.2015625
34 0.29140625 0.13828125 0.0578125 0.2015625
34 0.35859375 0.134375 0.0578125 0.20703125
34 0.41640625 0.1359375 0.0578125 0.20703125
34 0.471875 0.134375 0.05546875 0.19921875
34 0.528125 0.134375 0.05546875 0.19921875
34 0.6421875 0.13515625 0.06015625 0.2046875
34 0.70078125 0.13671875 0.0578125 0.2015625
34 0.7578125 0.13671875 0.05546875 0.2015625
34 0.8140625 0.13515625 0.06015625 0.2015625
34 0.87265625 0.13359375 0.0578125 0.2015625
34 0.93125 0.13203125 0.0625 0.2046875
34 0.0265625 0.471875 0.05078125 0.209375
34 0.0875 0.471875 0.05546875 0.20703125
34 0.1421875 0.471875 0.05546875 0.20703125
34 0.1953125 0.471875 0.053125 0.20703125
34 0.2484375 0.4734375 0.053125 0.209375
34 0.3046875 0.471875 0.06015625 0.20703125
34 0.3640625 0.4734375 0.05546875 0.209375
34 0.4203125 0.4734375 0.05546875 0.209375
34 0.475 0.4734375 0.05546875 0.209375
34 0.5296875 0.471875 0.05546875 0.20703125
34 0.5859375 0.471875 0.05546875 0.20703125
34 0.6421875 0.4734375 0.05546875 0.209375
34 0.69765625 0.4734375 0.0578125 0.209375
34 0.75390625 0.4734375 0.0578125 0.209375
34 0.81015625 0.4734375 0.0578125 0.209375
34 0.86796875 0.4734375 0.0578125 0.209375
34 0.9296875 0.4734375 0.0625 0.209375
34 0.025 0.8140625 0.05 0.221875
34 0.0796875 0.815625 0.06015625 0.22109375
34 0.1375 0.815625 0.05546875 0.22109375
34 0.19375 0.815625 0.05546875 0.22109375
34 0.2484375 0.8171875 0.05546875 0.21875
34 0.3046875 0.815625 0.05546875 0.21875
34 0.36171875 0.81640625 0.0578125 0.2234375
34 0.4171875 0.8171875 0.05546875 0.22109375
34 0.4734375 0.8171875 0.05546875 0.22109375
34 0.52890625 0.8171875 0.0578125 0.22109375
34 0.584375 0.81875 0.05546875 0.22109375
34 0.640625 0.81875 0.05546875 0.21875
34 0.6953125 0.81875 0.05546875 0.22109375
34 0.75234375 0.8203125 0.0578125 0.22109375
34 0.81015625 0.821875 0.0578125 0.22109375
34 0.86640625 0.82109375 0.0578125 0.2234375
34 0.9265625 0.82109375 0.06484375 0.2234375