34 0.2484375 0.3921875 0.040625 0.14453125
34 0.11640625 0.53359375 0.0453125 0.1421875
34 0.16015625 0.53359375 0.0453125 0.1421875
34 0.20546875 0.5328125 0.0453125 0.14453125
34 0.2484375 0.53359375 0.040625 0.1421875
34 0.290625 0.5328125 0.040625 0.14921875
34 0.6984375 0.728125 0.084375 0.14453125
34 0.7828125 0.871875 0.08671875 0.13671875
34 0.09453125 0.1453125 0.0484375 0.22578125
34 0.0453125 0.1453125 0.053125 0.22578125
34 0.9796875 0.1546875 0.03828125 0.228125
34 0.93828125 0.153125 0.0453125 0.228125
34 0.89140625 0.153125 0.0484375 0.228125
34 0.8421875 0.1515625 0.05078125 0.22578125
34 0.790625 0.15 0.053125 0.23046875
34 0.7375 0.1484375 0.05078125 0.22578125
34 0.6890625 0.14765625 0.05078125 0.2328125
34 0.6390625 0.14609375 0.053125 0.2328125
34 0.5875 0.146875 0.05078125 0.228125
34 0.5375 0.1453125 0.05078125 0.228125
34 0.4875 0.1453125 0.053125 0.23046875
34 0.4375 0.14375 0.05078125 0.23046875
34 0.3859375 0.14296875 0.05078125 0.2328125
34 0.3375 0.14375 0.05078125 0.23046875
34 0.2875 0.1421875 0.05078125 0.23046875
34 0.2359375 0.14375 0.05078125 0.23046875
34 0.1859375 0.1453125 0.05078125 0.23046875
34 0.1390625 0.1484375 0.04296875 0.22109375
34 0.9828125 0.3984375 0.02890625 0.13671875
34 0.9484375 0.39765625 0.04296875 0.1421875
34 0.90546875 0.39609375 0.0453125 0.1421875
34 0.8609375 0.3953125 0.04296875 0.14453125
34 0.8171875 0.3953125 0.04296875 0.146875
34 0.7734375 0.3953125 0.04296875 0.14453125
34 0.73046875 0.3921875 0.0453125 0.14453125
34 0.6859375 0.39453125 0.04296875 0.1421875
34 0.64375 0.39296875 0.04296875 0.1421875
34 0.5984375 0.39296875 0.04296875 0.1421875
34 0.55625 0.39296875 0.04296875 0.1421875
34 0.5109375 0.39296875 0.04296875 0.1421875
34 0.4671875 0.38984375 0.04296875 0.1421875
34 0.4234375 0.38984375 0.04296875 0.1421875
34 0.37734375 0.38984375 0.0484375 0.1421875
34 0.33359375 0.38828125 0.0453125 0.1421875
34 0.290625 0.3875 0.04296875 0.14453125
34 0.20546875 0.3890625 0.0453125 0.14453125
34 0.16015625 0.3890625 0.0453125 0.14921875
34 0.1171875 0.3890625 0.04296875 0.146875
34 0.075 0.3890625 0.04296875 0.146875
34 0.0328125 0.3890625 0.04296875 0.146875
34 0.9828125 0.5375 0.03125 0.14453125
34 0.946875 0.53828125 0.040625 0.1421875
34 0.903125 0.5390625 0.04296875 0.14453125
34 0.86015625 0.53984375 0.0453125 0.1421875
34 0.815625 0.53828125 0.04296875 0.1421875
34 0.7703125 0.53828125 0.04296875 0.1421875
34 0.728125 0.53671875 0.04296875 0.1421875
34 0.6859375 0.53671875 0.04296875 0.1421875
34 0.640625 0.5359375 0.04296875 0.146875
34 0.5984375 0.5375 0.04296875 0.14453125
34 0.5546875 0.5359375 0.04296875 0.146875
34 0.51171875 0.5359375 0.0453125 0.146875
34 0.46640625 0.5359375 0.0453125 0.14921875
34 0.42265625 0.5359375 0.0453125 0.14921875
34 0.37734375 0.534375 0.0453125 0.14921875
34 0.33359375 0.534375 0.0453125 0.14921875
34 0.696875 0.86875 0.08671875 0.13671875
34 0.865625 0.86640625 0.084375 0.1390625
34 0.9484375 0.865625 0.08203125 0.13671875
34 0.0890625 0.85703125 0.084375 0.1390625
34 0.0921875 0.7171875 0.084375 0.14453125
34 0.178125 0.8546875 0.09375 0.13671875
34 0.178125 0.71796875 0.09140625 0.1390625
34 0.26796875 0.85859375 0.0890625 0.1421875
34 0.2671875 0.7203125 0.09140625 0.13671875
34 0.353125 0.8578125 0.084375 0.134375
34 0.4390625 0.86015625 0.084375 0.1390625
34 0.525 0.86171875 0.084375 0.1390625
34 0.609375 0.865625 0.08671875 0.13671875
34 0.35390625 0.721875 0.0796875 0.134375
34 0.43671875 0.7234375 0.0890625 0.13671875
34 0.525 0.725 0.08671875 0.13671875
34 0.61171875 0.72578125 0.0890625 0.1421875
34 0.784375 0.7296875 0.08671875 0.14453125
34 0.86796875 0.72734375 0.0796875 0.1421875
34 0.95 0.72734375 0.084375 0.1390625
34 0.0328125 0.53359375 0.040625 0.1421875
34 0.0734375 0.53203125 0.040625 0.1421875