34 0.5956497727806728 0.22810039019569492 0.1581597295815799 0.0583242591180557
34 0.46107142005560037 0.07406424078503511 0.15519842068857254 0.06293902393569457
34 0.4563095089856747 0.12086650560267401 0.15519842068857254 0.06293902393569457
34 0.4507390660645836 0.1684318366247226 0.15832342068857255 0.06301175911805568
34 0.44600443684582325 0.2144528514423615 0.15503472958158002 0.05825152393569457
34 0.4421056213293939 0.2589295500555907 0.16440972958158 0.058469729482777844
34 0.19000983095589 0.6713704261961461 0.16292164065150563 0.1052719943004167
34 0.053511858082550004 0.7460586888295835 0.10702371616510001 0.10461737765916687
34 0.8741616970974423 0.0891522186522924 0.2461508029025577 0.07442334422416688
34 0.8776785666975557 0.05561302003906323 0.24193452885594055 0.04310060904180575
34 0.7670236764245683 0.9969724510817711 0.2445138918326318 0.00605509783645779
34 0.772584195661862 0.973580410570747 0.2476041754978958 0.05283917885850613
34 0.7774552341364493 0.9329009122315284 0.2477133029025577 0.07445971181534752
34 0.7839706181645331 0.8806662650050701 0.24620536660488862 0.07598584422416685
34 0.7921030658949475 0.8269054853697924 0.25100199400955014 0.07921994699770848
34 0.7987548591788584 0.770764588143334 0.2462599303072194 0.07754834422416686
34 0.8052429613557767 0.7193111909168757 0.25250993030721924 0.07769381458888916
34 0.8125941590861909 0.6655322274860076 0.2525644940095503 0.07925631458888915
34 0.8176016068166057 0.6116987126683687 0.24776786660488845 0.07602221181534752
34 0.8248982408446894 0.5594822492375007 0.24776786660488845 0.07602221181534752
34 0.8306869385751039 0.5056669182154521 0.25100199400955026 0.07921994699770848
34 0.8379835726031875 0.453450454784584 0.25089286660488846 0.0760949469977085
34 0.843826834035933 0.39807262376253544 0.25245536660488843 0.07613131458888907
34 0.8486978725105203 0.3481453589448965 0.25089286660488846 0.0760949469977085
34 0.8560490702409348 0.2943663955140285 0.25089286660488846 0.0760949469977085
34 0.8603025498225148 0.2397334469007993 0.25089286660488846 0.0760949469977085
34 0.8645014657017638 0.18666299828757016 0.25089286660488846 0.07609494699770854
34 0.8662747860275166 0.1358817482875702 0.2396279843909035 0.06646537385944465
34 0.50853905382923 0.9914108224726739 0.1462946466419554 0.01717835505465217
34 0.5119467960246816 0.9681610393220144 0.15508929328391083 0.05981402393569439
34 0.5181893615411111 0.923738892095556 0.15519842068857237 0.0629390239356944
34 0.5245410544622022 0.8761917448690977 0.15821429328391085 0.05988675911805572
34 0.5293029655321279 0.8293894800514587 0.16133929328391083 0.059959494300416694
34 0.5340375947508881 0.78336846523382 0.15821429328391085 0.05988675911805572
34 0.5418426602673174 0.7389826855985422 0.15832342068857255 0.06301175911805572
34 0.5442881031884086 0.6913446193941324 0.15508929328391083 0.05981402393569457
34 0.5505579505560034 0.6461412221676741 0.15508929328391083 0.05981402393569457
34 0.5561283934770944 0.5985758911456255 0.15508929328391083 0.05981402393569457
34 0.5608357408446893 0.5533361263279866 0.15508929328391083 0.05981402393569457
34 0.5656522156169459 0.5049713615103477 0.15508929328391083 0.05981402393569457
34 0.5742658129845407 0.45982251567066024 0.15508929328391083 0.05981402393569457
34 0.5790277240544663 0.4130202508530213 0.15508929328391083 0.05981402393569457
34 0.5846254488267228 0.3646736698309727 0.15530754809323427 0.06606402393569458
34 0.5909225780454831 0.31868902260451437 0.15519842068857237 0.06293902393569457
34 0.5956299254130779 0.2734492577868755 0.15821429328391085 0.05988675911805572
34 0.6034821201482676 0.18293336056041717 0.15832342068857255 0.06301175911805572
34 0.6090525630693586 0.13536802953836857 0.16457342068857256 0.06315722948277794
34 0.6137871922881188 0.08934701472072969 0.16133929328391083 0.059959494300416805
34 0.6184945396557138 0.0441072499030908 0.16133929328391083 0.059959494300416805
34 0.3611010586385534 0.9837785274026217 0.15605159255827133 0.03244294519475659
34 0.36391852379216305 0.9529873681598616 0.15503472958158 0.058251523935694396
34 0.3671179348620887 0.9061487357510419 0.15821429328391085 0.05988675911805572
34 0.3710440322296836 0.8608907871378129 0.15519842068857254 0.0629390239356944
34 0.37893094329960925 0.814161257502535 0.15508929328391083 0.05981402393569475
34 0.3837474180718658 0.7657964926848961 0.15508929328391083 0.05981402393569457
34 0.3899899835882952 0.7213743454584378 0.15508929328391083 0.05981402393569457
34 0.39467004910472453 0.676915830640799 0.15508929328391083 0.05981402393569457
34 0.4002677738769811 0.6285692496187504 0.16133929328391083 0.059959494300416874
34 0.40260408939341047 0.5840561834143406 0.15821429328391085 0.05988675911805572
34 0.40968246861217067 0.5380897199834725 0.16133929328391083 0.059959494300416694
34 0.41438981597976554 0.49284995516583374 0.16144842068857254 0.0630844943004167
34 0.41998754075202205 0.44450337414378505 0.16457342068857256 0.06315722948277802
34 0.42472216997078227 0.39848235932614623 0.16457342068857256 0.06315722948277794
34 0.43110114474303884 0.3501539620996879 0.16457342068857256 0.06315722948277784
34 0.43580849211063366 0.30491419728204894 0.16457342068857256 0.06315722948277784
34 0.05978170545014483 0.6555427916031251 0.11956341090028966 0.10483558320625015
34 0.05195679256612061 0.8343399388295832 0.10391358513224122 0.10305487765916661
34 0.047249445198525794 0.9233297036472223 0.09449889039705159 0.09978440729444457
34 0.12005703965571375 0.03250598831649316 0.1536359206885725 0.062902656344514
34 0.26903025299522487 0.04301034327423634 0.16193949400955027 0.0771469943004168
34 0.11428570009266723 0.10821450313413203 0.15538195916315992 0.11290265634451399
34 0.25921625417635125 0.12253418911392384 0.15683533175849823 0.10981402393569457
34 0.10082834610165045 0.20250936379145842 0.15990576805616735 0.10832425911805563
34 0.2465674320364999 0.2160659835668405 0.15527283175849824 0.109777656344514
34 0.09141365136646082 0.29298889342673623 0.15349207694917477 0.10349128875333342
34 0.07965520663127117 0.3834138716752431 0.15661707694917476 0.10356402393569457
34 0.07308900925975174 0.4746200999237501 0.1461780185195035 0.10356402393569457
34 0.06610611652007051 0.5619018943766667 0.13221223304014101 0.10505378875333342
34 0.23556295545014483 0.3072903956109377 0.1532738221398513 0.09724128875333342
34 0.2246948881196169 0.39460855765503494 0.15516370435383645 0.106652656344514
34 0.21360856597976552 0.4881767196991321 0.1551091406515056 0.10509015634451409
34 0.20182283939341045 0.5793829479476391 0.15990576805616732 0.10832425911805572
34 0.17900535436953494 0.7625948382402432 0.16297620435383647 0.1068344943004167
34 0.17201625518784158 0.8507851692622918 0.1595783858421822 0.09894925911805572
34 0.16273796970847906 0.9373584488975695 0.15661707694917482 0.10356402393569439
34 0.46639632631620265 0.0335301597629865 0.15470734736759478 0.04887652393569457