34 0.7503810186643911 0.6398377292330046 0.06983303327818291 0.15234429734245403
34 0.9085190267820659 0.5223491425445965 0.07608303327818292 0.15241702267663584
34 0.864619022317839 0.514264469883869 0.07608303327818292 0.15241702267663584
34 0.8191565178536122 0.5061979785566869 0.07611030681713338 0.15397952267663584
34 0.7752565133893853 0.49811330589595926 0.0698057597392328 0.15078179734245403
34 0.7329462824641088 0.4915729519016863 0.07150462743398442 0.15861247867599956
34 0.3570387528393738 0.2201097686187295 0.11530917451188501 0.162246556015272
34 0.2981023092527653 0.06891253731700075 0.11495461850553061 0.1378250746340015
34 0.8610902422827718 0.8940701485519144 0.09710464529089187 0.19327838001272682
34 0.9103908128996228 0.8981849365452328 0.10162850405718978 0.18395792401336308
34 0.03581573254353904 0.7536426206635911 0.04948535145940201 0.23958975867281787
34 0.060993010546716256 0.7635079693268639 0.09792285145940201 0.24015338001272662
34 0.11038903854989346 0.7730915073201825 0.09945807792045169 0.238609061346272
34 0.16216972686149617 0.7849915233131828 0.10266489853730269 0.2433329240133631
34 0.21470439163414853 0.7953199486394104 0.09945807792045169 0.238609061346272
34 0.2633328064068009 0.8056938272995016 0.09956717207625303 0.244859061346272
34 0.3135373579489285 0.8168307746260473 0.10269217207625303 0.2448954240133631
34 0.3652498624131554 0.8248245406190478 0.09951262499835237 0.2417340613462721
34 0.41623566395528294 0.8359523972788206 0.09951262499835227 0.241734061346272
34 0.4663993051889849 0.8447455946053664 0.10266489853730273 0.2433329240133631
34 0.5158226067311125 0.855891632598685 0.09953989853730257 0.243296561346272
34 0.5675760215037648 0.8662291485916853 0.09956717207625303 0.244859061346272
34 0.6161362524290415 0.8726967772517765 0.09951262499835245 0.241734061346272
34 0.6662317098153675 0.8775837245783222 0.09932171022569988 0.230796561346272
34 0.7178760304322186 0.8816712405713225 0.09915806899199779 0.221421561346272
34 0.7695067142795946 0.8849775065643228 0.09902170129724616 0.213609061346272
34 0.8180533084353959 0.8906638852244141 0.0894285129856435 0.20099997334499947
34 0.02436616923358396 0.5005994366645455 0.03373189204448094 0.14255112667090888
34 0.04713151338938533 0.5065858073281365 0.07295803327818298 0.15238066000954512
34 0.09027754139256253 0.5162420706556368 0.07608303327818297 0.15241702267663584
34 0.1349587958567894 0.5243176526495917 0.07298530681713333 0.1539431600095451
34 0.17965368709049145 0.5331744846435466 0.07460235389503396 0.15708634134309046
34 0.22354005478524314 0.5404779073042741 0.07298530681713336 0.1539431600095451
34 0.2659321063273707 0.551705761298547 0.0761103068171333 0.15397952267663584
34 0.31058608725264725 0.5582188432925019 0.072958033278183 0.15238066000954512
34 0.35371847848634924 0.5670938566200021 0.07295803327818291 0.15238066000954512
34 0.3991946197200513 0.5759415979471842 0.07295803327818291 0.15238066000954512
34 0.44151848741480304 0.5832632019414572 0.07295803327818291 0.15238066000954512
34 0.48699462864850507 0.5921109432686393 0.07295803327818291 0.15238066000954512
34 0.5309355434211575 0.602539365929367 0.07295803327818291 0.15238066000954512
34 0.5748355478853843 0.6106240385900945 0.07295803327818291 0.15238066000954512
34 0.6210929391190863 0.6194626892505039 0.0792080332781829 0.15245338534372674
34 0.6642389671222635 0.6291189525780041 0.07608303327818292 0.15241702267663584
34 0.7081389715864905 0.6372036252387316 0.07298530681713337 0.1539431600095451
34 0.7943355702065187 0.6510474018937321 0.07611030681713338 0.15397952267663584
34 0.8390304614402208 0.659904233887687 0.07778190097293489 0.16024770401018137
34 0.8829304659044475 0.6679889065484146 0.07460235389503396 0.15708634134309046
34 0.9252543335991993 0.6753105105426875 0.07460235389503396 0.15708634134309046
34 0.9644532012939511 0.6826684772040514 0.06832508035608384 0.15545111600890865
34 0.0391263242670037 0.36133694199554567 0.060430759739232634 0.1506727093411815
34 0.07280189488385472 0.36563354332431863 0.06980575973923264 0.15078179734245412
34 0.11823712580913126 0.3721375346515007 0.0729853068171333 0.15394316000954494
34 0.16135588027335812 0.38023129797900096 0.076083033278183 0.15241702267663584
34 0.20606440827653533 0.3898693799729558 0.072958033278183 0.15238066000954492
34 0.2515269127407622 0.39793587130013786 0.07295803327818291 0.15238066000954503
34 0.2938916907439394 0.4076012252944109 0.072958033278183 0.15238066000954512
34 0.3362155584386911 0.4149228292886839 0.07295803327818291 0.15238066000954506
34 0.3817053364418683 0.42455182061586594 0.07460235389503396 0.15708634134309046
34 0.42476954382819454 0.42952058394336623 0.07298530681713337 0.1539431600095451
34 0.4679292086008469 0.4399580972708665 0.07460235389503396 0.15708634134309046
34 0.5110479630650737 0.44805186059836677 0.07772735389503396 0.15712270401018139
34 0.5565104675293007 0.4561183519255489 0.07778190097293472 0.16024770401018137
34 0.6004104719935275 0.4642030245862764 0.07778190097293472 0.16024770401018137
34 0.6466814999967048 0.4738229252466858 0.07778190097293472 0.16024770401018137
34 0.6905815044609316 0.48190759790741333 0.07778190097293472 0.16024770401018137
34 0.38428527110331834 0.07992057328136604 0.11520008035608367 0.15599655601527201
34 0.2144131018664391 0.06392559265595504 0.11320120373287823 0.1278511853119101
34 0.12913412094116258 0.05738523866168205 0.11139324188232518 0.1147704773233641
34 0.9683738989443398 0.2028082545353697 0.06325220211132035 0.15701361600890867
34 0.9539352978886797 0.3412713178708241 0.09212940422264068 0.16206474267981755
34 0.9034773762161684 0.1887463018778238 0.12460235389503396 0.1576681440165447
34 0.8792876741048479 0.3249928845480964 0.12150462743398442 0.1591942813494538
34 0.8140194099013884 0.16712638788991416 0.11996940097293454 0.16073860001590834
34 0.789897891637444 0.30727922056018675 0.12147735389503396 0.1576317813494538
34 0.727809174511885 0.1525013612349136 0.11358303327818291 0.15285337468172658
34 0.642325642044481 0.13474224391314035 0.11366485389503396 0.15754087468172662
34 0.5552796095770768 0.11700130792491255 0.11366485389503396 0.15754087468172656
34 0.47212619034019754 0.09843366860282113 0.11520008035608349 0.15599655601527201
34 0.7028518591700397 0.2895382845719589 0.1088682597392328 0.15123633068109027
34 0.619739350241586 0.27331439524986745 0.11832508035608366 0.15603291868236288
34 0.531912067774182 0.2555825499284124 0.11520008035608367 0.15599655601527207
34 0.44408478530677786 0.23785070460695729 0.11996940097293471 0.16073860001590834
34 0.27155522037196966 0.20235065129695623 0.116871674511885 0.16226473734881744
34 0.18693475852141664 0.18926994330841024 0.11056712743398434 0.15906701201463572
34 0.10384952313191324 0.1746085539863188 0.113664853895034 0.15754087468172656
34 0.9783506911509765 0.5371014385344152 0.04329861769804708 0.15059998400699967
34 0.9516650547852432 0.5320054058720969 0.0698057597392328 0.15078179734245403