34 0.19231783923459544 0.7331858877010144 0.11697151336727121 0.25331887978345585
34 0.8765790393061831 0.22557355997525813 0.1075601507001803 0.24992109514371963
34 0.7740989293045922 0.2343144109914725 0.11377378803308921 0.2469779515702104
34 0.6739989319700923 0.23999845816762094 0.1075601507001803 0.24992109514371963
34 0.5447508538749604 0.928368007059629 0.11277381468808993 0.143263985880742
34 0.44084460387496033 0.9268676915410804 0.11121131468808994 0.14626461691783915
34 0.5439803365690954 0.7348215616911178 0.1153726507001803 0.2501484156768331
34 0.4392292019016863 0.737244216547398 0.1153362880330894 0.2470234156768331
34 0.5397853746021848 0.4908669732113157 0.11533628803308922 0.24702341567683309
34 0.4350342399347757 0.493289628067596 0.1153726507001803 0.2501484156768331
34 0.3434643579328667 0.5046924778301692 0.08855561203054405 0.22750052586424746
34 0.34362054129536534 0.2897805316702352 0.07276698002863498 0.21298338479802065
34 0.5356904099697741 0.23831863473151366 0.11540901336727102 0.25327341567683304
34 0.4292858686346378 0.24850832548117135 0.11697151336727107 0.2533188797834557
34 0.09235255987432396 0.9264632115993402 0.11422722668681726 0.14707357680131955
34 0.08917465790105002 0.7317477566639174 0.11540901336727116 0.25327341567683315
34 0.7728705946053666 0.4742036250980952 0.12941696936663477 0.2489950926364372
34 0.08663310260186663 0.48002613229073815 0.11540901336727116 0.2532734156768331
34 0.190493899268003 0.4869557453811465 0.11068515070018026 0.250012023356965
34 0.184781890634956 0.2390494427947217 0.11996924403245304 0.2424723079967011
34 0.08011257196850144 0.2344408476510021 0.12006015070018028 0.2502848079967011
34 0.6755865146005939 0.506541100487489 0.10098288669636232 0.22161423871722885
34 0.5298869473265457 0.06543506419840026 0.10897610534690845 0.103137023356965
34 0.42747047199236404 0.06870716521461462 0.10441587468172667 0.11393813103709696
34 0.019367617998090995 0.08181830133278352 0.03873523599618199 0.10738660266556703
34 0.08365683732495494 0.06417381175762478 0.09489542401336301 0.10116534639736088
34 0.18445626865850037 0.06554374663478771 0.1058692866804539 0.10460859514371965
34 0.19784858187464213 0.9256652412245113 0.11271927068745358 0.1486695175509773
34 0.8291602413271821 0.06945394061664367 0.17917951734563572 0.09580790815498563
34 0.8807376386060028 0.4726531484550602 0.10759651336727102 0.25304609514371973
34 0.7614389145449147 0.911192530416594 0.11471812269254436 0.17761493916681204
34 0.888673576543642 0.9247980408414354 0.10970335868872638 0.15040391831712938
34 0.7871854439051862 0.7215787302709447 0.11540901336727102 0.2532734156768329
34 0.88634964990455 0.729153201041485 0.10759651336727102 0.25304609514371956