34 0.709375 0.196875 0.24296875 0.10546875
34 0.2125 0.884375 0.240625 0.09609375
34 0.2203125 0.7828125 0.23828125 0.10078125
34 0.225 0.684375 0.240625 0.09609375
34 0.9171875 0.540625 0.16328125 0.10546875
34 0.9171875 0.4375 0.165625 0.103125
34 0.7125 0.54375 0.240625 0.103125
34 0.7140625 0.440625 0.23828125 0.103125
34 0.471875 0.5453125 0.23828125 0.103125
34 0.4734375 0.4421875 0.240625 0.103125
34 0.484375 0.35078125 0.21875 0.0765625
34 0.271875 0.35625 0.20703125 0.0625
34 0.2234375 0.546875 0.24296875 0.103125
34 0.2328125 0.4421875 0.24296875 0.10546875
34 0.915625 0.0953125 0.16796875 0.10546875
34 0.7078125 0.0953125 0.24296875 0.103125
34 0.45625 0.7765625 0.23828125 0.11796875
34 0.459375 0.0984375 0.24296875 0.103125
34 0.465625 0.20078125 0.240625 0.0984375
34 0.22109375 0.20078125 0.2328125 0.1078125
34 0.2171875 0.09765625 0.240625 0.1078125
34 0.48828125 0.67890625 0.2140625 0.0890625
34 0.05 0.5453125 0.1 0.103125
34 0.05390625 0.44453125 0.1078125 0.0984375
34 0.065625 0.0296875 0.103125 0.059375
34 0.0484375 0.1046875 0.09609375 0.09140625
34 0.04921875 0.2046875 0.0984375 0.10078125
34 0.915625 0.1984375 0.16796875 0.103125
34 0.05 0.84140625 0.1 0.1734375
34 0.45625 0.8828125 0.24296875 0.09609375
34 0.9015625 0.75625 0.19453125 0.10546875
34 0.915625 0.88125 0.165625 0.10078125
34 0.7015625 0.784375 0.24296875 0.103125
34 0.709375 0.8828125 0.24296875 0.09609375