34 0.6553626151327588 0.15455829419758116 0.2703655326232447 0.15622377068445542
34 0.3387904467280517 0.9333124697493791 0.26328786167271756 0.1333750605012419
34 0.32240675996019386 0.8391771712501896 0.26398819863085593 0.15306240924813688
34 0.30192582220375275 0.7390817224798535 0.2653596976422728 0.1483839996072165
34 0.9257361235357158 0.4545593359592754 0.14852775292856854 0.13689198770335995
34 0.9127612796574953 0.35367354682985985 0.17447744068500945 0.13537493949875792
34 0.7459955212917192 0.5003162217924825 0.26717686562705045 0.1546430899662962
34 0.7222622495428894 0.3970775923039872 0.2656143656270503 0.15463399960721658
34 0.5098471156642315 0.5512736920328407 0.2656143656270503 0.15463399960721666
34 0.4861138439154016 0.4480350625443455 0.2671768656270503 0.1546430899662962
34 0.47373190764183526 0.3550163155694076 0.23777852570316255 0.12322946350286301
34 0.26561300152005585 0.40379366227319907 0.22145318874502423 0.10595105991206677
34 0.2651686270329379 0.6037436652982612 0.26873936562705036 0.1546521803253757
34 0.24752618779362212 0.4966351472460843 0.2704291996194391 0.15778627068445522
34 0.8265280079086654 0.04229970959403816 0.17805601581733085 0.07601812021691719
34 0.62917284684397 0.0677077339909267 0.26772069368794005 0.1296521803253758
34 0.5528954145990985 0.7835003847530524 0.26774986859279987 0.1687055899662962
34 0.38482993923931585 0.10924475243588691 0.26873936562705036 0.1546521803253758
34 0.41702962699575685 0.20940837889932 0.2669858646384672 0.14995558996629615
34 0.1753806378701718 0.2595527828828997 0.26105419961943915 0.15773172852997766
34 0.14624228311753634 0.1578448371376258 0.26736786661563355 0.15933058996629615
34 0.5596308928502687 0.6804390172666098 0.23672536167271757 0.1357203731437835
34 0.09472613444731173 0.6378999757995032 0.12534219269935692 0.12413745764913067
34 0.07883719619657908 0.5354880481064062 0.11896485870696816 0.12097609621281222
34 0.020750193193648514 0.12587215359079618 0.03411501482874761 0.07049430718159236
34 0.022993125512882108 0.20008635841125635 0.0341441897336074 0.10954771682251271
34 0.039472312775031576 0.2978153312838933 0.059589858706968146 0.12063066256778665
34 0.852208440227899 0.11665026980069262 0.18047536167271758 0.13539312021691718
34 0.1686225267661078 0.9173738523611321 0.1411237015966055 0.1652522952777357
34 0.5790679368422199 0.8890963997801672 0.2668585306460784 0.1468305899662962
34 0.9371285627750316 0.6717877425751337 0.1257428744499368 0.14306017447164338
34 0.9678639096190016 0.7946076190385668 0.06427218076199673 0.13179542154477702
34 0.7964570722037527 0.7419588211285525 0.2687393656270503 0.1546521803253757
34 0.8284657589716107 0.8374349475919856 0.2668585306460784 0.1468305899662962