35 0.811285922076253 0.5920802843754831 0.37742815584749395 0.3139761273170487
35 0.7695017966708636 0.4895218504088567 0.46099640665827285 0.37448425938379587
35 0.6883820304355139 0.3728909503634282 0.469353566556366 0.3274454850735363
35 0.42555611687738215 0.8159636782008753 0.5665285754848195 0.3497099886915809
35 0.36207822361508535 0.7184169708285004 0.6128501964259823 0.40989721619034364
35 0.3451559561652149 0.5105192616471033 0.37248647483619657 0.23338786861062144
35 0.5961597540571898 0.1753198253056277 0.6204445081143796 0.3506396506112554
35 0.21620702150706017 0.3804333712126132 0.42461381087432304 0.3578832575747735
35 0.18123991192998332 0.25871550147033806 0.3588797167185217 0.3481939970593239
35 0.48963129017804186 0.07177542345117686 0.5542625803560837 0.14355084690235373
35 0.5379148315738996 0.10656650327936035 0.5633296631477993 0.2131330065587207