35 0.20923922113139198 0.24890162919390763 0.41847844226278397 0.16655325838781526
35 0.22195205275789281 0.3747737827847038 0.44390410551578563 0.21829756556940758
35 0.2447029531390635 0.5351981983775526 0.4484206314006219 0.19004530054229302
35 0.6837548317676752 0.2024827097904299 0.5363910682605597 0.17181345100983114
35 0.6977501713572709 0.3244804296380047 0.5613602471574026 0.22506571603694586
35 0.6323394610315713 0.5351088574292977 0.36776289462538864 0.11928737294739164
35 0.2640087200630291 0.7923476230455876 0.5280174401260582 0.2125384449597071
35 0.7250520638459339 0.7279008663080923 0.47763769454068417 0.20895892700572602
35 0.7252733297721238 0.8717008632830302 0.46035918927901226 0.20729643305585022
35 0.2718837482867973 0.9658431686179109 0.5102542315135613 0.06831366276417832
35 0.2572739661873624 0.9150856862773041 0.5145479323747248 0.1560702763417961