35 0.7354916370152296 0.16032213908766976 0.4209774418392609 0.29146270361527443
35 0.7327090002823488 0.2750522288211131 0.4819751259977757 0.34783237556031354
35 0.7053590030543588 0.4232540481005852 0.47197849971765143 0.3101050550272003
35 0.2876610817676752 0.18973112358175656 0.5666385523343698 0.3284579014245611
35 0.2908000342714542 0.3047112659016246 0.5816000685429084 0.3874524681967507
35 0.3481765636341724 0.4898016682506225 0.3746947050640278 0.21992267273646196
35 0.690653948018566 0.6623392801538965 0.5604487364928843 0.38287261678482487
35 0.25385174103912933 0.6879784069678514 0.5077034820782587 0.3572815833987303
35 0.24922551873349374 0.8164527479549359 0.4984510374669875 0.35007683715965393
35 0.680605571879616 0.8482540481005852 0.5526978786991987 0.2765771526782025
35 0.6962375481315055 0.780725567300915 0.5318085260260105 0.31964519107886213