35 0.7574518363894847 0.752821876155546 0.4297060405319101 0.20446280878812395
35 0.7417061140698136 0.6221856415949523 0.4741855523949082 0.26194033966693625
35 0.7062354821683219 0.45856942247376453 0.47772704646340924 0.23395173198680436
35 0.27725029566620024 0.8450180171552658 0.5545005913324005 0.21940115017091982
35 0.27297993697782263 0.7189556223281153 0.5459598739556453 0.27578754249078796
35 0.3005611437273087 0.494563376089039 0.390232363649884 0.15493417022917946
35 0.6819662885175628 0.19240486487277494 0.5914367193911026 0.26691264766363737
35 0.2212118137264337 0.29970316864633395 0.4424236274528674 0.2537186627073321
35 0.2117041625475701 0.15162938149931537 0.4234083250951402 0.24986623700136926
35 0.643688991597043 0.03434259309865558 0.537622016805914 0.06868518619731116
35 0.6659022312169197 0.08324309435229682 0.5463205375661605 0.16648618870459364