34 0.4171875 0.8140625 0.04296875 0.18515625
34 0.36875 0.81484375 0.04296875 0.1828125
34 0.2765625 0.81484375 0.040625 0.1828125
34 0.2359375 0.81484375 0.040625 0.1828125
34 0.19296875 0.8140625 0.0453125 0.18046875
34 0.14609375 0.815625 0.0453125 0.18046875
34 0.0953125 0.815625 0.05546875 0.18046875
34 0.040625 0.815625 0.05078125 0.18046875
34 0.8875 0.7765625 0.04296875 0.13203125
34 0.9328125 0.784375 0.05078125 0.146875
34 0.9796875 0.7953125 0.040625 0.16796875
34 0.9578125 0.5953125 0.05078125 0.15859375
34 0.91015625 0.5859375 0.0453125 0.15390625
34 0.4578125 0.5828125 0.040625 0.21171875
34 0.4171875 0.5828125 0.040625 0.21640625
34 0.3765625 0.5828125 0.04296875 0.21171875
34 0.33046875 0.5796875 0.0484375 0.209375
34 0.2828125 0.58203125 0.05078125 0.2140625
34 0.234375 0.5828125 0.04296875 0.21875
34 0.18984375 0.5828125 0.0453125 0.21640625
34 0.14453125 0.5828125 0.0453125 0.22109375
34 0.10859375 0.571875 0.0484375 0.19921875
34 0.0578125 0.58125 0.05078125 0.21875
34 0.98515625 0.38125 0.0265625 0.165625
34 0.95390625 0.3796875 0.0484375 0.165625
34 0.4625 0.3578125 0.03828125 0.17578125
34 0.40625 0.3546875 0.040625 0.18515625
34 0.365625 0.353125 0.03828125 0.18515625
34 0.328125 0.3515625 0.03828125 0.18515625
34 0.29765625 0.35234375 0.0265625 0.1828125
34 0.26484375 0.3515625 0.0359375 0.178125
34 0.221875 0.35 0.040625 0.1875
34 0.18359375 0.3484375 0.0359375 0.18515625
34 0.1421875 0.346875 0.04296875 0.18515625
34 0.103125 0.346875 0.03828125 0.18515625
34 0.06328125 0.3453125 0.0453125 0.1875
34 0.0203125 0.34453125 0.040625 0.1921875
34 0.5921875 0.1234375 0.03125 0.146875
34 0.5609375 0.1234375 0.03359375 0.146875
34 0.53125 0.11953125 0.03359375 0.1515625
34 0.4953125 0.12265625 0.02421875 0.1390625
34 0.46875 0.1171875 0.02890625 0.14921875
34 0.4390625 0.11328125 0.03359375 0.1515625
34 0.40625 0.1140625 0.03359375 0.14921875
34 0.38203125 0.13671875 0.0265625 0.0984375
34 0.3546875 0.04453125 0.02890625 0.0890625
34 0.35234375 0.1359375 0.0265625 0.09609375
34 0.3265625 0.04453125 0.02890625 0.0890625
34 0.3234375 0.134375 0.02890625 0.09609375
34 0.29609375 0.134375 0.0265625 0.09609375
34 0.30078125 0.04296875 0.0265625 0.0859375
34 0.2703125 0.1359375 0.02421875 0.08671875
34 0.271875 0.0453125 0.028125 0.090625
34 0.240625 0.103125 0.03359375 0.14921875
34 0.2078125 0.103125 0.03359375 0.146875
34 0.17421875 0.09921875 0.0359375 0.1515625
34 0.140625 0.1 0.03359375 0.146875
34 0.10546875 0.09375 0.0359375 0.15625
34 0.071875 0.0921875 0.03125 0.15625
34 0.040625 0.090625 0.03125 0.15390625
34 0.01328125 0.0875 0.0265625 0.15390625