34 0.8236167271052535 0.4283008421075955 0.191897994985435 0.04485902380771343
34 0.8250715785171792 0.3783008421075955 0.190335494985435 0.04484993344863373
34 0.8278221569678514 0.28376959210759545 0.1902900308788123 0.04328743344863373
34 0.8290496878466638 0.24158209210759546 0.19029003087881255 0.04328743344863373
34 0.8295414328320989 0.19782754692805565 0.18730142319868043 0.047956752730474506
34 0.8325133201374021 0.1493991372871353 0.18730142319868043 0.047956752730474506
34 0.8340590997625732 0.0962741372871353 0.18757420783841638 0.05733175273047451
34 0.8356730755476782 0.04080538728713529 0.18748327962517103 0.05420675273047452
34 0.7704148899455996 0.914011083130605 0.13725595909205773 0.046103361239926956
34 0.7768407346936078 0.9617127849260031 0.15310827962517132 0.054006764830722885
34 0.7859967743479087 0.993524303665551 0.17393760517284954 0.01295139266889791
34 0.5801332192542017 0.9796589980946855 0.16377299498543502 0.04068200381062894
34 0.5736391783462593 0.9363077430661129 0.16073892319868044 0.047802216626121205
34 0.5825227141731297 0.46987422198887413 0.21997753087881247 0.0434601502711466
34 0.5845314950519421 0.427691267168414 0.2246650308788123 0.04348742134838535
34 0.5849777759307544 0.38549922198887415 0.220022994985435 0.04502265027114651
34 0.5840206811827462 0.33782933645025476 0.21707985141192587 0.0512544695529872
34 0.5877738184880494 0.2894054719888742 0.22342077962517132 0.05441583098930573
34 0.5900326519532865 0.23862876716841397 0.22627299498543502 0.04505901170746496
34 0.5913511110453442 0.19331626716841396 0.22480142319868043 0.048174921348385344
34 0.5919337842440247 0.14643672198887417 0.22948892319868044 0.04820219242562418
34 0.5820874228029691 0.10887308947531685 0.20770485141192588 0.05119992739850954
34 0.5937439883215175 0.05736967680933436 0.22654577962517114 0.05443401170746496
34 0.3583036833608243 0.9774374470614132 0.17323892319868045 0.04512510587717351
34 0.3511363218532616 0.4732163488450908 0.18243206677218976 0.04167948165323558
34 0.34969349379830084 0.4153856681269315 0.19185253087881246 0.04329652380771343
34 0.3493585246771132 0.3731890777678519 0.19180706677218975 0.041734023807713336
34 0.3489098952893689 0.3348987374087723 0.19180706677218967 0.041734023807713336
34 0.3498419094751339 0.3028674874087723 0.18988085391920828 0.02922493344863373
34 0.3500381377675216 0.26926919222923246 0.1854661385589443 0.038572662371394895
34 0.3497713648062679 0.22472885187015282 0.19497753087881248 0.043314704525872647
34 0.3501494495251463 0.18488055669061304 0.19171613855894432 0.03860902380771334
34 0.34983721245727006 0.1419027163315334 0.191897994985435 0.04485902380771334
34 0.3509738151228371 0.10284021633153342 0.19180706677218975 0.041734023807713336
34 0.34985759600164945 0.06063908079291398 0.19511392319868043 0.0480022045258726
34 0.3502584127738392 0.02000953561337418 0.19943771034569896 0.03552947560311145
34 0.1050616407370224 0.6054010931877499 0.1525172462390763 0.03369426483072289
34 0.10601638697609872 0.5725885931877499 0.15256271034569902 0.03525676483072289
34 0.10299668705524098 0.542097117290051 0.15725021034569897 0.03528403590796181
34 0.10719009356087399 0.5053965480082102 0.1444774257059629 0.02583631303532492
34 0.10171298337345958 0.47879768657189176 0.15398881802583095 0.030578355189802408
34 0.09873874755922454 0.44674371067419266 0.15725021034569897 0.03528403590796181
34 0.1004974758516122 0.4131545058537324 0.154125210345699 0.03526585518980259
34 0.12463966950426375 0.3890721112399268 0.10238085391920829 0.02871587334017516
34 0.038726216218193735 0.35962953005422926 0.07745243243638747 0.02863406010845857
34 0.12476770163671738 0.35781756606038695 0.10081835391920828 0.028706782981095545
34 0.039146759204453534 0.3307232800542293 0.07829351840890707 0.02863406010845857
34 0.12404628760923697 0.32890222570130734 0.10086381802583091 0.030269282981095547
34 0.12488737358175657 0.2999959757013073 0.10081835391920824 0.028706782981095545
34 0.03797070411074633 0.30415168969514966 0.07594140822149266 0.02861587939029935
34 0.12724549544765348 0.2726613160603869 0.09135242570596289 0.02552724082661779
34 0.0407463631236618 0.2744778252337691 0.0814927262473236 0.02864315046753827
34 0.09453829552679577 0.24199712334017515 0.15412521034569898 0.03526585518980259
34 0.09551577381918341 0.20840337334017517 0.15256271034569896 0.03525676483072289
34 0.0926097341648824 0.1740056474424761 0.15734113855894433 0.03840903590796176
34 0.09441392656389272 0.13885394262201592 0.152562710345699 0.03525676483072293
34 0.08920960101621439 0.10288008118569744 0.16202863855894434 0.03843630698520064
34 0.08864731136191337 0.06849599082661784 0.16184678213245363 0.03218630698520064
34 0.08803955760098967 0.03567440046753821 0.16028428213245363 0.03217721662612101
34 0.08486073330695257 0.010651674569839165 0.15840353338609486 0.021230626267041388