34 0.11008106547121174 0.5267099299958682 0.21144656010845858 0.09240962480937505
34 0.10413104732083914 0.5781269596311459 0.20206246974937897 0.09062891926229177
34 0.09456567066101429 0.6794530702884722 0.18173178903121973 0.08703114057694457
34 0.09014179107432321 0.7246564675149306 0.17235678903121973 0.08681293502986129
34 0.08650370666717191 0.7706592985369792 0.16457156010845858 0.09131859707395851
34 0.08055368851679931 0.8220763281722571 0.1520715601084586 0.09102765634451408
34 0.07541219144366554 0.8781990416031251 0.1412067829810955 0.10327308320625014
34 0.24858749092481372 0.03156369699770854 0.1534249818496274 0.055126523935694574
34 0.4609965873340175 0.020884689398264277 0.17824317466803502 0.024458405394583483
34 0.4627045330792914 0.04592105698944483 0.17853406615858275 0.07445840539458348
34 0.37338504136891076 0.5367441191097919 0.24270565046753817 0.0946994766329862
34 0.3642691166026799 0.5810571635627086 0.24740224082661788 0.096371079406528
34 0.3567202370159888 0.6261878256068059 0.2427238311856974 0.09782447663298637
34 0.3499844236860764 0.6768054214464934 0.2411886022629363 0.10247560904180589
34 0.3369986103561639 0.7272775469214586 0.24746587334017517 0.10730857940652783
34 0.3263792729239506 0.7817104737831947 0.24898292154477702 0.0995324469977085
34 0.31728607405541875 0.8299297682361114 0.24743860226293632 0.10262107940652791
34 0.3082019655459665 0.8797115626890282 0.25213519262201595 0.10429268218006982
34 0.31313036006157635 0.9212269154625696 0.22867951190385663 0.10062216831236129
34 0.29461216421810665 0.9605303242303647 0.245739746876742 0.07893935153927067
34 0.6963346445156098 0.05760801187093808 0.1862829336450254 0.06370274335048627
34 0.6212867310640605 0.5846958823119103 0.20203519867214012 0.08594141926229178
34 0.613061140606785 0.6477771105604171 0.21142837939029935 0.08928462480937505
34 0.606288965840554 0.6921447064001047 0.21141928903121965 0.08772212480937522
34 0.600279860356164 0.7334054860353824 0.21141928903121965 0.08772212480937505
34 0.5926673482559155 0.7675986480794796 0.20664997579950323 0.0735505220358336
34 0.5874031313352069 0.8026276115103478 0.2051420179539809 0.08288915444465283
34 0.5798678872871352 0.8501020235544449 0.21455337939029934 0.08935735999173602
34 0.5730866221618248 0.8929071193941326 0.2114011083130606 0.0845971248093754
34 0.5663235377546736 0.9388372152338199 0.21144656010845858 0.09240962480937505
34 0.5579479563725844 0.9684818155388196 0.21136474687674217 0.06303636892236071
34 0.5533786310406195 0.9887397641520488 0.21112839754067209 0.022520471695902343
34 0.9059111950579029 0.49992671770236186 0.16756929508134383 0.06951633225631966
34 0.8990799329576544 0.5341380635420494 0.16914997579950325 0.07267769984750014
34 0.8977128756778662 0.5676954459508688 0.17383747579950323 0.07278680262104179
34 0.8862213846548567 0.6064851890170146 0.15971134328594588 0.061521994300416695
34 0.8879566014773694 0.6362090566081952 0.1706761143631848 0.06646406743868064
34 0.885031589377121 0.670511321425834 0.17383747579950323 0.07278680262104179
34 0.8774281676359521 0.7062669834699313 0.17227497579950324 0.0727504350298613
34 0.8478633874835271 0.7266697492375007 0.11279089149054763 0.05261846656500015
34 0.9286048482559156 0.7754176801832994 0.07525453005422947 0.04549564437666671
34 0.8433622398446591 0.7585918964639591 0.11122839149054764 0.05258209897381967
34 0.9225321102579681 0.8057409598185771 0.07525453005422947 0.0454956443766668
34 0.8388610922057914 0.7905140436904173 0.11280907220870695 0.055743466565000156
34 0.8327883542078439 0.8208373233256951 0.1112283914905479 0.05258209897381967
34 0.918794031900941 0.8345562908406258 0.07055793969514959 0.0438240416031249
34 0.825920730671277 0.8487986691653827 0.1002636204133089 0.04764002583555538
34 0.9111587939029935 0.864843202884723 0.07681703005422946 0.045532011967847195
34 0.8558400348278072 0.8893334033978132 0.17227497579950324 0.0727504350298613
34 0.8482366130866386 0.9250890654419106 0.16914997579950325 0.07267769984750032
34 0.8445485317045494 0.9622893063723094 0.17073065651766228 0.07542138725538124
34 0.838471248527062 0.9813662880877434 0.16906816256778648 0.0372674238245132