35 0.06640625 0.81953125 0.0828125 0.1109375
35 0.09140625 0.9125 0.1109375 0.13828125
35 0.1125 0.9546875 0.13203125 0.08515625
35 0.21875 0.771875 0.15390625 0.14765625
35 0.2484375 0.871875 0.209375 0.18984375
35 0.31328125 0.95859375 0.2015625 0.0828125
35 0.3046875 0.93125 0.15390625 0.134375
35 0.91875 0.353125 0.1625 0.20078125
35 0.4859375 0.5375 0.24140625 0.21640625
35 0.73125 0.421875 0.26953125 0.23203125
35 0.70234375 0.5421875 0.2078125 0.16484375
35 0.7125 0.61875 0.19921875 0.15859375
35 0.52734375 0.61640625 0.1703125 0.1578125
35 0.21875 0.134375 0.21640625 0.146875
35 0.56015625 0.021875 0.2609375 0.04296875
35 0.8421875 0.1546875 0.21484375 0.18359375
35 0.06875 0.26015625 0.1375 0.1765625
35 0.83515625 0.07421875 0.2390625 0.1453125