35 0.021247896543010153 0.7507273518236112 0.042495793086020306 0.12645470364722228
35 0.0325430977175091 0.8494557925530556 0.0650861954350182 0.15828658510611113
35 0.04245765531849878 0.8926791156913195 0.08491531063699756 0.104108231382639
35 0.15151544042045328 0.7305811188254515 0.18312605172849494 0.17602090539458343
35 0.1632903632234223 0.8363953609416669 0.24873433135366607 0.23063697663298618
35 0.2128835347727501 0.9321449252462155 0.21876202335696499 0.11283122758291668
35 0.2082558707452697 0.9031113886770836 0.1795009465556454 0.15876067021222226
35 0.9121480296916783 0.4363551801832994 0.15815479546028896 0.23009015634451407
35 0.46496548964166573 0.5439955342880213 0.2856265775927424 0.26428593123013916
35 0.7336222129194885 0.47285245858430613 0.3174676109788372 0.2853257830537503
35 0.6817976369760987 0.588131313257709 0.24175690564770314 0.20549150626826407
35 0.6771579495916533 0.6669830118709381 0.23215458511458992 0.1974608007211806
35 0.49137121377741827 0.6306058347248615 0.20389319279472176 0.1921186840799308
35 0.27169549208244115 0.09310126225218773 0.24723401583511767 0.1790744766329863
35 0.634224235814235 0.046814675814896366 0.26905152837152996 0.07028135809187523
35 0.8831521661390515 0.22381815938173685 0.22823997492717538 0.22391419794763906
35 0.10313805720527827 0.1900275475870487 0.16197847743445784 0.2005117591180557
35 0.8838174073635627 0.14721929179055632 0.23000105172849494 0.17711193313000018