35 0.25546875 0.0359375 0.1734375 0.071875
35 0.46484375 0.08125 0.1265625 0.11171875
35 0.6328125 0.1453125 0.08984375 0.09140625
35 0.8421875 0.23046875 0.05859375 0.0734375
35 0.83046875 0.1578125 0.0765625 0.06953125
35 0.828125 0.10234375 0.103125 0.0890625
35 0.584375 0.6078125 0.13828125 0.115625
35 0.5890625 0.52890625 0.13828125 0.1203125
35 0.5203125 0.42890625 0.12890625 0.1046875
35 0.50234375 0.35234375 0.1296875 0.0953125
35 0.70625 0.4078125 0.12890625 0.10078125
35 0.70234375 0.4734375 0.1265625 0.10078125
35 0.70390625 0.5421875 0.1078125 0.09140625
35 0.6984375 0.60625 0.10703125 0.09375