35 0.2234375 0.95625 0.17421875 0.08671875
35 0.43828125 0.9203125 0.1265625 0.10234375
35 0.6078125 0.86875 0.08984375 0.08671875
35 0.82421875 0.803125 0.0578125 0.06875
35 0.8109375 0.87421875 0.078125 0.0640625
35 0.80546875 0.92890625 0.1046875 0.0796875
35 0.575 0.3953125 0.13828125 0.10546875
35 0.57734375 0.47578125 0.1390625 0.1109375
35 0.503125 0.56953125 0.12890625 0.0953125
35 0.4828125 0.6484375 0.13125 0.084375
35 0.6921875 0.609375 0.12890625 0.09140625
35 0.68984375 0.5421875 0.1265625 0.09140625
35 0.69296875 0.47109375 0.1078125 0.0828125
35 0.690625 0.4078125 0.10703125 0.08671875