35 0.25522334580795036 0.9760574641902341 0.18751984736759478 0.046394252730474504
35 0.48322929471949116 0.9489444765850701 0.14088294954451291 0.09767495159900648
35 0.6611980380960693 0.8986803352909141 0.10171132213985139 0.09432269262201594
35 0.888321044086519 0.8239065525062103 0.06668155771188111 0.07537270472226432
35 0.8784673836495654 0.8997605253788471 0.08683036660488845 0.07080337939029917
35 0.8756077676776493 0.952131546456086 0.1151190577118811 0.07565450585373235
35 0.6013864622432028 0.3942382749860638 0.1524752139724832 0.11648858411256366
35 0.6075397477225654 0.48093884426790456 0.15425596878180664 0.12274767447164336
35 0.5337426383740709 0.5829513170423455 0.1427182680561673 0.105496541958086
35 0.5163765782999372 0.6674444917103806 0.14546132213985138 0.09457722267624505
35 0.7382317309323423 0.6208320703619953 0.1425545769491748 0.100809041958086
35 0.731034300625123 0.5489843414392341 0.13937501324684387 0.09922836123992677
35 0.7307044292109109 0.47240820590061466 0.12029763103285873 0.08974427693097127
35 0.7244519400106842 0.40524343179831374 0.1188988221398514 0.09442268657189175