35 0.6574882734057483 0.007994320720945669 0.19439845318850324 0.015988641441891337
35 0.45203281151081776 0.06734795388841479 0.16222111827193722 0.13469590777682958
35 0.29103667853955956 0.17192838813212247 0.11847776232447185 0.11930227171162175
35 0.09020343962083599 0.31610868941324877 0.08123006784239584 0.09262845574818704
35 0.08870621664462895 0.2405821505381193 0.0983356806872661 0.09186647642635144
35 0.08157979138442978 0.18324268548430733 0.13262214947960163 0.12151974317557443
35 0.42321185493141245 0.6240259274215367 0.17513055404758598 0.15934938296032683
35 0.4046909062654649 0.5461749092245716 0.17685682835784539 0.16254715756743252
35 0.4569671364777612 0.4260593083149488 0.16345606965141818 0.14477746071058578
35 0.462869655699638 0.34317403370784294 0.16140224672063966 0.13532968610347992
35 0.2620297727283798 0.4577396095960752 0.16172979534115867 0.14157968610347993
35 0.2781217622129302 0.5224549270072519 0.15852290818602893 0.1398716368892682
35 0.2892805902320914 0.5920760682397462 0.1374734237898611 0.12486306699689216
35 0.30627666044933644 0.6544112483473702 0.13755531094499088 0.12642556699689217