35 0.03319779849918951 0.48046875 0.06639559699837902 0.1515625
35 0.1044455637226959 0.31015625 0.12257495764913058 0.1203125
35 0.2486051507621258 0.10546875 0.09423178903121973 0.0828125
35 0.16739151219844425 0.09921875 0.09589428298109555 0.1
35 0.11900400917338216 0.090625 0.09918290944452865 0.128125
35 0.5901961904807166 0.4765625 0.16041130093507655 0.178125
35 0.5059666362259905 0.4515625 0.16667039129415606 0.1796875
35 0.3806802899149825 0.50078125 0.14627607806243947 0.165625
35 0.2931757447354427 0.5015625 0.13689198770335986 0.1640625
35 0.4060944221339523 0.2953125 0.14315107806243949 0.165625
35 0.47550749746591725 0.315625 0.14157039734428026 0.1625
35 0.549635343875121 0.33125 0.125809041958086 0.1390625
35 0.6167001240275461 0.35234375 0.127371541958086 0.1390625