35 0.9289451387467856 0.8846804260427771 0.10411822745980856 0.18961701190385663
35 0.9433691261359012 0.6586900977839459 0.11326174772819755 0.15387040944452862
35 0.9434183219592907 0.4735338477839459 0.1131633560814187 0.11471700585373253
35 0.927613539494302 0.2352935043998042 0.0895762303552928 0.07862496974937896
35 0.9755158844080688 0.26701113701155743 0.04896823118386244 0.09878293364502548
35 0.44982464143738216 0.3795177657144857 0.15480743217453838 0.17116699375348404
35 0.5335832113297583 0.399348476683266 0.15956770678164425 0.1727567648307229
35 0.614058423488086 0.4996888442679045 0.13860023531769167 0.15857609016268787
35 0.6910597251834971 0.5422212570320829 0.12915246071058578 0.1569590480082102
35 0.6978040690638065 0.31790251308220707 0.13540246071058562 0.15699540944452864
35 0.6282899356891951 0.30189623888171024 0.13532968610347992 0.15543290944452864
35 0.5553597038861602 0.27965814539937267 0.12024834160399785 0.13347609621281203
35 0.48904334511865455 0.26519619048071663 0.12337334160399785 0.1334942769309713