35 0.1890625 0.721875 0.37734375 0.10546875
35 0.196875 0.6578125 0.39296875 0.09609375
35 0.20625 0.60078125 0.4 0.0921875
35 0.2234375 0.546875 0.39453125 0.0875
35 0.24375 0.4953125 0.38125 0.08671875
35 0.57578125 0.7578125 0.4359375 0.109375
35 0.584375 0.690625 0.41953125 0.09609375
35 0.5921875 0.6296875 0.40234375 0.09375
35 0.60546875 0.575 0.3953125 0.08671875
35 0.6125 0.525 0.38671875 0.08671875
35 0.48984375 0.96953125 0.3359375 0.0609375
35 0.06328125 0.9328125 0.1234375 0.07578125
35 0.3015625 0.39921875 0.365625 0.0765625
35 0.321875 0.35625 0.35546875 0.08046875
35 0.34921875 0.3140625 0.3453125 0.07421875
35 0.3609375 0.275 0.3375 0.078125
35 0.375 0.2328125 0.33046875 0.071875
35 0.68125 0.09609375 0.271875 0.0796875
35 0.68125 0.14765625 0.24765625 0.0671875
35 0.6921875 0.03984375 0.30546875 0.0796875
35 0.4046875 0.0515625 0.24609375 0.07421875
35 0.41796875 0.1203125 0.2671875 0.08515625
35 0.38828125 0.01796875 0.2671875 0.0359375
35 0.9140625 0.09609375 0.16953125 0.0984375