35 0.6981694123781278 0.20306107319763583 0.16616117524374446 0.3479024607105857
35 0.6306181995251463 0.21243176509208395 0.1575136009497074 0.3724658130679506
35 0.5717062007787875 0.22064021732561434 0.1565875984424249 0.39426803846084474
35 0.5151606840857401 0.22817658146980344 0.15405363182851986 0.414434989246633
35 0.46302988275295653 0.24530626943531014 0.15267298825501055 0.42061221463952714
35 0.7748944191085523 0.5774489511955638 0.1857415525199178 0.48456770678164424
35 0.7032778318823916 0.5921064565722474 0.16952551913382302 0.4635274607105858
35 0.6403231908161647 0.6048204722880131 0.16429244985435076 0.4445591368892682
35 0.5834366933234472 0.6240755864322022 0.15469012932123719 0.436309989246633
35 0.5306837663638431 0.6357001370941558 0.15441734468150123 0.42693498924663303
35 0.9618525129986308 0.4703749675305021 0.0620192445232167 0.3617765620344933
35 0.9055907704539712 0.06486552212139729 0.08256845909205772 0.049096779569504576
35 0.3663390876883793 0.31512215570540575 0.13967288308216103 0.40284251778268027
35 0.3225974478757937 0.3396833540099947 0.14247963433580227 0.392050566996892
35 0.28019098753009464 0.37212982692168944 0.1327863855894435 0.3806764193542569
35 0.23982440030393387 0.38824282444049013 0.1388090650563301 0.37315501778268034
35 0.1970913310244617 0.4050279100486319 0.12920674452321665 0.3649058701400453
35 0.08164320962078317 0.7430843740689866 0.1274336443649321 0.30396837014004524
35 0.1372938160472739 0.7394178726212445 0.11099029044572384 0.2751156240689866
35 0.044555015901624605 0.7565625231593638 0.08911003180324921 0.334272300247669
35 0.03290812523110921 0.45174659057054056 0.06581625046221842 0.27224318114108115
35 0.08201424881286576 0.4614705010334573 0.13354725204506407 0.2995719685684685
35 0.005101373977467975 0.43637414764263516 0.01020274795493595 0.2852482952852703
35 0.10376694754658926 0.9461686786598819 0.12510295157021037 0.10766264268023633