35 0.6914586172877146 0.16942518475351048 0.14541723457542927 0.33885036950702097
35 0.6283546452908919 0.18079110768120393 0.13795929058178374 0.36158221536240787
35 0.573063173294069 0.19206153011460578 0.13675134658813803 0.38412306022921155
35 0.519470568991998 0.20326828555181323 0.13214566720498908 0.40653657110362645
35 0.46834444561520333 0.22640340213026572 0.12880247889338642 0.40184102570316255
35 0.7714826769442217 0.5283373393552342 0.1594718262955986 0.45930069863085593
35 0.7037866623337251 0.5467318536896901 0.14351954382819443 0.43991402866891216
35 0.6422861006453278 0.5617467000393687 0.14012180843869118 0.4241616946765232
35 0.5879258831127319 0.5827250449061723 0.1290206672049891 0.41434102570316256
35 0.5381304346548594 0.5964811387843929 0.12888429951023744 0.40652852570316256
35 0.9641597317360555 0.41393796384235204 0.07168053652788905 0.34999468281352525
35 0.8945272958600846 0.027213827035125517 0.08905459172016919 0.05442765407025103
35 0.37731607102059284 0.2965660049057348 0.11753769642598222 0.3826453567298017
35 0.3355649476437983 0.3232850138029834 0.1189365551922803 0.3733340237259962
35 0.2954990551922802 0.3569716057040376 0.11249564041962792 0.3621418557412186
35 0.2574769038123085 0.3733751971108002 0.1155115462638265 0.35601918973360736
35 0.21638429951023735 0.39303112250995154 0.10909790503012448 0.34638952174882987
35 0.10954355884243291 0.7218338962359476 0.10965128408896185 0.28864068874502424
35 0.16260037499505708 0.7157629683653385 0.09512513392680608 0.2615051857792746
35 0.06370890746246115 0.7385558226236822 0.09459902840691903 0.32081651878308043
35 0.045286595370322064 0.4445657420913346 0.07944558684890543 0.2577435158173308
35 0.10640137337349928 0.4522389792397533 0.11581946347211085 0.28420785672980176
35 0.017724657058719343 0.4331799145247365 0.025085369316309496 0.2742651709505271
35 0.13275673660072881 0.9319755587835179 0.11627165665497752 0.13121019072219048