34 0.371875 0.07578125 0.04296875 0.1515625
34 0.32421875 0.07421875 0.0484375 0.1484375
34 0.2828125 0.07578125 0.05078125 0.1515625
34 0.23515625 0.07578125 0.0453125 0.1515625
34 0.190625 0.07421875 0.0375 0.1484375
34 0.01953125 0.071875 0.0390625 0.14375
34 0.059375 0.0734375 0.040625 0.146875
34 0.23828125 0.7453125 0.0453125 0.19453125
34 0.14921875 0.07421875 0.0421875 0.1484375
34 0.3328125 0.49921875 0.04296875 0.1734375
34 0.284375 0.509375 0.05078125 0.196875
34 0.23671875 0.509375 0.0453125 0.19453125
34 0.19140625 0.509375 0.0453125 0.19453125
34 0.1484375 0.5078125 0.04296875 0.19453125
34 0.10234375 0.5078125 0.0484375 0.19453125
34 0.05390625 0.509375 0.0484375 0.196875
34 0.95234375 0.2765625 0.0484375 0.19453125
34 0.9078125 0.2765625 0.04296875 0.19453125
34 0.8609375 0.2765625 0.05546875 0.19453125
34 0.79375 0.2734375 0.03828125 0.18515625
34 0.759375 0.2765625 0.03359375 0.1875
34 0.728125 0.278125 0.04296875 0.19453125
34 0.68359375 0.27734375 0.0453125 0.1921875
34 0.6375 0.27890625 0.04296875 0.1921875
34 0.59375 0.28046875 0.04296875 0.1921875
34 0.55 0.2765625 0.04296875 0.1875
34 0.50546875 0.27890625 0.0453125 0.1921875
34 0.46015625 0.2796875 0.0453125 0.1875
34 0.28671875 0.7484375 0.0484375 0.19921875
34 0.33359375 0.7453125 0.0453125 0.19453125
34 0.378125 0.7453125 0.04296875 0.19453125
34 0.42265625 0.7484375 0.0453125 0.19921875
34 0.46328125 0.72265625 0.0359375 0.1515625
34 0.51328125 0.7875 0.0484375 0.22578125
34 0.56015625 0.78828125 0.0484375 0.2234375
34 0.60703125 0.7875 0.0484375 0.22109375
34 0.653125 0.784375 0.04296875 0.21171875
34 0.69921875 0.7875 0.0484375 0.21875
34 0.75 0.7875 0.05546875 0.21640625
34 0.8015625 0.79296875 0.05078125 0.2234375
34 0.85 0.79375 0.05078125 0.22578125
34 0.9015625 0.79609375 0.053125 0.2234375
34 0.953125 0.79453125 0.053125 0.2234375
34 0.371875 0.2796875 0.04296875 0.18984375
34 0.415625 0.2796875 0.04296875 0.18984375
34 0.10390625 0.0734375 0.0484375 0.146875
34 0.28359375 0.2796875 0.0453125 0.18984375
34 0.23828125 0.27890625 0.0453125 0.1921875
34 0.19453125 0.28046875 0.0453125 0.1921875
34 0.14765625 0.27890625 0.0453125 0.1921875
34 0.10234375 0.278125 0.0453125 0.19453125
34 0.05703125 0.2765625 0.0453125 0.19453125
34 0.95234375 0.071875 0.0453125 0.14375
34 0.37734375 0.509375 0.0453125 0.19453125
34 0.42109375 0.50859375 0.0453125 0.1921875
34 0.4609375 0.49765625 0.03359375 0.1703125
34 0.5296875 0.54453125 0.04296875 0.2046875
34 0.57109375 0.54609375 0.0359375 0.2015625
34 0.6 0.5578125 0.04296875 0.21640625
34 0.64765625 0.55859375 0.0484375 0.2140625
34 0.6953125 0.55859375 0.04296875 0.2140625
34 0.74453125 0.56484375 0.0484375 0.2140625
34 0.7921875 0.565625 0.05078125 0.21640625
34 0.840625 0.5640625 0.05078125 0.21640625
34 0.32734375 0.2796875 0.0453125 0.18984375
34 0.88515625 0.5640625 0.0484375 0.21171875
34 0.93359375 0.56328125 0.0484375 0.2140625
34 0.978125 0.5640625 0.04296875 0.21640625
34 0.10546875 0.74453125 0.0453125 0.1921875
34 0.15078125 0.74375 0.0453125 0.18984375
34 0.1953125 0.74375 0.04296875 0.1875
34 0.9109375 0.0734375 0.03828125 0.146875
34 0.86875 0.0734375 0.05078125 0.146875
34 0.82109375 0.0734375 0.0453125 0.146875
34 0.77578125 0.0734375 0.0453125 0.146875
34 0.7296875 0.07421875 0.04375 0.1484375
34 0.68515625 0.07421875 0.0421875 0.1484375
34 0.64140625 0.07421875 0.0421875 0.1484375
34 0.596875 0.07421875 0.04375 0.1484375
34 0.55234375 0.07421875 0.0421875 0.1484375
34 0.50859375 0.07421875 0.0421875 0.1484375
34 0.46015625 0.07578125 0.0453125 0.1515625
34 0.41484375 0.07578125 0.0453125 0.1515625