34 0.08071558075982546 0.4629869695611909 0.14659435633066598 0.07597393912238175
34 0.07437407751341459 0.4128915121748646 0.13576595048646736 0.08203302434972923
34 0.07125303165332988 0.3683193518664391 0.13110572402541767 0.08351370373287823
34 0.06567914163744384 0.31745628124958813 0.12164890340856667 0.07866256249917622
34 0.05858366192998331 0.2689096870937867 0.10898526217486462 0.06906937418757346
34 0.0367926623370204 0.09436365462638266 0.07118525324641087 0.05122730925276531
34 0.04286143019392788 0.12883411201270883 0.08245003571381496 0.07016822402541766
34 0.7604131688298421 0.20696402962143973 0.2186875446422686 0.0897285219140973
34 0.05391375283937379 0.22509150324641086 0.10128185633066597 0.07518300649282175
34 0.5153479050301245 0.3510786736978108 0.19514095048646746 0.08306941882984216
34 0.5159694679363378 0.29719969723676115 0.2234841387980701 0.09606034253094826
34 0.5072569411509764 0.2455008295420095 0.21868754464226864 0.08972852191409722
34 0.49781771144351594 0.1969133250777826 0.21868754464226878 0.08972852191409726
34 0.48684325527500577 0.1498610470746054 0.21863299756436802 0.08660352191409726
34 0.47739038879807005 0.10049229261037854 0.22030459172016936 0.09288079545304759
34 0.46792388555165915 0.050342288146151645 0.22334777110331833 0.08824784253094826
34 0.3960203956913383 0.9828279111192044 0.2178693384737585 0.034344177761591155
34 0.38614083522075704 0.9538262037328782 0.222003459414921 0.09234759253424371
34 0.37006977596799173 0.8874410933417272 0.20914890340856668 0.08018988068039512
34 0.36549532426370845 0.8490916594943514 0.20906708279171565 0.07550238068039512
34 0.3609890564068009 0.8146484756469755 0.21863299756436802 0.08660352191409722
34 0.35079585023829074 0.7676098344132735 0.21712504464226878 0.08970124837514674
34 0.34289184699187986 0.7174871034879968 0.21550799756436803 0.08654897483619664
34 0.3350287540538945 0.6697081225627204 0.21550799756436803 0.08654897483619664
34 0.3217105478853843 0.6226149342511176 0.21079322402541772 0.0849046542193456
34 0.31542359171687406 0.5756444768647915 0.21712504464226878 0.08970124837514692
34 0.3067383384704632 0.5255081091700398 0.2124102711033183 0.08805692775829606
34 0.7730319456152034 0.2587310811635673 0.22501936525911984 0.09452511606989855
34 0.7801819724005646 0.3104026753193686 0.2186875446422686 0.08972852191409722
34 0.7895939285690747 0.35742767978359546 0.21863299756436802 0.08660352191409722
34 0.8013632715070601 0.40527484455624785 0.22340231818121908 0.09137284253094827
34 0.7819098879839959 0.45413903854989346 0.1714852621748646 0.07016031574558709
34 0.86310138676618 0.496949875805836 0.2547886858759707 0.09973081330995512
34 0.8725678900125908 0.5470998802700628 0.2516636858759707 0.09967626623205436
34 0.8785055369299833 0.5980174979648145 0.24298892614003337 0.09805921915415361
34 0.8844447554768766 0.6481129553511407 0.23111048904624668 0.0900558043815014
34 0.888349028406919 0.6966595495069421 0.2233019431861621 0.09784103084255094
34 0.8942541550301245 0.7506612568932682 0.21149168993975104 0.10546261606989873
34 0.9009950787312306 0.8054578510490696 0.1980098425375388 0.10211942775829605
34 0.9061462288933864 0.8586646716659206 0.1877075422132272 0.10195578652459396
34 0.9128598790555422 0.9126800158217222 0.17428024188891555 0.10330009821299128
34 0.2878871525944925 0.429895600241586 0.21235572402541764 0.08493192775829587
34 0.29731274553247783 0.47770185470581283 0.21235572402541764 0.08493192775829606
34 0.04836713636243808 0.17579093262955986 0.091988676947517 0.0797068652591197
34 0.2698444902574721 0.3358592280826075 0.2139727711033183 0.08808420129724626
34 0.25961037378053636 0.2864768368489054 0.2171250446422687 0.08970124837514692
34 0.2517609176120262 0.2394791059236289 0.2171250446422687 0.08970124837514692
34 0.2407319143656153 0.1893018279204517 0.2171250446422687 0.08970124837514692
34 0.23049779788867958 0.13991943668674964 0.2186875446422687 0.08972852191409726
34 0.21950970495069422 0.09208590868357243 0.2186875446422687 0.08972852191409726
34 0.5364649744291595 0.3975269797041653 0.2186875446422686 0.0897285219140973
34 0.5435468173671449 0.44529232385996664 0.21712504464226862 0.08970124837514692
34 0.5404042264577544 0.48897414001259076 0.19026253571381488 0.0720500982129911
34 0.6048309650936686 0.5557037183400795 0.2295977711033183 0.0883569366867496
34 0.6149832609537533 0.6003986095737815 0.22477390340856668 0.08046261606989873
34 0.6342241846548594 0.6288508920411857 0.24371481818121907 0.09172739853730257
34 0.6445128482096958 0.6813582832748877 0.24226141233702042 0.09795012499835246
34 0.6547742382255819 0.7323031745085897 0.24058981818121908 0.09167285145940199
34 0.6720805150109431 0.7841520466675683 0.24226141233702042 0.09795012499835228
34 0.6823555417963043 0.8358781879012703 0.24544095941492117 0.10112967207625304
34 0.6910817053511407 0.8883583055960221 0.24544095941492117 0.10112967207625304
34 0.2792564464259823 0.38288423254683435 0.2139727711033183 0.08808420129724626
34 0.699726048289126 0.9361509232907738 0.2391091387980701 0.09633307792045151
34 0.7058493632239342 0.9694441826279121 0.2355204886359143 0.0611116347441758
34 0.7313687767853613 0.06431287945928395 0.21712504464226878 0.08970124837514692
34 0.7392455064928217 0.11287311038456047 0.2139727711033185 0.08808420129724626
34 0.7494523494308072 0.1606930016182625 0.21079322402541772 0.08490465421934554
34 0.17335050892186316 0.9803557017042834 0.16008411201270886 0.039288596591433134
34 0.1649789013733812 0.9502472362002823 0.1591216298696163 0.07775462743398442
34 0.15553967166592067 0.9016597317360555 0.1591216298696163 0.07775462743398442
34 0.1460595316500346 0.8507284772718287 0.1606841298696163 0.07778190097293489
34 0.13663393871204926 0.8029222228076017 0.16062958279171563 0.07465690097293454
34 0.12800323254353901 0.7559108551128499 0.16065685633066598 0.07621940097293453
34 0.11857763960555368 0.7081046006486231 0.16065685633066598 0.07621940097293453
34 0.10912477312861797 0.6587358461843962 0.16062958279171563 0.07465690097293472
34 0.10049406696010776 0.6117244784896446 0.16065685633066598 0.07621940097293453
34 0.09176790340527138 0.5592443607948928 0.16383640340856667 0.07939894805083547
34 0.08623492369781083 0.5107250401780419 0.15599662986961632 0.07770008035608367