34 0.715378090793859 0.9156496666730032 0.06617163387576941 0.13003293364502538
34 0.7651733729060346 0.9114525251824555 0.0722578595655099 0.12694429508134383
34 0.8069514371303859 0.9033945854873057 0.07406602103089917 0.1316408854404237
34 0.8558835820874318 0.8976394891762979 0.06929663387576923 0.13005111436318445
34 0.9025538641996074 0.8934605284039094 0.05967597241038014 0.1253090722087073
34 0.7336258067611194 0.22001900410521663 0.08276599163225704 0.20823065651766237
34 0.944495702734218 0.8885275887087596 0.06444535956551008 0.12689884328594586
34 0.6812632038658719 0.4883740943661004 0.07693207146044045 0.18632838544042354
34 0.7287999451594446 0.4709047932346322 0.08917976594251656 0.2113920179539809
34 0.7776502029613607 0.4635871969236242 0.08276599163225704 0.20823065651766245
34 0.8250198479184065 0.45784119097169584 0.08276599163225704 0.20823065651766232
34 0.870168573608147 0.45445257055838706 0.08120349163225704 0.2082215661585828
34 0.916716024987628 0.4479298597859985 0.08589099163225704 0.2082488372358217
34 0.9620302281203605 0.4398219231159109 0.075939543759279 0.21137383723582168
34 0.09196716700399783 0.8004903585094523 0.06853971732199748 0.20502384328594586
34 0.12918056196104372 0.7948034398915415 0.081203491632257 0.20822156615858275
34 0.17733145691808958 0.7890528887600732 0.09378537878738671 0.20985678903121965
34 0.24657610187513543 0.7831796177810302 0.07438028154634875 0.19724770472226433
34 0.2821451096770516 0.775939289522199 0.06985655585660826 0.20034543364502538
34 0.31384881105653256 0.7695029371610669 0.08120349163225704 0.20822156615858275
34 0.35973784316870816 0.7653285215682182 0.08260221732199753 0.20510565651766227
34 0.4069437138154945 0.7564575156162897 0.07947721732199753 0.20508747579950323
34 0.4518877216174106 0.7491626452029809 0.07947721732199753 0.20508747579950323
34 0.4979405280398458 0.7481132296101322 0.07931344301173801 0.20196247579950324
34 0.5435838986866321 0.7392513140172834 0.08103971732199752 0.20509656615858277
34 0.5893091564885482 0.7319518984244346 0.08087594301173802 0.20197156615858275
34 0.6830492746489438 0.2242206907753042 0.08621854025277606 0.2144988372358217
34 0.6358024604245924 0.23231044672723256 0.08276599163225704 0.20823065651766245
34 0.5899953154675467 0.23804736232008125 0.08120349163225704 0.20822156615858275
34 0.543325033355371 0.2422263230924698 0.08309354025277607 0.21448065651766246
34 0.5059002764579661 0.2737035820694602 0.06476626413349429 0.16282725292686626
34 0.44250948383034083 0.2123348108940255 0.0922981218899818 0.2410886083130605
34 0.3936182824508599 0.21887115720503347 0.09221623473485199 0.2395261083130605
34 0.3462895810713789 0.2253984131569618 0.09205246042459247 0.23640110831306052
34 0.2991246540021574 0.23505066910889014 0.08366675033868427 0.22541815651766245
34 0.25080998473485205 0.2376762202403583 0.09188868611433305 0.2332761083130605
34 0.19879378335537104 0.24423074726952548 0.09649429895920325 0.23174087939029936
34 0.1441472269329359 0.2453301598373121 0.09377873473485203 0.23953519867214013
34 0.09365258197589006 0.2510943465073997 0.09386062188998179 0.24109769867214012
34 0.04776354986371443 0.2552687621002484 0.08127873473485203 0.23946247579950314
34 0.021569542061798314 0.2624545482046019 0.028071847579722288 0.2375909035907962
34 0.6809643899802049 0.7212593172387373 0.07939533016686759 0.20352497579950307
34 0.635938495023159 0.7269916876520461 0.07939533016686777 0.20352497579950324
34 0.978669930743037 0.8827770375772914 0.04266013851392607 0.1253727047222643
34 0.7725377363167317 0.7090042360530399 0.08095783016686778 0.20353406615858277
34 0.8183448812737776 0.7032673204601911 0.08103971732199752 0.20509656615858277
34 0.8632888890756938 0.6959724500468822 0.08103971732199752 0.20509656615858277
34 0.9122619776103044 0.6909986037358743 0.0811216044771271 0.20665906615858276
34 0.9587541601643934 0.6860383929634857 0.0824916796712131 0.2082306565176623
34 0.9824594544316987 0.6810918177297166 0.03508109113660254 0.20819429508134402
34 0.12338534260288128 0.9675460483027978 0.048669873360319825 0.06432612041330898
34 0.6332794052453529 0.48240135031802867 0.08276599163225704 0.20823065651766245
34 0.5891166474434367 0.4896916755517978 0.08103971732199752 0.20509656615858277
34 0.5501327125722991 0.5063297297083281 0.06574890999505119 0.18157725292686636
34 0.4707008401164904 0.46693595248276915 0.08177670171816516 0.21915906615858277
34 0.4271555580043148 0.47109673253699846 0.07371854025277606 0.21442611436318462
34 0.3954551786511012 0.4626847897185907 0.08391241180407354 0.23010565651766246
34 0.34574178369405534 0.4684444312091386 0.08859991180407353 0.2301329275949012
34 0.29680963873700944 0.47419952752014655 0.08383052464894378 0.22854315651766247
34 0.24524713873700943 0.47449950936977386 0.09016241180407354 0.2301420179539809
34 0.1947115502023987 0.47948244603986157 0.0918067989592033 0.23171360831306057
34 0.14512098597804746 0.4875858375304093 0.0918067989592033 0.23171360831306057
34 0.7267715349372507 0.7155224016458887 0.0809578301668676 0.20353406615858277
34 0.09935478459856646 0.4941040031232579 0.08999863749381402 0.2270170179539809
34 0.057494833219085474 0.5005994428184076 0.07453741180407351 0.23005111436318476
34 0.871047241632257 0.20280825732667046 0.08103971732199752 0.20509656615858277
34 0.8245407338303409 0.21011221809905897 0.08095783016686794 0.20353406615858277
34 0.7787335888732949 0.21584913369190772 0.07931344301173801 0.20196247579950324
34 0.1583778182926218 0.9642165152235064 0.056809921980838854 0.07062157220870695
34 0.2011418504047974 0.9600602803488169 0.07128185775648763 0.07851588544042372
34 0.25101901967210277 0.9574256388582689 0.0652775192218769 0.08316702400410492
34 0.29851149536184324 0.9540233829063407 0.06716756784239593 0.08942611436318444
34 0.3459630274740189 0.9498398769544124 0.06601450361804462 0.09722952400410492
34 0.39271519674132427 0.9472234161820239 0.06313516508343389 0.10189884328594587
34 0.4363014224310648 0.9438438861277947 0.063462713703953 0.10814884328594587
34 0.4830535916983701 0.9412274253554059 0.0668333751693421 0.11285452400410492
34 0.5297648173881107 0.9378297145830177 0.06403592378986112 0.11908634328594588
34 0.5749135430778511 0.9344410941697087 0.06436347241038014 0.12533634328594587
34 0.6237638008797672 0.9271234978587006 0.06929663387576941 0.13005111436318478
34 0.670352195836813 0.9213820370863122 0.06929663387576941 0.13005111436318478