28 0.9022180284036236 0.8242838446149943 0.07263865909060954 0.04584134890464355
28 0.9054151663909149 0.7837725048815509 0.07261138555165907 0.04427884890464338
28 0.9109287808392557 0.7417668613080417 0.06951365909060954 0.04575042069139794
28 0.9083822536468574 0.8642867189881736 0.05062729139585791 0.03739235141192587
28 0.9082692053511406 0.9025452369348622 0.05224433847375849 0.04056281551854859
28 0.9042771805943743 0.9422525946149942 0.05068183847375849 0.040517351411925875
28 0.09850269317627611 0.8118300617576247 0.08702844155801359 0.06500052586424765
28 0.10451118546563835 0.7534409002374268 0.08702844155801359 0.06500052586424729
28 0.09637317734796352 0.8687703835443795 0.08705571509696394 0.0665630258642473
28 0.3936339610331836 0.8547750458560002 0.09514095048646727 0.08241534639736088
28 0.40012369439409207 0.7792211163891135 0.09201595048646741 0.08232441818411544
28 0.4073946777550006 0.7036899189755383 0.09514095048646745 0.08241534639736088
28 0.4169957743464339 0.6274456677218971 0.08571140340856669 0.07901756175762494
28 0.42795481939573976 0.5395281305748785 0.07948867694751698 0.08039820533113406
28 0.43536217045139997 0.4718094331613033 0.07948867694751698 0.08039820533113406
28 0.44111156412073393 0.39857652164110535 0.06825116801906325 0.06289245658477531
28 0.45145695454365714 0.2755027344940868 0.06515344155801354 0.06436402837152996
28 0.45014959902377 0.3348095383341528 0.06668866801906326 0.06284699247815259
28 0.45924613514462215 0.22965903708051155 0.05695911201270896 0.04226170783841656
28 0.4632517966708636 0.1907329294003796 0.05388865909060954 0.04529577962517117
28 0.4679705243497292 0.14792330377355897 0.06172843262956 0.04708560015828458
28 0.519910088874205 0.8420513884924373 0.09330571509696402 0.06674488229073816
28 0.526604373777241 0.7782162090255508 0.09026253571381489 0.07134145407749273
28 0.5317361586802771 0.7143355654520415 0.09338753571381489 0.07143238229073816
28 0.551183813713697 0.575909562944759 0.07140344155801373 0.06454588479802066
28 0.5556434427725343 0.5182561873179384 0.07598184740221221 0.058432277117888634
28 0.5617746659871731 0.4668982757977405 0.07439207386326192 0.05682431301126591
28 0.5730746302733581 0.3985119886507219 0.058903441558013546 0.06418217194503928
28 0.5833654736183806 0.27231320150370336 0.06202844155801372 0.06427310015828454
28 0.5789876651763942 0.334654077130524 0.05898526217486459 0.0688696719450392
28 0.5934790389602258 0.1359581643566848 0.05383411201270878 0.04217077962517113
28 0.5894830600635442 0.2201740399835054 0.05229888555165907 0.04368781551854843
28 0.592652924511885 0.17810020025006212 0.05386138555165907 0.04373327962517117
28 0.5435072759679918 0.8966168680384662 0.03349433847375849 0.04001724623907634
28 0.7501606505626023 0.8362573442192829 0.08524775324641087 0.05245506175762458
28 0.7479356773479635 0.8877289160060375 0.08530230032431163 0.055580061757624574
28 0.7800355166357962 0.5794450545649819 0.06496252678536116 0.05342652837152997
28 0.7854127633893853 0.5296269109914725 0.06652502678536117 0.05347199247815269
28 0.7785372463432567 0.6278143584050477 0.06501707386326175 0.05655152837152997