28 0.87109375 0.4859375 0.0734375 0.084375
28 0.79609375 0.49375 0.0796875 0.078125
28 0.628125 0.49921875 0.07109375 0.0765625
28 0.71015625 0.4984375 0.0828125 0.078125
28 0.5453125 0.5015625 0.078125 0.08203125
28 0.4609375 0.5046875 0.08046875 0.08515625
28 0.37421875 0.50859375 0.0890625 0.0984375
28 0.1734375 0.51484375 0.09375 0.0953125
28 0.275 0.5171875 0.08515625 0.09609375
28 0.875 0.6296875 0.053125 0.06484375
28 0.8203125 0.6328125 0.05546875 0.06484375
28 0.7578125 0.63671875 0.071875 0.0671875
28 0.68984375 0.634375 0.0609375 0.06875
28 0.6421875 0.6484375 0.04296875 0.05546875
28 0.59296875 0.65 0.0515625 0.05546875
28 0.54140625 0.6515625 0.0515625 0.05625
28 0.4765625 0.65625 0.06875 0.06875
28 0.40078125 0.65703125 0.0640625 0.0640625
28 0.3390625 0.6640625 0.0625 0.06015625
28 0.265625 0.66875 0.07578125 0.06484375
28 0.1875 0.67265625 0.07109375 0.0640625
28 0.7078125 0.72734375 0.040625 0.0453125
28 0.659375 0.73046875 0.03828125 0.0453125
28 0.6140625 0.73671875 0.040625 0.0421875
28 0.56875 0.74140625 0.04296875 0.0453125
28 0.834375 0.74296875 0.03828125 0.0359375
28 0.7921875 0.74609375 0.03515625 0.0328125
28 0.7484375 0.7484375 0.03984375 0.03125
28 0.86171875 0.78359375 0.0359375 0.0359375
28 0.825 0.78671875 0.03359375 0.0296875
28 0.7078125 0.7859375 0.03515625 0.05078125
28 0.78828125 0.78984375 0.0359375 0.0328125
28 0.7484375 0.79375 0.03828125 0.03359375
28 0.6671875 0.79296875 0.03828125 0.0515625
28 0.5234375 0.7953125 0.053125 0.06953125
28 0.61953125 0.7984375 0.0421875 0.04921875
28 0.5734375 0.7984375 0.03828125 0.05078125
28 0.465625 0.8015625 0.05546875 0.06875
28 0.40859375 0.8046875 0.0578125 0.06953125
28 0.3484375 0.8109375 0.05625 0.06484375
28 0.290625 0.815625 0.05625 0.06953125
28 0.228125 0.8203125 0.05859375 0.06953125