28 0.5520505818158845 0.0873979225267357 0.07217652837152996 0.06447156615858281
28 0.566038873977468 0.14355701893593953 0.07222199247815268 0.0660340661585828
28 0.5857232366721649 0.1918717990883647 0.05623327962517113 0.053443162567786605
28 0.5974587070469937 0.24491953103618797 0.05627874373179385 0.05500566256778665
28 0.6092623735817566 0.2956235129840112 0.05784124373179385 0.055014752926866264
28 0.6227194683297648 0.3431934045727548 0.05632420783841656 0.05656816256778665
28 0.6456137475592245 0.4422621636479411 0.054579851411925874 0.05030907220870695
28 0.6361310989711504 0.39232579616149843 0.05788670783841656 0.056577252926866176
28 0.6559913064138554 0.488287735954844 0.056324207838416386 0.056568162567786476
28 0.6847661419241566 0.14364740164588857 0.09643238229073817 0.09273292154477705
28 0.7051264545397112 0.22242184143923413 0.09491534639736088 0.0942863311856974
28 0.7426084195042637 0.38389515174408445 0.09491534639736088 0.09428633118569749
28 0.7253049107287751 0.30744628123257967 0.09004598997087018 0.08800906010845858
28 0.765494338546309 0.4564059559988106 0.08058006175762493 0.0848295179539809
28 0.8089906227903338 0.5990974500468822 0.06798913354437923 0.08163179508134384
28 0.7923319716949772 0.5273315343558377 0.06316524122451135 0.07691702400410509
28 0.8279248277257564 0.6731934801993074 0.06334709765100222 0.0831670240041051
28 0.7920367358142351 0.029881380077670404 0.10967652837152997 0.05976276015534081
28 0.8129198856559505 0.08822358256043955 0.10750627461060631 0.09748405405833441
28 0.8309591803248164 0.16623040789240454 0.10447220282385175 0.10059087334017516
28 0.9080850038274306 0.4954133929634857 0.1027733105039836 0.09589428298109545
28 0.8908951553184987 0.41505827245198096 0.10125627461060631 0.09744769262201594
28 0.8536405108870596 0.2457724621471306 0.09326191818411544 0.0911522408266178
28 0.8746229491294348 0.33001110676093637 0.09500627461060632 0.0974113311856974
28 0.9293629587628534 0.5694957875772915 0.0980858105039836 0.09586701190385653
28 0.9418880393250966 0.6490969291660351 0.08076191818411545 0.0910795179539809
28 0.4722337350228122 0.33391437422393794 0.0914266335443795 0.08176815046753819
28 0.42216685352349687 0.12174162715080417 0.09615959765100204 0.08335792154477706
28 0.4410783264056081 0.19661890730322934 0.09468802586424747 0.08647383118569744
28 0.4570693877675215 0.26448311817381376 0.09615959765100221 0.08335792154477702
28 0.5381435430195133 0.21636325986075322 0.05145485141192587 0.05029089149054773
28 0.5506829954476535 0.2686251966290366 0.04993781551854841 0.05184430113146821
28 0.5633588401956617 0.31619963339732016 0.05150031551854859 0.051853391490547726
28 0.5736000067304245 0.366912705704223 0.054670779625171126 0.053434072208706954