28 0.9112890325860636 0.25670275121122543 0.10417284684397003 0.06583528003177204
28 0.8056054934998473 0.8357396404163326 0.10280134783255335 0.07049550649282174
28 0.9208934787454617 0.11692718505860127 0.06265650889724839 0.04325116801906326
28 0.9130199703425047 0.15666184090279991 0.059595175893442945 0.04475912094116259
28 0.901734960456673 0.2033731996690979 0.0581600098858317 0.04785684740221223
28 0.7186108067691703 0.534007770692986 0.07885451186299797 0.05758640340856651
28 0.7552353507611217 0.3259049443940921 0.07754667984777566 0.06380912986961632
28 0.7445087563886096 0.37809868992986523 0.0774193458553869 0.06068412986961631
28 0.7745039569966319 0.21757029301412034 0.07598417984777565 0.06378185633066595
28 0.7645267791260226 0.27055892531936865 0.07754667984777583 0.06380912986961632
28 0.7261487341454881 0.4833219780793122 0.07572951186299796 0.05753185633066593
28 0.7360940785180003 0.43111459577406386 0.0758568458553869 0.060656856330665934
28 0.7846694772625871 0.12158563716992168 0.059849843878220454 0.05100912094116259
28 0.7750743013691441 0.16519926947517 0.0581600098858317 0.04785684740221226
28 0.6393875162744413 0.32935545251176696 0.08443334980971962 0.07954322402541773
28 0.6683640449433534 0.19382705559602204 0.0920548488211363 0.07499209172016941
28 0.6805085592778094 0.12602194682972406 0.09399935079830275 0.08439436525911972
28 0.6500013641069945 0.26074182020651865 0.07174234882113631 0.07463753571381497
28 0.6093896570731816 0.45157532588856153 0.06979784684397003 0.0652352621748646
28 0.6203390859323741 0.39391283035278835 0.06667284684397004 0.06518071509696392
28 0.5991578112177948 0.5108139581938098 0.06342051285158128 0.06200116801906326
28 0.588335716350991 0.5653514537295828 0.060104511862997964 0.05725912094116268