28 0.28192004983338426 0.23347483973077013 0.06413958271265771 0.0722992052052021
28 0.28802019251362065 0.16261630816073902 0.06421235731976357 0.0738617052052021
28 0.29404756058675124 0.09019527659070792 0.06421235731976357 0.0738617052052021
28 0.30160104135632887 0.026594050127056908 0.06882708271265772 0.053188100254113815
28 0.9857449090151746 0.2225816983009147 0.028510181969650716 0.10852513154179624
28 0.12997452191650952 0.5031866422063143 0.05708906203449331 0.05474768415851479
28 0.13723905831043964 0.4573281106362831 0.057234611248705033 0.057872684158514785
28 0.9747924464425621 0.32648024302512546 0.050415107114875825 0.11632222099021768
28 0.13967054549015806 0.40861759485126764 0.05240156203449331 0.054474668373499215
28 0.14210203266987648 0.3599070790662521 0.05069351282028158 0.05125866311182729
28 0.14762213254604198 0.31023330275789285 0.054255160462916716 0.06081567363517104
28 0.15001723242220746 0.2607415369728773 0.050766287427387445 0.052821163111827295
28 0.1574080473521849 0.20077500277201024 0.06940927956950457 0.08507222099021765
28 0.16396195430044497 0.12283971857114324 0.0679923287837163 0.0881062157285458
28 0.1715325516954111 0.03896451848643864 0.06806510339082217 0.07792903697287729
28 0.9669649838699496 0.42082177722599245 0.06607003226010093 0.10500528939195171
28 0.9577109351724665 0.5102405929968906 0.0845781296550669 0.10380681043863901
28 0.9506231238595897 0.5971791508752808 0.09513702564056317 0.10215330517696727
28 0.928499874893047 0.6940387403237024 0.09357452564056316 0.10206229991529554
28 0.9124618060341281 0.7701763060946004 0.08845037799792799 0.09241428413027979
28 0.8952251102107386 0.8542173771271704 0.0886687018192454 0.09710178413027996
28 0.8709742810127373 0.9222162192064278 0.060577935070022446 0.06274219468185863
28 0.7001948608344202 0.1652444243410427 0.09855312406898661 0.10858531570031094
28 0.7148502121583278 0.0594193585701446 0.09699062406898662 0.10849431043863911
28 0.6344159270027427 0.6030622137329944 0.09989730024766903 0.10398882096198285
28 0.6551179170779453 0.4420491190229011 0.09499147642635145 0.09902830517696729
28 0.6440584466474498 0.5241636690087838 0.09677230024766903 0.10380681043863901
28 0.6688657398658056 0.35037755851367486 0.08739730024766904 0.10326077886860796
28 0.6796341118678775 0.2620130085277923 0.08285534946188075 0.10611276308359248
28 0.579005104834055 0.9439217031390635 0.07264128742738744 0.054095236775233244
28 0.4689216294411609 0.9519000740869288 0.06617296360606986 0.04904371572854558
28 0.47306116583509095 0.9062235530402415 0.07166098428423417 0.06650423151356151
28 0.47974350537217436 0.8478650214702104 0.07173375889134022 0.0680667315135615
28 0.4881338941234693 0.7925404846385075 0.07187930810555195 0.07119173151356151
28 0.4964151209641055 0.7348721978068046 0.07002570967712848 0.06485072625188941
28 0.49732049544737683 0.6870339372834608 0.05708906203449331 0.05474768415851479
28 0.5016419683590716 0.6452636662367734 0.055381012820281586 0.05153167889684287
28 0.5082708039672135 0.6025756372975782 0.055381012820281586 0.05153167889684287
28 0.5146813157540377 0.5552001083583831 0.055381012820281586 0.05153167889684287
28 0.5202378029337561 0.5063075820500238 0.057234611248705033 0.057872684158514785
28 0.5280288782028159 0.4549347978491568 0.05908820967712849 0.06421368942018653
28 0.5335125907754283 0.40447977154079756 0.06214043507002245 0.06283319994353032
28 0.5421576906515938 0.3546239847090946 0.06214043507002245 0.06283319994353027
28 0.5543965173683956 0.24737292683070428 0.05908820967712849 0.06421368942018653
28 0.5628232934232434 0.19282963999900135 0.06406680810555195 0.0707367052052021
28 0.5467509913135477 0.3018707110315713 0.059233758891340214 0.06733868942018653
28 0.5712864567816444 0.13906760316729844 0.0635573858558109 0.0597992052052021
28 0.5686665709258334 0.08281760316729841 0.03633991439185813 0.04418961575678069
28 0.5720612446233165 0.03796783475144694 0.038193512820281585 0.050530621018452536
28 0.431453477045524 0.31563635039528815 0.07115156203449331 0.05556673151356133
28 0.41783193279371095 0.39319990827367846 0.07711046360606985 0.04968075256024882
28 0.4222989549196175 0.3545546372269911 0.075475188998964 0.0480272472985769
28 0.43175953804656003 0.2717498425027804 0.07703768899896399 0.04811825256024882
28 0.4336452156729845 0.21132057671776483 0.07453342721213971 0.09472023677523325
28 0.4443408130679506 0.12139352673188226 0.0825642510334573 0.09986276308359243
28 0.4542187731593638 0.04111230545931592 0.08270980024766902 0.08222461091863184
28 0.2690476763835702 0.37758115550166826 0.06421235731976357 0.0738617052052021
28 0.274965882546042 0.30281637393163713 0.0643579065339753 0.0769867052052021