28 0.8046875 0.8835697530401116 0.0953125 0.09763368676785796
28 0.91953125 0.41559302726039943 0.06875 0.06998884783255317
28 0.89453125 0.5372306053212892 0.0703125 0.06692751482874755
28 0.909375 0.47767919178513585 0.071875 0.0685536818249421
28 0.84609375 0.769631928439263 0.0609375 0.05717051285158128
28 0.384375 0.1062870810638203 0.1109375 0.0670203567298018
28 0.37265625 0.15580957859236239 0.109375 0.0653941897336074
28 0.365625 0.20474182710948763 0.1140625 0.07496019072219058
28 0.4125 0.6543080869953194 0.1171875 0.08290002471457925
28 0.43046875 0.5925402574515548 0.1046875 0.06989068874502422
28 0.575 0.6828044545995361 0.1125 0.09208402372599629
28 0.6 0.6111668765386463 0.0890625 0.08175401878308027
28 0.615625 0.5446160465005903 0.0921875 0.07875635277546919
28 0.57578125 0.7601800380976333 0.0796875 0.08293451680591399
28 0.72265625 0.676320985739906 0.09375 0.0725700197716634
28 0.6796875 0.8909763933445604 0.0921875 0.0928188527754692
28 0.71796875 0.7440987347513228 0.0765625 0.07968218281352506
28 0.7453125 0.6217754071847248 0.065625 0.05736151384016441
28 0.70546875 0.8170268987817678 0.071875 0.07949118182494183
28 0.79765625 0.39343950155723684 0.065625 0.04798651384016441
28 0.80859375 0.3501351705305976 0.065625 0.04642401384016441