28 0.3057278252337691 0.042754084799934734 0.07688975292686617 0.056695427594901274
28 0.32416018354682963 0.12233704567051913 0.07562723477649361 0.10824883723582164
28 0.339612987605164 0.22693818725926276 0.06768746974937896 0.08632838544042354
28 0.35641012304558756 0.2940302384889268 0.05657725292686626 0.056577252926866176
28 0.4293724627172962 0.749089922330344 0.033103391490547904 0.050190897540672096
28 0.5023014234896847 0.7955422206331418 0.0770261083130606 0.0801329275949012
28 0.514511052879984 0.8798490429400445 0.0770170179539809 0.07857042759490156
28 0.5227689804748853 0.9563660911446465 0.07547269867214013 0.08168633723582168
28 0.49561054107432323 0.7197973320694603 0.06758747579950324 0.06914088544042371
28 0.4299652768327755 0.17953594643264492 0.05501475292686635 0.05656816256778665
28 0.4847134268093344 0.5925126694034778 0.05832156010845857 0.08783634328594588
28 0.49605544778837735 0.6619802868899204 0.04559430113146821 0.048701120413308985