28 0.06328125 0.36695273665412714 0.1 0.07907468775644108
28 0.16328125 0.37850304889768605 0.0984375 0.07901102076024671
28 0.25859375 0.3879006121298282 0.0953125 0.07575868676785795
28 0.4546875 0.40881665410743206 0.0953125 0.07575868676785795
28 0.5515625 0.4197130503433798 0.0921875 0.07719385277546902
28 0.35234375 0.40048684235816473 0.0984375 0.07588602076024671
28 0.82890625 0.4490371585188753 0.0859375 0.0738141847906915
28 0.7421875 0.441633176807664 0.090625 0.07400518577927465
28 0.6484375 0.43217194657932756 0.0921875 0.07250635277546916
28 0.83671875 0.5940313235379033 0.071875 0.0826161818249421
28 0.24921875 0.5453138641069946 0.0640625 0.06354784684397004
28 0.30546875 0.5508343522439965 0.0640625 0.06354784684397004
28 0.53671875 0.5742241368072265 0.05625 0.061667011862998146
28 0.36484375 0.5570087563886096 0.059375 0.0617943458553869
28 0.76953125 0.5967690043742622 0.059375 0.0586693458553869
28 0.42265625 0.5624655775294171 0.059375 0.0617943458553869
28 0.48203125 0.5686399816740302 0.059375 0.06179434585538672
28 0.65546875 0.5857916950964528 0.059375 0.0617943458553869
28 0.59453125 0.5796809579480341 0.059375 0.06179434585538672
28 0.7109375 0.5913440167315519 0.059375 0.06179434585538672
28 0.04375 0.5325923241065571 0.0484375 0.045723676882026255
28 0.14296875 0.5449557198482132 0.053125 0.04278967787060921
28 0.19453125 0.5498859589737982 0.0515625 0.04272601087441501
28 0.09140625 0.5400254807226281 0.0484375 0.04259867688202625