28 0.0612303765515962 0.8464153039777595 0.0444772533418178 0.06326365909060953
28 0.19178094255255068 0.8371067134754062 0.03975339067472694 0.06005683847375849
28 0.10655196721836893 0.8448431213481996 0.04445907200827235 0.06170115909060954
28 0.14717696721836893 0.8441340093354908 0.0397533906747269 0.06005683847375849
28 0.39583264322091427 0.8210475166423867 0.04442270934118149 0.058576159090609536
28 0.3418809398870507 0.8258947037361735 0.04442270934118149 0.058576159090609536
28 0.24099969255255074 0.8362475969984704 0.04912839067472685 0.060220479707460584
28 0.2933888958864143 0.831427683443634 0.044440890674726855 0.06013865909060954
28 0.07136735053314251 0.982148252435632 0.04725680800445434 0.03363070616851012
28 0.11431791919959707 0.9829607301144975 0.04253294533736347 0.030423885551659424
28 0.6278446172024605 0.952907622569311 0.07256589067472703 0.06062958279171582
28 0.41599859786764243 0.9675406870970822 0.06776930267345418 0.05117276217486477
28 0.4847758698679606 0.9639969013832671 0.06469884667409058 0.05580571509696384
28 0.5543343918682788 0.9604394788999769 0.06942270934118148 0.05901253571381489
28 0.7849758645369606 0.9415728819048018 0.07094884667409058 0.05591480925276535
28 0.7083497298695515 0.9483780353133685 0.07251134667409058 0.05594208279171582
28 0.3464218945337788 0.972660609580372 0.06924089600572696 0.04338753571381489
28 0.37103756397200127 0.19973162419086873 0.09658519334818116 0.1110386858759708
28 0.030213663987909645 0.23226702922099324 0.06042732797581929 0.11046594155801356
28 0.4609540393061831 0.19191339570122418 0.09033519334818116 0.11092959172016936
28 0.2818659759707286 0.21066121591103815 0.087082924013363 0.0999375446422687
28 0.10434950330204691 0.22860051258190167 0.09658519334818115 0.11103868587597072
28 0.19584665996977413 0.2191925105533068 0.08866360534690845 0.10152731818121905
28 0.03394664397677379 0.3915602086041422 0.06789328795354758 0.10125458279171565
28 0.09778023528009336 0.3904010831987527 0.06197383601209035 0.09012616801906326
28 0.2971444359484569 0.37442370698258437 0.06662497334499946 0.08708298863591431
28 0.42850352394972957 0.3627577297107558 0.06666133601209037 0.09020798863591421
28 0.16344159794718424 0.38613059456283844 0.06504429201145401 0.08549321509696402
28 0.3636052299490933 0.36857708157719493 0.06353633601209037 0.09015344155801355
28 0.22755864194782055 0.3803248794658745 0.06199201734563582 0.09168866801906325
28 0.18296266259550326 0.5209186517870089 0.06533519334818112 0.11049321509696383
28 0.11258652792809423 0.5276147110397742 0.06379087468172658 0.11202844155801354
28 0.24863311592936688 0.5158669131510946 0.06377269334818117 0.11046594155801355
28 0.3143217505967759 0.5092526745151803 0.06531701201463562 0.10893071509696384
28 0.050776871260366986 0.5365045158283126 0.06377269334818111 0.11046594155801373
28 0.3807370912635487 0.5073122991097909 0.06533519334818116 0.11049321509696383
28 0.6981518579328667 0.4822445207028719 0.05105451734563573 0.09149775324641088
28 0.5386314072645032 0.4975264216758065 0.05105451734563573 0.09149775324641088
28 0.4362058412635486 0.5063440884770538 0.05417951734563573 0.09155230032431164
28 0.6449450419319123 0.4902030710271834 0.05265338001272664 0.09465002678536116
28 0.48779561326386683 0.5031003116916926 0.05417951734563573 0.09155230032431164
28 0.5918018605983668 0.492692871351495 0.05417951734563573 0.09155230032431164