28 0.16838776342023495 0.8546834757013073 0.06507585475263547 0.10191702400410492
28 0.7681450242946498 0.9097230380492611 0.06976335475263547 0.1019442950813442
28 0.039898007488735905 0.8258176114363185 0.014983012851581268 0.06101022287263689
28 0.06896342497922188 0.8298920330792914 0.04460684585538688 0.05962043969514959
28 0.11661967497922188 0.8301692890312197 0.0491670118629981 0.056522710772388504
28 0.48477015570184995 0.7409265444921688 0.05780718281352506 0.07688066256778665
28 0.2698481512532257 0.7185874152982612 0.06236734882113639 0.07378293364502539
28 0.3239135687437117 0.7228072826865078 0.05936968281352524 0.07688975292686635
28 0.15777923277415656 0.7093437046240684 0.06236734882113639 0.07378293364502539
28 0.21337531676654536 0.7127914123713949 0.062494682813525215 0.07690793364502539
28 0.43295298771707247 0.7343765626425414 0.057679848821136304 0.07375566256778647
28 0.3788557367284892 0.7293754452542945 0.05924234882113648 0.07376475292686635
28 0.059454479314115426 0.6923693071815924 0.0507295118629981 0.05653180113146803
28 0.10486247980840702 0.6949766775949012 0.0476045118629981 0.056513620413308985
28 0.2972635440291323 0.6054925176593933 0.08143568380210837 0.0817045179539809
28 0.15706962555006315 0.5960851805217675 0.07231535178688593 0.08789997579950323
28 0.0857530410633828 0.5902028191836448 0.08487901878308031 0.08953519867214013
28 0.22660087555006317 0.5964897015008106 0.07311384783255326 0.06915906615858276
28 0.42476646151961833 0.6101396319243821 0.06511034684397003 0.0644261143631848
28 0.3651686270329379 0.6043254482793566 0.06504667984777565 0.0628636143631848
28 0.48670804600629863 0.6159674511080271 0.06029551285158128 0.06127384328594587
28 0.5438984634967847 0.620205499214433 0.05704317885919252 0.05813066256778665