28 0.3953125 0.08515625 0.046875 0.0609375
28 0.3421875 0.08515625 0.046875 0.0640625
28 0.2890625 0.08828125 0.046875 0.0609375
28 0.2359375 0.0875 0.04921875 0.06015625
28 0.5390625 0.1140625 0.04296875 0.03828125
28 0.4421875 0.11875 0.03828125 0.0375
28 0.48984375 0.115625 0.0421875 0.03828125
28 0.396875 0.146875 0.04921875 0.06640625
28 0.33984375 0.14921875 0.0484375 0.0671875
28 0.2875 0.15234375 0.046875 0.0640625
28 0.23125 0.15234375 0.053125 0.0671875
28 0.54296875 0.1578125 0.0453125 0.03828125
28 0.496875 0.1578125 0.04296875 0.03515625
28 0.4453125 0.1609375 0.04296875 0.0375
28 0.54375 0.3640625 0.06875 0.071875
28 0.62421875 0.3640625 0.0765625 0.071875
28 0.465625 0.36796875 0.07109375 0.0671875
28 0.68125 0.47109375 0.053125 0.0765625
28 0.6171875 0.47109375 0.05859375 0.0765625
28 0.55625 0.4734375 0.05390625 0.07421875
28 0.4375 0.5015625 0.03515625 0.05859375
28 0.49375 0.5515625 0.06484375 0.09609375
28 0.27734375 0.5515625 0.0578125 0.103125
28 0.3875 0.5578125 0.04296875 0.08515625
28 0.6234375 0.55859375 0.05625 0.0765625
28 0.559375 0.56015625 0.053125 0.0796875
28 0.68359375 0.56015625 0.0515625 0.0765625
28 0.4328125 0.56875 0.03828125 0.06015625
28 0.45703125 0.74375 0.0671875 0.0875
28 0.378125 0.74296875 0.07421875 0.0890625
28 0.3015625 0.7484375 0.07421875 0.0875