28 0.22109375 0.86796875 0.0734375 0.0765625
28 0.684375 0.88125 0.053125 0.05546875
28 0.56484375 0.88203125 0.0515625 0.0578125
28 0.6234375 0.884375 0.05078125 0.05859375
28 0.3375 0.8828125 0.04296875 0.05078125
28 0.846875 0.325 0.03984375 0.1
28 0.796875 0.32421875 0.03828125 0.0984375
28 0.75 0.3265625 0.046875 0.10078125
28 0.3421875 0.459375 0.053125 0.103125
28 0.40390625 0.4640625 0.0453125 0.09140625
28 0.353125 0.615625 0.06640625 0.09609375
28 0.4265625 0.625 0.05859375 0.07421875
28 0.4921875 0.62578125 0.05625 0.0765625
28 0.28203125 0.63203125 0.0640625 0.0640625
28 0.39375 0.75078125 0.05078125 0.0796875
28 0.184375 0.75390625 0.071875 0.0734375
28 0.33046875 0.76015625 0.0609375 0.0609375
28 0.45078125 0.7609375 0.0421875 0.05546875
28 0.259375 0.7625 0.0625 0.05625
28 0.6765625 0.7640625 0.03359375 0.05625
28 0.71875 0.765625 0.03125 0.05625