28 0.3546875 0.375 0.08984375 0.0875
28 0.45078125 0.3765625 0.0890625 0.0875
28 0.0796875 0.38046875 0.05625 0.0796875
28 0.15 0.3796875 0.05625 0.07421875
28 0.5390625 0.38671875 0.06875 0.0671875
28 0.615625 0.3859375 0.071875 0.06640625
28 0.6921875 0.38828125 0.07109375 0.0671875
28 0.2140625 0.3921875 0.046875 0.053125
28 0.27421875 0.3921875 0.0515625 0.05078125
28 0.88046875 0.396875 0.0890625 0.05546875
28 0.7578125 0.40703125 0.046875 0.0296875
28 0.81015625 0.40625 0.0421875 0.02734375
28 0.74765625 0.49375 0.0890625 0.07109375
28 0.315625 0.49921875 0.07109375 0.0640625
28 0.3953125 0.49921875 0.06875 0.0640625
28 0.571875 0.5015625 0.08046875 0.05390625
28 0.484375 0.503125 0.08203125 0.05546875
28 0.66328125 0.5015625 0.0796875 0.05390625
28 0.1828125 0.50703125 0.05390625 0.0484375
28 0.11875 0.50703125 0.06015625 0.0453125
28 0.24609375 0.50859375 0.0515625 0.0453125