28 0.6023088687405524 0.31422114647231936 0.11418286831702958 0.113139895460829
28 0.6112372767318822 0.4152652913001763 0.11409186305535748 0.11157739546082901
28 0.5682725868881727 0.033020798008416216 0.09637374203690499 0.06604159601683243
28 0.5764953395895958 0.10149545717942535 0.09003273677523324 0.07331350362819707
28 0.6096832110315713 0.5088788820443491 0.08772678413027979 0.08726687622353531
28 0.6182776900554712 0.5888838405745368 0.0862552893919517 0.08877481252120453
28 0.6237471690793709 0.6689979265093863 0.0878177893919517 0.0888293762235353
28 0.5693206054451985 0.17113583458408704 0.06742969468185844 0.060049611795565075
28 0.5750098923474886 0.2340897023701019 0.06457771046687384 0.06462798439090331
28 0.6347547455853741 0.8682067528255889 0.07944384727034208 0.10568949400955034
28 0.6109216744116299 0.741954276872206 0.042247684158514785 0.05605159255827132
28 0.6178927402531151 0.7962871128070554 0.037105157850155376 0.048075401451278844
28 0.5185066612574503 0.7490797853097264 0.095159852532014 0.10779763103285873
28 0.46681868977312246 0.2979017204262693 0.08460178413027997 0.08715774881887359
28 0.47518565564284254 0.381812928956457 0.08451077886860787 0.08559524881887368
28 0.49018278213472843 0.5660688778679979 0.07421031570031093 0.09615080290255769
28 0.4806173373116957 0.47596223304014096 0.07742632096198285 0.09782243030721922
28 0.5001654559110739 0.6623982408446893 0.07411931043863902 0.09458830290255768
28 0.4443129001694093 0.16224696262172095 0.06310621572854594 0.06613592068857255
28 0.4372886264212987 0.09544140853803694 0.061907736775233244 0.07233135698624167
28 0.4490844291791915 0.22757186225890128 0.0597992052052021 0.06290179328391081