28 0.8967440103115821 0.24120443627641724 0.06862817363517096 0.052707988635914305
28 0.9261702599586463 0.6124345539711691 0.11163472099021768 0.06750687418757337
28 0.9070206286286115 0.35064762012379314 0.08020271046687384 0.0638364034085667
28 0.8946424549934406 0.2989214788900911 0.06366765785015538 0.047938668019063255
28 0.9142625231834132 0.5419856862764172 0.08269067363517095 0.05295345048646745
28 0.9060188417263216 0.41384704950694207 0.08020271046687384 0.0638364034085667
28 0.9059348127165393 0.47940386565956616 0.08047572625188977 0.06852390340856651
28 0.9220805413875031 0.7700152288900911 0.09499325256024882 0.07658186525911966
28 0.9157402651497311 0.6879567053511407 0.09205026308359265 0.07965231818121907
28 0.9218522992094236 0.8464959082732401 0.09628273677523325 0.07192163879807012
28 0.921214533353821 0.9159453376563891 0.09333974729857672 0.07499209172016955
28 0.769003960113938 0.44657595454036175 0.03343412628012423 0.038045470779006864
28 0.7708618627024217 0.4918748177708867 0.036741136803468064 0.041225017856907444
28 0.7470100498447082 0.17615436038456048 0.1034427893919517 0.08765573295387137
28 0.7718930126600695 0.5363787942319364 0.036559126280124234 0.03810001785690744
28 0.7336917315135614 0.08148674268980878 0.0909427893919517 0.08743754464226869
28 0.7394166286991988 0.2735787853034826 0.07789675782192056 0.07784435633066593
28 0.7785804413451508 0.8119964029982343 0.10850972099021768 0.06745232710967279
28 0.7824936675970403 0.8791839029982341 0.10520271046687402 0.06427278003177221
28 0.7827358622788987 0.9369418559203335 0.10153167889684304 0.05484323295387128
28 0.7576323625612474 0.639930488225582 0.08278167889684288 0.05451595048646744
28 0.7617808072431058 0.6977566249950571 0.08581567363517095 0.053007997564368026
28 0.7326198681052679 0.3444816205308302 0.06394067363517095 0.05262616801906326
28 0.7608777308782768 0.7492509411476812 0.08590667889684304 0.05457049756436803
28 0.7365407996329467 0.3984015073003054 0.06375866311182729 0.049501168019063256
28 0.7450721784027327 0.5850793469918798 0.0618321420651398 0.04322389448011297
28 0.7246092180064458 0.44814240868027716 0.03637711575678075 0.034975017856907445
28 0.7277566048099139 0.4887810454497523 0.036559126280124234 0.03810001785690744
28 0.7286512468750539 0.530941271910802 0.03655912628012441 0.03810001785690744
28 0.5734885208349259 0.23868381371369685 0.06477513154179633 0.04015344155801355
28 0.5700226156156063 0.1925764269442217 0.0649571420651398 0.043278441558013636
28 0.5769544260542455 0.284791200483172 0.0666106473268119 0.044868215096963926