28 0.8773734435515873 0.696749878001089 0.07293238585581108 0.058295884798020656
28 0.8685035576957763 0.7528180215745983 0.07605738585581108 0.058386813011265914
28 0.8572899218399656 0.8088179689881736 0.07293238585581108 0.05829588479802048
28 0.8484200359841546 0.8648861125616829 0.07144266046291677 0.05981292069139812
28 0.8697707669586199 0.5408492189881736 0.04771406203449331 0.05288095909205772
28 0.8494154174967392 0.6419570779219468 0.04742296360606986 0.04663095909205772
28 0.8603379549241268 0.5922071305083716 0.04764128742738762 0.05131845909205772
28 0.8121123165871165 0.6870278855229365 0.07940070967712849 0.06316524122451135
28 0.800753131517094 0.7461528329365118 0.07932793507002253 0.06160274122451135
28 0.7888310202683889 0.8005675482967757 0.0760573858558109 0.058386813011265914
28 0.7797791978948133 0.860541941870285 0.0811815334984459 0.06789820533113407
28 0.8240772772977021 0.5309142778428045 0.047786836641598995 0.05444345909205772
28 0.8163525144774205 0.5791926534696252 0.04451628742738754 0.05122753087881229
28 0.8052480405322685 0.6328488508832004 0.04771406203449331 0.05288095909205772
28 0.6064916710113959 0.49954930291562916 0.08815927956950453 0.08370506175762475
28 0.6197964997951122 0.41544708755536525 0.08852315260503385 0.09151756175762475
28 0.5900982295312326 0.5827793400626478 0.0835445541766104 0.08513116943775678
28 0.5161492690255345 0.3396765462517116 0.08892125889134021 0.06656302586424748
28 0.5059523236164297 0.4074407077719095 0.09077485731976367 0.07285848997087019
28 0.4935935647250897 0.47123042313217345 0.0874315334984459 0.06808006175762493
28 0.4449120080672798 0.5926364102000496 0.067662688998964 0.04565949247815269
28 0.40183840426217293 0.5264514690546805 0.11308650496239867 0.08286998746358769
28 0.36617692432116483 0.7546302933487177 0.1190454065339753 0.07680184389007838
28 0.3763225198541041 0.6375791856685857 0.0979323858558109 0.05902331050398359
28 0.4145289569910413 0.38835207548117134 0.09062930810555177 0.06973348997087019
28 0.40202464888548944 0.4552667908414353 0.09204625889134017 0.06665395407749272
28 0.42220021588238144 0.3244259678010394 0.08884848428423435 0.06500052586424747
28 0.3724013072814915 0.5873973292420951 0.06937073821317571 0.0488299565847754
28 0.1924441335840085 0.5375695108205527 0.10378427956950453 0.08415970282385157
28 0.1807018048002922 0.6217171902874392 0.10720037799792799 0.090500631037097
28 0.16211016253434055 0.7017540312745238 0.10563787799792798 0.09045516693047428