28 0.01646843448145152 0.15182091277383916 0.03293686896290304 0.09948317445232169
28 0.03445625336521228 0.41993441528112163 0.06891250673042457 0.10388116943775678
28 0.028675266297336015 0.3334202537609237 0.05735053259467203 0.10190949247815259
28 0.04253552632646587 0.5079428806413855 0.08507105265293174 0.10286423871722902
28 0.02381192154932779 0.24063336018741444 0.04762384309865558 0.10623327962517112
28 0.04902956723440812 0.598272363948338 0.09805913446881624 0.10318248746358769
28 0.0785145464512326 0.8696328869095918 0.11527331050398355 0.09858591567683277
28 0.06704350052872542 0.7809795638691959 0.11710859514371966 0.10800637978345566
28 0.055857403009072014 0.6892239728821113 0.11171480601814403 0.09697795157021041
28 0.09182087701347585 0.948865745843365 0.11996081050398355 0.09872230799670093
28 0.33370581479363265 0.7107733977966514 0.058159492478152594 0.06726170783841656
28 0.34608013117011094 0.8220375067304246 0.05802310015828453 0.06257420783841647
28 0.3391912851684615 0.7636938093168493 0.05650606426490725 0.06409124373179384
28 0.26806202672217727 0.06947845955427617 0.13447795157021042 0.11475648495630522
28 0.2895074662181937 0.1640862659016246 0.128000631037097 0.10676212852981451
28 0.3705442367386719 0.651937955397641 0.095886813011266 0.07616534639736088
28 0.35414164990822244 0.5181539887837359 0.10089256175762476 0.08723923871722886
28 0.316944492940371 0.24056619787579367 0.09446070533113407 0.08080738229073817
28 0.32436453635559576 0.3074809132360576 0.09450616943775678 0.08236988229073816
28 0.34371026675955446 0.4474239516367174 0.10061977711788864 0.07786423871722885
28 0.36227474716351316 0.5873897220906885 0.09749477711788863 0.07777331050398359
28 0.3348641156641977 0.37586720038307614 0.09772209765100204 0.08558581050398359
28 0.39758044668865944 0.7690201553184988 0.05659699247815268 0.06721624373179402
28 0.4042874362638182 0.833613852732074 0.06601745658477523 0.06905152837152997
28 0.39087345711350074 0.7044264579049235 0.05485263605166191 0.06092077962517113
28 0.5771736361181689 0.3914537818032492 0.13769387978345565 0.11797241316955054
28 0.6234813686336986 0.704683556018144 0.1299723079967011 0.12087009263643722
28 0.6087178381505977 0.5950501432443049 0.12501202335696499 0.11135870031656907
28 0.6517187142396367 0.9146208456724452 0.13112563103709682 0.10685305674305993
28 0.637349988850243 0.8182459508452945 0.13309730799670091 0.12096102084968266
28 0.5412949382423753 0.06855349089530696 0.14274509263643723 0.1306088054894186
28 0.5597828622989856 0.18432324340258943 0.13314277210332365 0.12252352084968257
28 0.5739469992085772 0.2877293882297399 0.13144387978345584 0.11779055674305985
28 0.6022525409744492 0.49532292788404086 0.11416545157021041 0.11416545157021041