28 0.15278805486636618 0.25436255334631036 0.07984400889724856 0.045370849809719616
28 0.15772756425790635 0.2987664693539216 0.08309634288963733 0.04862318380210837
28 0.36958284889549853 0.8504377628144002 0.09352450692008221 0.036568852775469195
28 0.3723550218231919 0.8800615958182059 0.09521434091247105 0.0397575197716634
28 0.37769377923756575 0.9150586783277198 0.09671317391627658 0.03825868676785795
28 0.2948906887450242 0.09284543870784319 0.054143671939110224 0.027164677870609298
28 0.2982531106841345 0.11774993821355159 0.055706171939110226 0.02722834486680372
28 0.2930270998097196 0.06631477220594037 0.055706171939110226 0.0272283448668037
28 0.38401419714798124 0.12912383692095725 0.05101867193911023 0.027037343878220543
28 0.3913292900376185 0.17421350243427688 0.05251750494291585 0.025538510874414923
28 0.38653170209089704 0.15249766992476288 0.05101867193911023 0.027037343878220543
28 0.4878633222037528 0.7188455701150434 0.03520267095052709 0.021713173916276675
28 0.49034899364857143 0.741438153118849 0.03689250494291585 0.024901840912470875
28 0.43144229547482604 0.19840307752941708 0.08296900889724856 0.04549818380210837
28 0.43622263737588024 0.23890074353702834 0.08615767589344295 0.04718801779449713
28 0.42545493923931577 0.0898729945256115 0.07164950692008229 0.03567751482874761
28 0.42202885030401116 0.06340599501990309 0.07152217292769336 0.03255251482874762
28 0.4769046230786052 0.5651303211036265 0.09371550790866542 0.0412563527754692
28 0.4821797134967847 0.5985649036131404 0.09377917490485962 0.04281885277546919
28 0.4675402574515548 0.4121326550960152 0.07515650889724874 0.04517984882113635
28 0.4359441116727177 0.11683474254844514 0.05245383794672147 0.02397601087441492
28 0.44182403855474384 0.16511307505795916 0.0510186719391104 0.027037343878220543
28 0.43846161661563354 0.14020857555225075 0.05258117193911023 0.02710101087441492
28 0.46242699311709884 0.3442594055903069 0.062338173916276676 0.03685801285158128
28 0.4959848869187697 0.6300868176435854 0.07477450692008211 0.035804848821136305
28 0.46926458353527833 0.37763032110362643 0.06071200692008212 0.0352318458553869
28 0.5019457268426575 0.6611458166550023 0.07789950692008211 0.03593218281352506
28 0.5047497332684481 0.6915508996588079 0.07471083992388791 0.034242348821136304
28 0.48494527475176047 0.4935909021302657 0.06377333992388792 0.03379667984777566
28 0.49025219866803704 0.5278067346397798 0.06877917490485981 0.041800180836358794
28 0.5280399946371547 0.7445976452101835 0.03682883794672147 0.02333934091247105
28 0.5254906561961417 0.7204425622063779 0.03682883794672165 0.02333934091247105