28 0.4778362880330894 0.2326942522811107 0.12792610001590835 0.12013327488562506
28 0.500084552713225 0.33142203980017315 0.13103291868236297 0.11864351006798621
28 0.5429822194064057 0.5257889824294788 0.1262545120146356 0.11072190729444457
28 0.5652850280871778 0.6292042699485412 0.12943405601527208 0.11548214247680555
28 0.5223782707272244 0.43405607731923573 0.13099655601527188 0.11551851006798622
28 0.45315336668522643 0.12620851614881906 0.13421246268299925 0.12340374525034732
28 0.5844446554344044 0.7311297926499648 0.11529883068109008 0.10890483415618064
28 0.6011787167806766 0.8260786167381593 0.10436133068109026 0.10865026101791671
28 0.36921855008749593 0.6361121526417011 0.0773079346753633 0.0658445119678472
28 0.3824094407622229 0.6951962119122566 0.08050566000954493 0.07216724715020853
28 0.4095270187778131 0.8094398966577774 0.08048747867599956 0.07060474715020852
28 0.39480090010340435 0.7527359549784025 0.0773079346753632 0.0658445119678472
28 0.3436725627386785 0.5226133503049997 0.0788704346753633 0.06588087955902786
28 0.35605493141308725 0.5793718433711456 0.07885225334181775 0.06431837955902786