28 0.06824946598504614 0.11339472001621065 0.038554517345635794 0.09237159057054059
28 0.11117276265118252 0.11930227171162174 0.03695565467854491 0.08917381596343472
28 0.15177958131763708 0.12275691149637402 0.03386701734563582 0.092153266749223
28 0.18926139998409164 0.1260660020669146 0.030742017345635773 0.09200771753501127
28 0.2267341279837735 0.13015634263745518 0.03386701734563582 0.09215326674922303
28 0.2704568559834553 0.1345377816364192 0.03702838001272664 0.09542381596343472
28 0.13336484130331955 0.22742514081820958 0.03470226400381802 0.029726041356328815
28 0.21381540996977408 0.23273553308416126 0.03466590133672709 0.026601041356328813
28 0.17553415996977412 0.23095255521006774 0.03159544533736343 0.031142992142117177
28 0.08727109130331957 0.22527828990858678 0.039426126670908904 0.0330693651776464
28 0.26037223663272885 0.26226252129733696 0.04603975334181776 0.06461046360606985
28 0.302523373965638 0.2673524356891951 0.044440890674726855 0.061412688998963995
28 0.3556301926320925 0.2713892723307943 0.042914753341817755 0.06446491439185813
28 0.4056029206317744 0.27606180975818173 0.044477253341817805 0.06453768899896399
28 0.503204626631138 0.2852977227022978 0.04603975334181776 0.06461046360606985
28 0.4493165579646835 0.2812244987571457 0.04287839067472703 0.06133991439185813
28 0.07515235196531977 0.2591074803552929 0.04258748933799979 0.03633991439185813
28 0.5523870139640471 0.2907151228261323 0.042914753341817755 0.06446491439185813
28 0.16107167063177436 0.264672583746115 0.03482953333863614 0.04066354135632881
28 0.20560292063177435 0.26674666004863196 0.039462489337999784 0.036194365177646404
28 0.12122792063177434 0.2628168312649157 0.03482953333863614 0.04066354135632881
28 0.06155238128582037 0.353056533498446 0.0742920226766359 0.07685790653397521
28 0.1411762466184113 0.3622367884608447 0.06798747867599957 0.07187930810555185
28 0.21693022461809314 0.3681101069054788 0.07423747867599957 0.0721704065339753
28 0.2996790899506841 0.37743591108208924 0.07421929734245411 0.07060790653397539
28 0.25064105860123026 0.4939662855653606 0.0585579346753633 0.06675516046291677
28 0.07096264926800301 0.48481595574818703 0.05559656667727224 0.08067211124870503
28 0.13109162726768483 0.4899615281217625 0.05872156667727224 0.08081766046291676
28 0.18886776460059393 0.4957791885846793 0.05557838534372683 0.07910961124870504
28 0.3927103799331849 0.5107450248119937 0.07432838534372684 0.0799829065339754
28 0.3169291299331849 0.5072154563673597 0.07429202267663593 0.0768579065339754
28 0.473924017266094 0.5176543043814983 0.06964088534372692 0.07976458271265763
28 0.5473524265993213 0.5218559609154735 0.07120338534372675 0.07983735731976367
28 0.6245961792648214 0.5340520539672134 0.0773806600095451 0.07387845574818712
28 0.21720075525145832 0.6135681561196906 0.07447383601209037 0.0924829065339754
28 0.13982973325114015 0.6123095630679506 0.07912497334499946 0.0895762303552928
28 0.062476892584367415 0.6094884700162106 0.07912497334499946 0.0895762303552928