28 0.21556150085792983 0.16456299063022609 0.06481866943775678 0.08005111436318471
28 0.22165472499368236 0.25055048760516396 0.061830061757624774 0.08472043364502549
28 0.2910135126029193 0.5791345507386847 0.11352895407749282 0.08970791549465282
28 0.29206519873372344 0.4892817103796051 0.09339831050398359 0.0958397408266178
28 0.2986381444979461 0.6393453428931624 0.09336956677218974 0.041161331185697494
28 0.280101373977468 0.1485294453524904 0.07584709765100203 0.08323974687674203
28 0.28804059144930294 0.3322004634046672 0.08035274122451135 0.0770170179539809
28 0.3021435777257564 0.6799976139704013 0.09341503087881238 0.04272383118569749
28 0.30399558274032135 0.7237657946885605 0.096585494985435 0.044304511903856716
28 0.28520875963341846 0.2415436471478885 0.07272209765100204 0.08322156615858278
28 0.3059157839148202 0.7651902254067198 0.096585494985435 0.044304511903856716
28 0.2929577604913483 0.4048976200205255 0.07851745658477523 0.06763292759490121
28 0.31017973508931923 0.8066282916634984 0.09336956677218974 0.041161331185697494
28 0.31283572215719546 0.8496197675611974 0.09185253087881237 0.04271474082661797
28 0.31553717333169445 0.8910487434588965 0.09502299498543501 0.04429542154477702
28 0.31906533861281605 0.9309197645361353 0.09497753087881237 0.042732921544777015
28 0.40442645790492354 0.41414133069471815 0.06207410266556703 0.03941702400410509
28 0.4040687567304245 0.37272599033563847 0.06051160266556703 0.039407933645025484
28 0.44238006512283706 0.10337200233769103 0.0878469924781525 0.06612496974937897
28 0.4625391716158348 0.5652861950579029 0.10494356426490725 0.06309996369925486
28 0.4467433046979957 0.16825211377400953 0.08784699247815268 0.06612496974937895
28 0.4661666252976162 0.6285992613146816 0.10811402837152997 0.0646806444174139
28 0.47062079308602034 0.690354372751 0.10811402837152997 0.0646806444174139
28 0.45181959811322053 0.23548052038986783 0.08784699247815268 0.06612496974937905
28 0.45439301715526587 0.30816404146710663 0.08775606426490726 0.06299996974937896
28 0.47266301471449046 0.7544395986486989 0.1082049565847754 0.06780564441741391
28 0.47776204018302637 0.8208867552645573 0.1082049565847754 0.06780564441741391
28 0.46580657561418537 0.5067015354169825 0.09217077962517131 0.05365224082661779
28 0.4822162079714305 0.8826418667008757 0.10641513605166182 0.05998405405833438
28 0.47025604638472557 0.40749187577606205 0.0668525308788123 0.042569295081344015
28 0.4684495054767833 0.36216119505790284 0.066897994985435 0.044131795081344016