28 0.8853849966947405 0.6668029326361504 0.06733735731976367 0.07143071509696383
28 0.896808340160765 0.7399813340161222 0.05567211124870504 0.05561480032431163
28 0.9023455566623191 0.8054563295518953 0.06228598428423453 0.06353639448011279
28 0.89358279446121 0.6081137252498243 0.03939213978475209 0.04127956493480802
28 0.8915686842459621 0.5675569090972001 0.03924659057054072 0.0381545649348082
28 0.30775014826631686 0.683130505278301 0.1179195541766104 0.08480346834337489
28 0.3128507171252357 0.7579805008140742 0.11799232878371627 0.08636596834337489
28 0.32089434946638995 0.8366821992719465 0.11196065260503385 0.09094437418757347
28 0.3271571579862266 0.9200986712687694 0.10422092721213971 0.09237050649282175
28 0.4889016408227188 0.7994025673737355 0.09288101282028158 0.05001936525911965
28 0.49333227564507237 0.8383559732179341 0.089537688998964 0.04527731818121907
28 0.4867248647678709 0.7455781379905865 0.0905565334984459 0.06715231818121907
28 0.49959723821768487 0.8882059687537073 0.0936815334984459 0.06720686525912001
28 0.5785872646823085 0.14758492289362252 0.08833906203449331 0.05306254464226869
28 0.5809095899513681 0.1982843522767715 0.08848461124870503 0.056187544642268696
28 0.5971573664205007 0.4025218388840909 0.10007708271265763 0.07044095941492112
28 0.593000713401182 0.3409258198093674 0.09695208271265762 0.07038641233702041
28 0.5859395382559569 0.24113037135149495 0.09026543507002245 0.06090231818121907
28 0.6364872702683889 0.7648212414818787 0.08198205417661039 0.08417617694751697
28 0.5842251426802364 0.06005764935467217 0.06126713978475227 0.041661394480112926
28 0.58787452750259 0.09902469196834598 0.058142139784752446 0.04160684740221225
28 0.6505625787882254 0.8481013457839499 0.08056510339082212 0.08727390340856686
28 0.6387475911942223 0.6492507885597794 0.06490156203449331 0.05265344155801355
28 0.6434500537668348 0.6991280576345028 0.06326628742738745 0.05106366801906326
28 0.7885720010379665 0.8347637743563198 0.05716183664159917 0.054079573863261746
28 0.7846871757689069 0.7840916185121212 0.06021406203449331 0.0525716209411625