28 0.7882114032091879 0.8330075933095669 0.05015048620519025 0.0644100098858317
28 0.7035055325624014 0.8450711946021613 0.04423467887824373 0.04078150889724839
28 0.6655142096316231 0.8372242025108265 0.042672178878243726 0.04071784190105419
28 0.15197293079880775 0.7336653927759066 0.08681832654882311 0.10956068380210837
28 0.21619588308279986 0.7490556294300337 0.08690021370395284 0.11112318380210837
28 0.28029600463409743 0.7621021160841609 0.08870837516934209 0.11587435079830258
28 0.3451773761853949 0.7751167692401909 0.09183337516934209 0.11600168479069133
28 0.41260721562451685 0.7919421719019292 0.08870837516934209 0.11587435079830292
28 0.5196284995457148 0.832207733156905 0.06980124491161739 0.08236151384016459
28 0.46502620872711187 0.8211229945256114 0.07300813206674714 0.08405134783255334
28 0.5660464761399664 0.8514551402672677 0.05483798620519007 0.06460101087441501
28 0.6136175169585693 0.862826380381436 0.05968926051544958 0.06791701186299832
28 0.7395968407938589 0.8913586041839817 0.05171298620519007 0.06447367688202625
28 0.7800138008797672 0.9006725957810249 0.05343926051544941 0.06766234387822045
28 0.6529632999752562 0.8815790389746733 0.04604284034363317 0.04553267589344294
28 0.6956830664835995 0.8900162800774247 0.049167840343633175 0.0456600098858317
28 0.2788497755534549 0.24152036064695345 0.07925813206674714 0.08430601581733077
28 0.3422505342598822 0.25616118079917777 0.08254690637700665 0.08755834980971962
28 0.41272348654387436 0.27129674946852733 0.07917624491161739 0.08274351581733078
28 0.4764108502932558 0.29140631962075175 0.08213747060135787 0.07974584980971962
28 0.12767785843385612 0.5240503122435589 0.13763055404758595 0.15684686068413461
28 0.21360539235505405 0.565175377947159 0.09126016508343389 0.1050641847906915
28 0.2889296189493057 0.5832449456279254 0.0929864393936934 0.10825285178688589
28 0.363595426276252 0.603690096806789 0.0943851650834338 0.10519151878308027
28 0.4376028143358929 0.6265108314837498 0.08731629353213641 0.08931185079830276