28 0.2250000993513294 0.7394402707826513 0.06350199400955019 0.07379202400410509
28 0.23524068410505244 0.8090169725780493 0.058541675497895976 0.06595225292686635
28 0.21001745089527546 0.6682737979100143 0.06010417549789595 0.06596134328594587
28 0.20163206513791126 0.8978658491396784 0.09077382213985137 0.09425906010845857
28 0.14687012095087576 0.6046380239059091 0.09346231252120454 0.08177724082661797
28 0.20885677729629606 0.969908499901804 0.09275298439090333 0.06018300019639185
28 0.14857151940692973 0.6757272287263694 0.07131449400955021 0.07383747579950324
28 0.1754118163190376 0.818041993753484 0.07142362141421196 0.07696247579950324
28 0.16269107230948737 0.7445454064194665 0.07622024881887364 0.08011474687674199
28 0.3410417616023814 0.7073095477136226 0.10634425843752045 0.09278746369925486
28 0.36779277847742237 0.8918027223816576 0.09724207694917482 0.10054542154477701
28 0.3529366155933982 0.8018907946885605 0.10214783175849824 0.10682269262201594
28 0.3198091131463275 0.6361067134046672 0.08214286660488854 0.07077610831306043
28 0.2978770602437698 0.567243083916172 0.0613938569862416 0.058157933645025396
28 0.2844296299365504 0.49530445140261464 0.05665179328391083 0.05656816256778665
28 0.2755159322061359 0.44135729478675634 0.0567063569862416 0.05813066256778665
28 0.2572272344757214 0.3873555960164204 0.03623016587924912 0.05332498789975162