28 0.4278083636309713 0.7899089451560988 0.13011596834337485 0.11480790944452864
28 0.4360691026739227 0.6813742824901162 0.13162392126547412 0.11169199980360833
28 0.4518229675293006 0.46508166197861145 0.12838982710967278 0.10542381908544911
28 0.460783135955401 0.35186404449216874 0.13159664772652385 0.11012949980360834
28 0.4442343843305479 0.5673708698241338 0.13315914772652385 0.11013859016268786
28 0.42051978936067236 0.9093856530016209 0.13485801542127546 0.11796018052176756
28 0.4728819411509765 0.23944585772388532 0.1158898271096728 0.10535109621281206
28 0.4851307508107789 0.13562142095560187 0.10338982710967279 0.10527837334017516
28 0.6665070304355138 0.41242988153159865 0.07765344155801372 0.06294542759490121
28 0.6708166550301244 0.3460554477883774 0.07932503571381488 0.0692045179539809
28 0.678763748375147 0.21955203512239488 0.07929776217486459 0.06764201795398088
28 0.6751944634721109 0.283587264045156 0.07765344155801354 0.0629454275949013
28 0.6577650503210163 0.5381474990180413 0.07921594155801355 0.06295451795398073
28 0.6621428587630026 0.47567931527482 0.07921594155801373 0.06295451795398091