28 0.14860435814833312 0.23217721662612104 0.056909279569504576 0.08155907220870698
28 0.19282739309452118 0.22227549668035032 0.061887877997927984 0.08783634328594588
28 0.7881206224163568 0.24293096866922448 0.05294952564056317 0.09715680113146812
28 0.8173543581483331 0.23606789031219738 0.056147300247668855 0.09873748184962741
28 0.8528380938803096 0.2292411733914888 0.05458480024766885 0.09872839149054773
28 0.03358501799207729 0.41984032220870704 0.03543238585581086 0.05644089754067192
28 0.05880334181339486 0.4152982679539809 0.03543238585581088 0.05644089754067192
28 0.012205612594003181 0.42671703610435346 0.024411225188006362 0.05644089754067205
28 0.09422711145810199 0.4936505269309713 0.03528683664159917 0.0533158975406721
28 0.14150237179718422 0.4853294877033599 0.03372433664159917 0.0533068071815924
28 0.11791932258297248 0.4883181323171656 0.03528683664159917 0.05331589754067192
28 0.6949056617057711 0.3986809989198455 0.028309090570540717 0.03765453610435347
28 0.7178166228306415 0.39334405912649995 0.02987159057054072 0.03766362646343309
28 0.17445826695862 0.5159982256031114 0.060179828783716305 0.08470225292686635
28 0.21470227729770222 0.5076362797596417 0.06032537799792799 0.08782725292686618
28 0.06835166212005576 0.545857921544777 0.045607906533975305 0.07368293969514958
28 0.04153445099518527 0.5511721354404235 0.042410131926869446 0.07210225897699055
28 0.5437219973139128 0.44000036962774197 0.0560017510334573 0.09561248184962742
28 0.5768255957423363 0.43394126716841397 0.0575642510334573 0.09562157220870696
28 0.3925747202256077 0.48053849033563856 0.056690955748187034 0.07687157220870695
28 0.09718513751294991 0.54758859318775 0.03223461124870501 0.0548602168225127
28 0.1461320597626909 0.5369328943192182 0.03528683664159917 0.05331589754067192
28 0.12087734863782043 0.5422561985739442 0.035359611248705035 0.0548783975406721
28 0.32533156224389026 0.49812090007475474 0.04680653349844599 0.06587953005422928
28 0.6111278211352305 0.4357037550681656 0.04731595574818712 0.07681703005422928
28 0.3583987733687608 0.4928430476154267 0.045171258891340216 0.06430793969514959
28 0.642596144956548 0.4311980622497579 0.04746150496239867 0.07994203005422928
28 0.6726475179920772 0.42355827907227067 0.04731595574818712 0.07681703005422928
28 0.4758966424753487 0.47008277936685816 0.04531680810555194 0.06743293969514959
28 0.5105627409037721 0.4640327672666098 0.05178513192686936 0.07215680113146802
28 0.7310229441707597 0.4285866675377563 0.028381865177646404 0.039217036104353474
28 0.7072943457423363 0.4347003121515621 0.02830909057054054 0.03765453610435347