28 0.7515625 0.84921875 0.03515625 0.0640625
28 0.71484375 0.85 0.0328125 0.0625
28 0.675 0.8515625 0.03515625 0.06015625
28 0.7875 0.8578125 0.02890625 0.04296875
28 0.8234375 0.859375 0.03125 0.04453125
28 0.8609375 0.859375 0.03125 0.04296875
28 0.8265625 0.1125 0.05078125 0.07421875
28 0.771875 0.1140625 0.05078125 0.07421875
28 0.8796875 0.1140625 0.053125 0.07421875
28 0.834375 0.38515625 0.06640625 0.0796875
28 0.7640625 0.3859375 0.06640625 0.078125
28 0.69375 0.38828125 0.06640625 0.0796875
28 0.6234375 0.3921875 0.06484375 0.07109375
28 0.54140625 0.3953125 0.0671875 0.06640625
28 0.47734375 0.3984375 0.0671875 0.06640625
28 0.409375 0.4 0.05078125 0.05859375
28 0.2953125 0.4015625 0.053125 0.05546875
28 0.35 0.403125 0.05078125 0.05625
28 0.25234375 0.40546875 0.0328125 0.0484375
28 0.21640625 0.40625 0.0359375 0.046875
28 0.1765625 0.4078125 0.0375 0.053125
28 0.809375 0.50078125 0.05078125 0.0796875
28 0.75 0.5015625 0.05625 0.078125
28 0.690625 0.50234375 0.05625 0.0796875
28 0.5609375 0.51171875 0.05078125 0.0609375
28 0.5078125 0.5125 0.046875 0.06484375
28 0.459375 0.5140625 0.04453125 0.0625
28 0.3953125 0.5203125 0.053125 0.04921875
28 0.278125 0.52109375 0.053125 0.0515625
28 0.33671875 0.52109375 0.0578125 0.0484375
28 0.15234375 0.521875 0.0328125 0.046875
28 0.2296875 0.5234375 0.03515625 0.04453125
28 0.190625 0.52421875 0.03515625 0.0453125
28 0.85703125 0.525 0.0328125 0.02734375
28 0.7796875 0.7109375 0.040625 0.07421875
28 0.82734375 0.7125 0.0421875 0.07421875
28 0.540625 0.721875 0.04296875 0.05625
28 0.49375 0.72265625 0.04296875 0.0578125
28 0.58515625 0.7234375 0.0453125 0.05546875