28 0.259375 0.384375 0.0625 0.05078125
28 0.325 0.384375 0.05546875 0.05078125
28 0.3953125 0.38671875 0.05546875 0.0484375
28 0.4625 0.3875 0.05546875 0.04921875
28 0.5265625 0.38671875 0.05625 0.0484375
28 0.5921875 0.3875 0.05625 0.046875
28 0.6609375 0.3890625 0.05625 0.046875
28 0.72109375 0.38828125 0.0515625 0.0484375
28 0.784375 0.38984375 0.05390625 0.0484375
28 0.91015625 0.390625 0.0515625 0.04921875
28 0.8484375 0.39140625 0.05625 0.0484375
28 0.9671875 0.39296875 0.05390625 0.0515625
28 0.9296875 0.4640625 0.04296875 0.015625
28 0.88984375 0.46484375 0.0328125 0.0140625
28 0.65234375 0.4796875 0.0453125 0.03828125
28 0.7046875 0.48125 0.04296875 0.0375
28 0.7546875 0.48125 0.046875 0.0375
28 0.85390625 0.48125 0.0484375 0.0375
28 0.8015625 0.4828125 0.04296875 0.0375
28 0.9375 0.48984375 0.04296875 0.0203125
28 0.8984375 0.490625 0.03828125 0.01796875
28 0.8890625 0.6296875 0.03359375 0.03515625
28 0.846875 0.63125 0.0375 0.03515625
28 0.80625 0.63125 0.0375 0.03515625
28 0.7625 0.63203125 0.040625 0.0328125
28 0.6859375 0.6671875 0.06875 0.06640625
28 0.5515625 0.6671875 0.06484375 0.06640625
28 0.61875 0.6671875 0.05859375 0.06640625
28 0.484375 0.6671875 0.05390625 0.06640625
28 0.909375 0.6765625 0.040625 0.03828125
28 0.86875 0.678125 0.0375 0.03984375
28 0.7828125 0.678125 0.03828125 0.03828125
28 0.825 0.6796875 0.0375 0.0375
28 0.7390625 0.68125 0.0375 0.0375
28 0.20703125 0.68359375 0.0734375 0.0515625
28 0.13046875 0.6859375 0.0734375 0.053125
28 0.053125 0.6859375 0.07578125 0.05546875