28 0.8460407173767553 0.19935694312327965 0.04160917984777583 0.06454717887824382
28 0.7589691403044487 0.16504281885844865 0.04046317391627667 0.03642217887824382
28 0.7167498068063515 0.16361311566994535 0.038900673916276676 0.03634029172311406
28 0.13990080532347673 0.14042800542706693 0.07301568874502422 0.10829053482570909
28 0.2126843893158655 0.1411107581406004 0.07158052273741297 0.11133364767057934
28 0.2837781393158655 0.1448366236990041 0.07327035672980182 0.1145405348257091
28 0.3573111398101571 0.14634156999010242 0.07639535672980173 0.1147043091359686
28 0.4332515573006431 0.14640684701389542 0.07183519072219066 0.11758364767057934
28 0.5575803952473646 0.1310009322691458 0.057934516805913994 0.0825535504295413
28 0.49661106174926734 0.12858858321908548 0.06262201680591399 0.08279921189493057
28 0.6127453977188224 0.1221482326986871 0.0477318458553869 0.0617497274987628
28 0.6667471482131141 0.12262958955066354 0.052610346843970035 0.06668288896415206
28 0.8091574826997945 0.12461257066747096 0.04317167984777574 0.06462906603337357
28 0.8545336496959888 0.12542479816623378 0.043299013840164234 0.06775406603337353
28 0.7133820676807664 0.11176401062699122 0.040654174904859806 0.04110967887824381
28 0.7610701511788636 0.11348031885844864 0.04377917490485981 0.04127345318850332
28 0.159200020191593 0.7043577086155702 0.07037084980971957 0.08164614767057934
28 0.23120235418398175 0.7049995177515388 0.07362318380210837 0.08493492198083885
28 0.3101722711801761 0.7075723190855913 0.07186968281352524 0.08016553482570891
28 0.3839917731573425 0.7020460153766896 0.07630251482874764 0.07416119629109837
28 0.06364075836577593 0.35956310775648764 0.12160969764227281 0.15293464947960161
28 0.1646912638029834 0.3390226356847917 0.08057352076024667 0.10244997060135788
28 0.2508515982896638 0.3380576792169281 0.08070085475263547 0.10557497060135787
28 0.33629434977253847 0.3354892791714995 0.08369852076024671 0.10261374491161739
28 0.42101951825160766 0.3313174355485061 0.07993685079830275 0.08682497060135788