28 0.6462317183653384 0.1727803457231323 0.08248884783255335 0.07153274881887364
28 0.7209916378329908 0.16209087158384797 0.07598417984777565 0.06506449400955021
28 0.5685696333843665 0.17789194245775494 0.07611151384016442 0.06818949400955021
28 0.8048519846769608 0.10086568410505245 0.10707235376405215 0.10047620435383649
28 0.48679039277590663 0.13044153438305417 0.09469968775644108 0.10316469473518963
28 0.8939609056274879 0.08363603328674582 0.09463602076024671 0.10160219473518964
28 0.5603379807226281 0.11110374654143895 0.08436968281352523 0.0793998125212045
28 0.715821318175058 0.09697430307219368 0.08749468281352524 0.0795089399258662
28 0.6365012326997944 0.10437508610448547 0.09074701680591399 0.08274306733052791
28 0.6424461906850094 0.3040849094254631 0.10614652372599628 0.11604664065150558
28 0.8407218646012862 0.27658493591915095 0.11357702174883003 0.10694445916315995
28 0.7424607781374395 0.28801845452347247 0.12164418973360754 0.11346727767481415
28 0.5626950236888151 0.30286466060658956 0.08325285178688588 0.09028274881887359
28 0.48538310718691235 0.29938250734121213 0.06673651384016441 0.06786211179556512
28 0.4076255217116488 0.3068378540758348 0.06654551285158128 0.06317461179556512
28 0.3486497697344825 0.31416671523842765 0.06654551285158128 0.06317461179556502
28 0.2885571867306768 0.31050351269868975 0.0625291749048598 0.041190484390903406