28 0.9814631123846063 0.7703733691614536 0.037073775230787476 0.07116934585538673
28 0.9308607415184355 0.7662323558155808 0.06570208271265798 0.07129667984777566
28 0.8741569772504117 0.7709397604544854 0.05247433664159899 0.05516234387822046
28 0.8146364280362001 0.7653954145990985 0.055599336641598995 0.05528967787060921
28 0.7574960161255413 0.7607278192380033 0.05567211124870504 0.05685217787060921
28 0.7028085161255413 0.7584994743711995 0.055599336641599176 0.05528967787060921
28 0.5916526923042237 0.7492916176413977 0.05083906203449331 0.053536176882026255
28 0.6465585161255413 0.7562074625082015 0.057234611248705033 0.05691584486680377
28 0.5391997803935649 0.7448150232688857 0.057161836641599 0.055353344866803766
28 0.898365072783351 0.8888912644088179 0.09008565260503403 0.09256418479069169
28 0.8084849354797982 0.8844491621276406 0.0930651033908223 0.08956651878308045
28 0.626834675140716 0.8684700405690912 0.0930651033908223 0.08956651878308008
28 0.7121728616584806 0.8758461418616855 0.08830482878371626 0.08781301779449713
28 0.5425688370513747 0.867375772774594 0.0846704065339754 0.07674818380210838
28 0.3787246608726923 0.865378238174183 0.08550516046291676 0.06118685079830257
28 0.460120210086904 0.8718139219762915 0.07903683664159918 0.05624468281352506
28 0.2942768862655864 0.860377720379686 0.0852140620344933 0.05493685079830257
28 0.9822797305601807 0.9937499303792482 0.035440538879638696 0.012500139241503661
28 0.921228992137608 0.9927485044858052 0.08819351282028158 0.014502991028389544
28 0.8329113548340551 0.9901209115961681 0.09295378742738754 0.01975817680766383
28 0.4630162317985257 0.9760153312923755 0.08721320967712849 0.04796933741524896
28 0.5522606683162904 0.98051646543677 0.09175516046291676 0.038967069126460176
28 0.7424319040482668 0.9914632357027251 0.086412688998964 0.017073528594549713
28 0.6470830167447138 0.9886764753226018 0.09273546360606985 0.022647049354796424
28 0.3771151191020786 0.9765764053989325 0.08997433664159918 0.04684718920213484
28 0.2871258198878669 0.9740124795054896 0.08514128742738744 0.05197504098902073
28 0.7534527173256143 0.6069489032303921 0.08049232878371626 0.08749468281352524
28 0.9774519506810897 0.6260012866519395 0.0450960986378206 0.09342634783255317
28 0.9092853403611436 0.621096269351734 0.08376287799792799 0.09074701680591399
28 0.8317960411469318 0.6148197530401116 0.08078342721213971 0.09374468281352506
28 0.862125704091048 0.713526508477319 0.048985463606069854 0.047222509885831696
28 0.8026415421803892 0.7087634126219322 0.050547963606069855 0.04728617688202626
28 0.747209179483942 0.7072844842570313 0.05069351282028158 0.05041117688202608
28 0.6915221056626246 0.7003368058921303 0.052328787427387446 0.052037343878220454