28 0.08515625 0.765625 0.0359375 0.05625
28 0.2078125 0.7671875 0.03359375 0.053125
28 0.12734375 0.7671875 0.0359375 0.05390625
28 0.165625 0.7703125 0.03359375 0.053125
28 0.396875 0.76875 0.03828125 0.05078125
28 0.346875 0.76875 0.03828125 0.05078125
28 0.25234375 0.77109375 0.0421875 0.0515625
28 0.3015625 0.7703125 0.0375 0.053125
28 0.0875 0.8953125 0.03984375 0.03359375
28 0.128125 0.9 0.0375 0.03125
28 0.60546875 0.915625 0.0640625 0.05859375
28 0.4078125 0.91796875 0.06015625 0.0609375
28 0.47265625 0.91796875 0.0578125 0.0609375
28 0.53671875 0.9171875 0.0609375 0.06015625
28 0.7515625 0.91875 0.0625 0.05859375
28 0.68046875 0.91875 0.0640625 0.05859375
28 0.34296875 0.91875 0.0609375 0.05859375
28 0.090625 0.9296875 0.03984375 0.03515625
28 0.1328125 0.9328125 0.0375 0.03515625
28 0.4078125 0.18984375 0.08203125 0.0953125
28 0.075 0.1921875 0.08046875 0.09765625
28 0.49140625 0.1890625 0.0765625 0.09765625
28 0.325 0.1921875 0.07421875 0.0875
28 0.1578125 0.19453125 0.08203125 0.0953125
28 0.24453125 0.19296875 0.0765625 0.0890625
28 0.08046875 0.33984375 0.0640625 0.0890625
28 0.14375 0.34453125 0.05078125 0.0796875
28 0.3296875 0.3453125 0.05546875 0.07578125
28 0.453125 0.3453125 0.05546875 0.078125
28 0.2046875 0.34609375 0.053125 0.0765625
28 0.3921875 0.34609375 0.053125 0.0796875
28 0.2640625 0.3453125 0.05078125 0.08046875
28 0.215625 0.47265625 0.053125 0.0984375
28 0.15 0.4734375 0.05078125 0.1
28 0.2765625 0.4734375 0.05078125 0.1
28 0.33828125 0.471875 0.0515625 0.09765625
28 0.0921875 0.47578125 0.05078125 0.0984375
28 0.4 0.47578125 0.053125 0.0984375
28 0.696875 0.478125 0.03984375 0.08203125
28 0.546875 0.4796875 0.040625 0.08203125
28 0.4515625 0.4796875 0.04453125 0.08203125
28 0.64609375 0.48125 0.0421875 0.084375
28 0.5 0.48125 0.04296875 0.08046875
28 0.596875 0.4796875 0.04296875 0.08203125