28 0.2997094611371218 0.3390625 0.08701191818411544 0.090625
28 0.3113576664682559 0.4171875 0.08522209765100204 0.0828125
28 0.3260854076927672 0.49375 0.08839256175762475 0.084375
28 0.3511261747815261 0.65625 0.08843802586424747 0.0859375
28 0.33943250534376934 0.5765625 0.08683006175762475 0.084375
28 0.3830246956312086 0.7859375 0.06266513605166182 0.059375
28 0.3741748813663014 0.7234375 0.06431856426490726 0.0625
28 0.3775352812745238 0.19453125 0.05935827962517113 0.053125
28 0.3945756802583094 0.296875 0.05926735141192578 0.05
28 0.38606684679307224 0.24609375 0.06413670783841648 0.05625
28 0.4224603025199178 0.4765625 0.05999477711788868 0.075
28 0.4720871956312086 0.7859375 0.05297188730530315 0.0484375
28 0.482689726510021 0.828125 0.05279003087881247 0.0421875
28 0.5135592932822106 0.86875 0.04029003087881229 0.0421875
28 0.5268154627199675 0.9484375 0.040290030878812465 0.0421875
28 0.5200737177345324 0.9046875 0.03711956677218975 0.040625
28 0.4475475675636125 0.3453125 0.07677310015828454 0.0609375
28 0.4579144177218971 0.40625 0.07838106426490725 0.0625
28 0.5085953454729241 0.725 0.07373902837152997 0.0640625
28 0.49985919147457347 0.66640625 0.07070495658477541 0.0671875
28 0.491904287476223 0.6078125 0.07516513605166182 0.059375
28 0.43891906215333626 0.23671875 0.056142351411925875 0.05
28 0.43279944279472177 0.1875 0.061011707838416564 0.05625
28 0.475403446093427 0.4703125 0.06146634890464338 0.071875
28 0.4473824315119506 0.2859375 0.059358279625171304 0.053125
28 0.5233996430447838 0.77734375 0.05288095909205772 0.0453125
28 0.48850049115800437 0.54453125 0.05673338479802066 0.0703125
28 0.5301868521368416 0.82265625 0.05288095909205772 0.0453125
28 0.5453859548024086 0.86171875 0.03215928213245363 0.03125
28 0.557125088346788 0.94296875 0.033949102665567034 0.0390625
28 0.554289593361353 0.89921875 0.035511602665567035 0.0390625
28 0.522490080100025 0.2359375 0.06064799498543501 0.04375
28 0.5783656585506971 0.33046875 0.10186402837152997 0.0640625
28 0.6437205032321983 0.75078125 0.09271634890464338 0.071875
28 0.5807201172470433 0.2234375 0.06230142319868044 0.046875