28 0.6045252934310239 0.8158627484171543 0.06120112041330898 0.04708560015828454
28 0.6018770164018568 0.8682746945770884 0.06122839149054773 0.051773100158284534
28 0.5991787423977517 0.9292803907370224 0.06125566256778665 0.05646060015828454
28 0.5564968595896067 0.7469596357224575 0.09905564441741391 0.10911423871722903
28 0.5602672750842596 0.6359312075092122 0.0974931444174139 0.10906877461060631
28 0.5755534701421624 0.15666124465623069 0.0848204275949012 0.07901756175762475
28 0.5585825761175318 0.5227181536691461 0.07716246369925486 0.10535274122451135
28 0.5342259080887962 0.9499171511618638 0.06439884328594588 0.059676528371529966
28 0.5547859313073344 0.3697295459890142 0.0597295240041051 0.06266513605166191
28 0.5369196369133615 0.8896927050019297 0.06438066256778648 0.05655152837152997
28 0.5372696157379269 0.8295364550019297 0.06435339149054772 0.051864028371529966
28 0.5520694765850701 0.43386024214894814 0.0597204336450254 0.061102636051661816
28 0.5575342022863774 0.3001300998290802 0.059747704722264317 0.06579013605166191
28 0.5681909429166035 0.07954481518934406 0.0644079336450254 0.061239028371529926
28 0.5602688377268009 0.2328744036691462 0.0644170240041051 0.06280152837152997
28 0.3991474470218201 0.8062162784380369 0.10674996974937896 0.08902905925034225
28 0.394650323681645 0.9078924387045937 0.10679542154477702 0.09684155925034262
28 0.40205479928475646 0.7092730822781028 0.10679542154477706 0.09684155925034225
28 0.4065382870863122 0.6099406720115462 0.10672269867214013 0.08434155925034226
28 0.4161330183467643 0.16911108353174414 0.09748405405833438 0.10750627461060622
28 0.41990343384141715 0.059444887338556615 0.09912836729005096 0.11888977467711323
28 0.3968774616561513 0.5250799387045937 0.07549087939029935 0.08655727711788863
28 0.40022569633444904 0.3523554925446596 0.07547269867214013 0.08343227711788873
28 0.3973819765850701 0.4383611887045936 0.0754545179539809 0.08030727711788863
28 0.4022972564429077 0.2648100284380369 0.072374969749379 0.08802884890464338
28 0.2367469200908488 0.9281093134734844 0.09424996974937896 0.08866534639736087
28 0.24118495609700644 0.8365894032069278 0.09734769867214013 0.08406877461060622
28 0.24482810656454465 0.7474359749936823 0.09737496974937895 0.08875627461060631
28 0.24847580221162263 0.6575012967804369 0.09734769867214013 0.08406877461060631
28 0.24036384124284238 0.5749388493668618 0.07857951795398091 0.08039820533113406
28 0.24394335919682328 0.49672292115361644 0.08010565651766237 0.07419366943775678
28 0.24673708197126434 0.41931097499368236 0.07852497579950324 0.07102320533113407