28 0.873888934932952 0.7465730325664609 0.036701219414791805 0.034695904567984215
28 0.841984971502084 0.7537204692466208 0.03513871941479181 0.034614017412854636
28 0.8062474932535771 0.764197623814605 0.038227351823611144 0.033215291723114146
28 0.7727992136182993 0.7722081976498947 0.03350348423243048 0.0314071302577247
28 0.7377884339830215 0.7803006586403141 0.03506598423243048 0.031489017412854634
28 0.6747981247124659 0.7961170884230692 0.03350348423243048 0.0314071302577247
28 0.7075197057345146 0.7904912081653442 0.03357621941479163 0.034532130257724704
28 0.8949651543477437 0.7783209995497741 0.03350348423243048 0.0314071302577247
28 0.8039953154419104 0.8018613981248646 0.036701219414791805 0.034695904567984215
28 0.8359174626683687 0.7954952114447046 0.03350348423243048 0.0314071302577247
28 0.8654776760992368 0.7884706054972395 0.03350348423243048 0.0314071302577247
28 0.7752709033978131 0.8111888104947649 0.03350348423243048 0.03140713025772479
28 0.7137885427404868 0.8245796031223902 0.03350348423243048 0.0314071302577247
28 0.7418044399669451 0.8184181343300547 0.03350348423243048 0.0314071302577247
28 0.6842283293096187 0.8316042090698555 0.027289851823611145 0.03264208163720568
28 0.910736277922848 0.8173868215760415 0.04135235182361115 0.033379066033373664
28 0.8742175496743411 0.8279049197215906 0.03513871941479181 0.034614017412854636
28 0.8368630200390633 0.8361202114447046 0.03350348423243048 0.0314071302577247
28 0.8042505417905563 0.8464335917024293 0.03506598423243048 0.03148901741285428
28 0.7334295487244106 0.8618782072608331 0.03357621941479181 0.034532130257724704
28 0.697655702884723 0.8707928618288175 0.03350348423243048 0.0314071302577247
28 0.7668960121552786 0.8546488834255435 0.03506598423243048 0.031489017412854634
28 0.7454612364166321 0.13536329489093274 0.03899107123840295 0.06602779172311406
28 0.7151925081681252 0.1455538444159629 0.034267203647222286 0.06421963025772479
28 0.6863771771460765 0.1509750067858633 0.035866071238402776 0.06586401741285455
28 0.6303999340799307 0.1656416943705344 0.034267203647222286 0.06421963025772479
28 0.6583794637152085 0.15791772557819886 0.035793336056041625 0.06273901741285455
28 0.5720607572181946 0.17964996268790007 0.03899107123840295 0.06602779172311406
28 0.602420404444653 0.1733656631628699 0.03590243882958326 0.06742651741285455
28 0.18708961122600726 0.37582111431520826 0.03546602773541672 0.048676517412854545
28 0.2921771547289934 0.3875221749215149 0.04687630642076392 0.06956222749876276
28 0.22215559545843783 0.4037070969023537 0.04215243882958344 0.06775406603337361
28 0.2594555737069448 0.39314805517923973 0.04375130642076393 0.06939845318850324
28 0.18967040377906286 0.4194892271600786 0.03855466014423614 0.0472777917231141
28 0.7896151991819101 0.3520661160126889 0.05457970364722229 0.06528416327441153
28 0.7476095371378129 0.36208956920119223 0.051381968464861136 0.06199538896415202
28 0.5803499551658338 0.40136118837764057 0.05149107123840295 0.06668288896415202
28 0.6215925510055211 0.39215992876670214 0.05305357123840278 0.06676477611928178
28 0.47766136626000033 0.42551574061620423 0.06406380642076392 0.07046298620519006
28 0.5336749769173268 0.4124115530315331 0.06406380642076392 0.07046298620519006
28 0.7056402426848962 0.3736755223896956 0.05294446846486114 0.06207727611928178
28 0.6621084482319796 0.3853433627333286 0.051381968464861136 0.06199538896415211
28 0.4217204907850351 0.4417449282008753 0.06406380642076392 0.07046298620519006
28 0.5800246064763546 0.4882027691103351 0.035756968464861136 0.06117651741285464
28 0.6983927467689588 0.46557309532047403 0.05461607123840295 0.06684666327441172
28 0.6564052685204518 0.4763777985089773 0.05461607123840277 0.06684666327441154
28 0.5513001944322574 0.49753018148023553 0.03742857123840278 0.06594590456798421
28 0.5263911134102088 0.5027466259623117 0.03902743882958344 0.06759029172311397
28 0.615144488885174 0.4847978081199158 0.05145470364722229 0.06512038896415202
28 0.4735570541396532 0.5180307892367232 0.03891833605604163 0.06290279172311415
28 0.5015547675705212 0.5110880704443878 0.03899107123840295 0.06602779172311415
28 0.43080650968673656 0.5296576860027914 0.0623558360560418 0.06413109905006031
28 0.3234667883720838 0.5556203997067443 0.059230836056041715 0.0639673247398008
28 0.37873551662059074 0.544119655699638 0.06224673328249999 0.05944359905006032
28 0.8239752814382296 0.5176568164876587 0.06057513050895835 0.05467421189493056
28 0.7173804425323963 0.5420160866140468 0.04960126291777787 0.05253850180902227
28 0.7687611045764935 0.5315013104947649 0.0590853656913195 0.057717324739800804
28 0.6754293318750699 0.5543832898025501 0.041643292553055565 0.04587906603337366
28 0.6116395888089241 0.56945941316287 0.03691942496187508 0.044070904567984216
28 0.6427441184442019 0.5615716700602749 0.04004442496187508 0.04423467887824373
28 0.5774464267648269 0.5790734305757244 0.03684668977951393 0.04094590456798421
28 0.5456151985163199 0.5893458672558843 0.03528418977951375 0.040864017412854635
28 0.8391840137707991 0.5997732756690558 0.038554660144236405 0.04727779172311415
28 0.7715243882958338 0.6166166169172002 0.03851829255305557 0.04571529172311415
28 0.7373130424561463 0.6254493843300546 0.04011716014423605 0.04735967887824373
28 0.8081340355222922 0.610004768771651 0.03702852773541672 0.04875840456798421
28 0.7046460128208686 0.6334190145877795 0.03695579255305557 0.04563340456798422
28 0.6719971669811811 0.6421698948455041 0.04011716014423605 0.04735967887824373
28 0.6393301373459034 0.650139525103229 0.041679660144236054 0.04744156603337366
28 0.6042648063238547 0.6558882360936484 0.03699216014423605 0.04719590456798421
28 0.8513768488769102 0.6867410091607125 0.05287173328250035 0.05895227611928178
28 0.8078996058107645 0.7007525995043455 0.05127286569131968 0.0573078889641522
28 0.7596621275622576 0.7118848513133679 0.04967399810013902 0.05566350180902226
28 0.6212360604079172 0.7465165581199158 0.052798998100139015 0.055827276119281774
28 0.7146223844961117 0.7259783288121306 0.052798998100139015 0.055827276119281774
28 0.5745792659550008 0.7583481727738084 0.052798998100139015 0.055827276119281774
28 0.6695099062476049 0.7369468063108935 0.052798998100139015 0.055827276119281774