28 0.7016873146406548 0.8917793603845604 0.03564833992388792 0.03185001785690744
28 0.669065815629238 0.8865191160666033 0.03571200692008212 0.033412517856907444
28 0.6300988161235296 0.8834935275928448 0.040399506920082116 0.03349433847375849
28 0.5951017336140156 0.8789736229664623 0.03564833992388792 0.03185001785690744
28 0.5577927346025987 0.8736315580316539 0.03721083992388792 0.03187729139585756
28 0.4916729860854735 0.8654411826262646 0.03408583992388792 0.03182274431795733
28 0.5249802346025987 0.873058813713697 0.03408583992388792 0.03182274431795733
28 0.710251889735795 0.9310191383877378 0.03408583992388792 0.03182274431795733
28 0.6137588917129614 0.9199531789728166 0.03564833992388792 0.03185001785690744
28 0.647129807226281 0.926008310060249 0.03564833992388792 0.03185001785690744
28 0.6782524732338923 0.9296787808392558 0.03402217292769336 0.03026024431795733
28 0.5825725587091558 0.9178452081938098 0.03408583992388792 0.03182274431795733
28 0.5180789771882249 0.9081196063273707 0.035584672927693364 0.03028751785690744
28 0.547607309697739 0.9125440535674272 0.03245967292769336 0.030232970779006507
28 0.4869881446787108 0.903667885548364 0.02789950692008212 0.03327615016215546
28 0.710812963842352 0.9748100486961633 0.04189833992388792 0.0319591120127086
28 0.6718777978347408 0.9710032102224048 0.03564833992388792 0.03185001785690744
28 0.6337557153252268 0.9664287585181214 0.035584672927693364 0.03028751785690744
28 0.5979137158195185 0.9634577171222635 0.03564833992388792 0.03185001785690744
28 0.524108801294782 0.9520059740221225 0.03408583992388792 0.03182274431795733
28 0.4859867187852679 0.947431522317839 0.03564833992388792 0.03185001785690744
28 0.5590422168081016 0.9580883786485049 0.03564833992388792 0.03185001785690744
28 0.8024552020537161 0.2415123534847016 0.04011034684397004 0.0647170649348082
28 0.7696745355518132 0.2401583591667445 0.035422846843970034 0.06463524431795716
28 0.7401462030422993 0.23573391192668805 0.03548651384016459 0.06619774431795715
28 0.6809940375289796 0.22922876744657508 0.035486513840164415 0.06619774431795715
28 0.710586037034688 0.23209071468663156 0.036921679847775654 0.06310001785690744
28 0.6179992890118544 0.22109293911908634 0.038547846843970036 0.06468979139585782
28 0.6506526215213684 0.22557193343704346 0.03561384783255335 0.06932274431795715
28 0.17426919365075905 0.2704194143656153 0.03628500988583174 0.04747501785690744
28 0.2715142667687329 0.3205887840889619 0.046551347832553255 0.06951365909060954
28 0.19764568524780207 0.31069954098882074 0.043299013840164415 0.06633411201270886
28 0.23817518475351046 0.3137524030015296 0.04342634783255317 0.06945911201270878
28 0.1607677677573161 0.31396486282348773 0.03784750988583174 0.04750229139585782
28 0.7657205701150434 0.4715038165530707 0.05567167984777566 0.06342730032431163
28 0.7213803211036265 0.466039020692986 0.04935801285158128 0.061755706168510116
28 0.5456773255522507 0.4418633607915976 0.052610346843970035 0.06493525324641088
28 0.5892044910655704 0.44809576988220706 0.052610346843970035 0.06493525324641088
28 0.43756107802370875 0.4282490998345489 0.06686384783255335 0.06986821509696402
28 0.4966814100389311 0.4355354943146619 0.0652376808363588 0.06827844155801373
28 0.6769764050960153 0.46213672483290136 0.055608012851581276 0.06186480032431163
28 0.6302924060845985 0.45663101866439104 0.05248301285158128 0.06181025324641087
28 0.3768145790122919 0.42249793181548567 0.0652376808363588 0.06827844155801369
28 0.5124881407615592 0.5272826635515411 0.036921679847775654 0.06310001785690744
28 0.6366923033091293 0.5489957966675683 0.05573534684397004 0.06498980032431163
28 0.5915389707996154 0.5442986140380084 0.05573534684397004 0.06498980032431163
28 0.4820512242596564 0.5259695795420095 0.03861151384016441 0.0662522913958579
28 0.4556478917501424 0.5215996793798536 0.04017401384016459 0.0662795649348082
28 0.5480436387843929 0.5372849549473988 0.04948534684397003 0.06488070616851012
28 0.3987758092406284 0.5166979452081663 0.03685801285158128 0.06153751785690744
28 0.42911722524823953 0.5203547792176979 0.04011034684397004 0.06471706493480803
28 0.35362247673111435 0.5120007625786064 0.06504667984777565 0.06359094155801373
28 0.2408187292025723 0.49830468100470676 0.061921679847775656 0.06353639448011279
28 0.2975316442216004 0.5071126651763942 0.06479201186299814 0.057340941558013545
28 0.7381818660469799 0.6484930105467163 0.0631021778706092 0.05418866801906326
28 0.6254736190127295 0.6324531789728166 0.05053851087441501 0.052407979707460584
28 0.6790933675298547 0.6404253660666033 0.061667011862997965 0.05728639448011279
28 0.5811015365032153 0.6277696331127319 0.0424713428896375 0.04602161201270878
28 0.5142323714841873 0.6187843709378672 0.037656508897248565 0.04281479139585791
28 0.5461044539937013 0.6232497284863492 0.04078150889724856 0.04286933847375849
28 0.47682787197847887 0.6157860560030592 0.03752917490485963 0.03968979139585791
28 0.44248470547657615 0.6144047881461516 0.03596667490485963 0.03966251785690744
28 0.7229932647543855 0.7334447090045886 0.03772017589344294 0.04437729139585791
28 0.6498422662372603 0.7251316026739227 0.03772017589344294 0.04437729139585791
28 0.614813350229649 0.7213929480475401 0.0409725098858317 0.04755683847375849
28 0.6894313482524828 0.7320770779171564 0.0378475098858317 0.04750229139585791
28 0.580597517720135 0.7168866801906326 0.03772017589344294 0.04437729139585791
28 0.5455367682144266 0.7139292755642499 0.0409725098858317 0.04755683847375849
28 0.5105396857049126 0.7094093709378673 0.0440338428896375 0.04604888555165907
28 0.4748886871877874 0.7017508295420095 0.0378475098858317 0.04750229139585791
28 0.7028306619789164 0.8253458368456101 0.05548067885919252 0.05873980032431163
28 0.6545204959713052 0.8213753571381496 0.052228344866803764 0.05556025324641105
28 0.6047433304579857 0.8150338538917387 0.05216467787060921 0.053997753246411054
28 0.4569425004199295 0.7968178676914563 0.055353344866803766 0.05561480032431163
28 0.55558824745418 0.812612237414803 0.055353344866803766 0.05561480032431163
28 0.40794658490660984 0.7904900012145207 0.055289677870609254 0.05405230032431163
28 0.5081866654389575 0.8055303944768177 0.055353344866803766 0.05561480032431154