28 0.73671875 0.10859375 0.0484375 0.0609375
28 0.38125 0.10625 0.06015625 0.10078125
28 0.6328125 0.10625 0.05859375 0.071875
28 0.6828125 0.1140625 0.04296875 0.05625
28 0.44921875 0.1140625 0.0484375 0.07421875
28 0.571875 0.1125 0.05859375 0.071875
28 0.509375 0.1171875 0.0625 0.07109375
28 0.23125 0.121875 0.06953125 0.08515625
28 0.31015625 0.121875 0.0734375 0.08203125
28 0.1578125 0.128125 0.06640625 0.08671875
28 0.0921875 0.13359375 0.06875 0.0828125
28 0.9796875 0.24375 0.03984375 0.06875
28 0.540625 0.24609375 0.03515625 0.0296875
28 0.4984375 0.24765625 0.03984375 0.0328125
28 0.8 0.24765625 0.08046875 0.0921875
28 0.45546875 0.24921875 0.0359375 0.0328125
28 0.88984375 0.25234375 0.0796875 0.0796875
28 0.70625 0.2609375 0.071875 0.06953125
28 0.190625 0.26328125 0.06015625 0.0984375
28 0.12734375 0.2640625 0.0578125 0.09609375
28 0.071875 0.26796875 0.04921875 0.0921875
28 0.35625 0.2703125 0.04921875 0.07578125
28 0.30078125 0.2703125 0.0484375 0.078125
28 0.63828125 0.27265625 0.0484375 0.0578125
28 0.2515625 0.275 0.04921875 0.078125
28 0.5859375 0.27265625 0.04453125 0.0578125
28 0.4078125 0.27890625 0.03828125 0.0578125
28 0.53984375 0.28828125 0.0328125 0.0328125
28 0.5 0.28828125 0.03515625 0.0328125
28 0.46015625 0.28984375 0.0359375 0.0328125
28 0.7390625 0.4171875 0.03515625 0.06015625
28 0.784375 0.4171875 0.03984375 0.06015625
28 0.6953125 0.41796875 0.040625 0.0609375