28 0.17933078946896489 0.6066841968330194 0.04534167490485976 0.039826159090609534
28 0.21244703699750694 0.6189893279204517 0.04853034190105419 0.04144320616851012
28 0.13664854095183965 0.598902924511885 0.050220175893442943 0.044595479707460584
28 0.5434012652486772 0.7279645020252996 0.07706651878308043 0.09034435633066593
28 0.4893504352106211 0.7113849281620377 0.07550401878308044 0.09031708279171564
28 0.4359853546782734 0.697162741068251 0.07394151878308039 0.09028980925276535
28 0.382955855172565 0.6938916907439394 0.058924013840164415 0.0666068474022122
28 0.29322219311928643 0.6704348254848197 0.06211268083635879 0.06822389448011279
28 0.33883844064782853 0.6829581448838548 0.058924013840164415 0.0666068474022122
28 0.24685652908884154 0.6571166193163094 0.06061384783255326 0.06975912094116268
28 0.04355245695945086 0.6004051489443398 0.05567167984777567 0.06342730032431163
28 0.08679312098989574 0.6136688080349493 0.057361513840164455 0.06657957386326192
28 0.20160769608503593 0.6547631866867496 0.046967841901054186 0.041415932629560004
28 0.1644260310660079 0.6462961217519415 0.051782675893442945 0.04462275324641087
28 0.12659045003936864 0.6346904200476582 0.04377917490485981 0.039798885551659245
28 0.322518420876165 0.7764899565722521 0.0899485207602467 0.09993754464226878
28 0.2552500078343033 0.7581160576279122 0.09457235376405233 0.09845686525911965
28 0.1848565947924416 0.7396876116056718 0.09776102076024662 0.10007391233702041
28 0.5943669045645427 0.8586338494275119 0.08669618676785795 0.09675799756436802
28 0.11836943175057993 0.7213273494308071 0.09288251977166348 0.09530459172016936
28 0.04878910220681541 0.7021312901780419 0.09300985376405227 0.09842959172016937
28 0.5247865750207781 0.8394377901747465 0.0899485207602467 0.09993754464226887
28 0.4575499954770136 0.8202826412304068 0.09144735376405215 0.09840231818121907
28 0.6638517336140155 0.8801736586802772 0.07974584980971962 0.07946140340856686
28 0.3878423319408603 0.8042115819776414 0.09157468775644109 0.10152731818121907
28 0.7261779786710997 0.904715737007766 0.08143568380210837 0.08261367694751698
28 0.7902895582148641 0.923816338874205 0.07336851581733086 0.07622730925276536
28 0.6569557933861165 0.9853603961016706 0.09540534190105418 0.029279207796658824
28 0.5877110448689914 0.9777427650142384 0.09129084486680376 0.04451446997152324
28 0.5152776293556717 0.9716330868489054 0.09329901384016441 0.05673382630218917
28 0.35535212000131255 0.6230473567344077 0.05873301285158128 0.06191934740221221
28 0.3993740340317574 0.6363246525944926 0.05879667984777566 0.06348184740221222
28 0.30960853848038167 0.6136490373353728 0.057106845855386903 0.06032957386326192
28 0.26630420745374245 0.6019478782447633 0.05717051285158128 0.06189207386326192