28 0.8316841968330193 0.22318107332569515 0.06515344155801372 0.0639910712384028
28 0.8374762751605083 0.2865714260992368 0.06507162094116267 0.059303571238402776
28 0.29051372605401254 0.17934788677722246 0.060220479707460584 0.04981946846486114
28 0.280433568181219 0.09399161502572939 0.06167388555165916 0.043605836056041715
28 0.29818195007943027 0.2607433571419447 0.061673885551659244 0.043605836056041715
28 0.2966915880667214 0.2201001733463544 0.06320911201270887 0.042079703647222286
28 0.3089206270269472 0.33908656268902804 0.06011138555165916 0.043569468464861136
28 0.3043598120921391 0.3014956437110766 0.06008411201270887 0.04200696846486114
28 0.2874199537328782 0.13632458539045164 0.06011138555165925 0.043569468464861136
28 0.41562773781854484 0.9046226033422226 0.09971935633066598 0.07572865824437507
28 0.39189636282019247 0.6635430084524656 0.09514095048646735 0.08186955547083344
28 0.41037144764050293 0.8271879343642713 0.0982659504864674 0.08194229065319467
28 0.40193561038456044 0.7465555302039586 0.0982932240254176 0.08350479065319441
28 0.38505029910320027 0.5845094718833337 0.09821140340856668 0.07881729065319458
28 0.37750480600305913 0.5101452515186115 0.10147277110331832 0.08670252583555574
28 0.34214263555165914 0.05013381867295167 0.060165932629559826 0.04669446846486116
28 0.3523591611192044 0.14330259042444476 0.06011138555165925 0.043569468464861136
28 0.34849777556754524 0.10104235524208363 0.06011138555165916 0.043569468464861136
28 0.37101152394269216 0.31710376633625026 0.06011138555165916 0.043569468464861136
28 0.36169897930042344 0.2309844283803475 0.06329093262955983 0.04676720364722229
28 0.3570427069792891 0.1879247594023961 0.06323638555165915 0.043642203647222245
28 0.3663961619299833 0.2763878473582989 0.061673885551659244 0.043605836056041715
28 0.5367104362797125 0.4146723634102088 0.08384889448011279 0.0613024823325695
28 0.5310410888775003 0.35831326063666713 0.08543866801906326 0.06290134992375007
28 0.5260438973194868 0.2957223416587157 0.07452844155801372 0.06420927678548613
28 0.521909776378324 0.23783710647635461 0.07916139448011279 0.06119337955902786
28 0.7013998222351135 0.7675824239150353 0.038209112012708955 0.04149782218833344
28 0.7059606371699216 0.8051733428929868 0.03508411201270878 0.04142508700597238
28 0.6983196866834543 0.7253403725282646 0.03352161201270896 0.04138871941479181
28 0.7225736185022352 0.6384404377827437 0.05854888555165907 0.043533100873680654
28 0.7272298908233696 0.681500106760695 0.05709547970746058 0.04974673328249999
28 0.7186440491032002 0.5922739526003825 0.058603432629559825 0.04665810087368065
28 0.7147144797041654 0.5461074674180214 0.056986385551659066 0.04349673328249999
28 0.7482748222351135 0.7686734516504521 0.03363070616851012 0.04763871941479181
28 0.7545208680951981 0.8133319882195839 0.03352161201270896 0.04138871941479172
28 0.748374233761355 0.7296291354460422 0.03352161201270896 0.04138871941479163
28 0.7598492962605312 0.8501598409931257 0.031822744317957154 0.03353985182361115