28 0.6984375 0.8265625 0.06640625 0.053125
28 0.7671875 0.828125 0.06015625 0.04921875
28 0.6265625 0.83046875 0.06015625 0.0515625
28 0.8515625 0.875 0.084375 0.078125
28 0.5578125 0.8828125 0.07109375 0.08203125
28 0.940625 0.88125 0.08515625 0.08046875
28 0.6265625 0.89296875 0.06640625 0.0609375
28 0.7703125 0.88828125 0.06875 0.0609375
28 0.696875 0.88984375 0.07109375 0.0640625
28 0.68046875 0.70703125 0.0796875 0.0921875
28 0.86484375 0.709375 0.0890625 0.08203125
28 0.775 0.7109375 0.09609375 0.08671875
28 0.6078125 0.7171875 0.0625 0.071875
28 0.53828125 0.728125 0.0515625 0.053125
28 0.465625 0.73046875 0.05078125 0.0484375
28 0.41171875 0.73046875 0.0515625 0.0484375
28 0.35625 0.740625 0.05078125 0.02890625