28 0.928125 0.1140625 0.03515625 0.0875
28 0.88671875 0.1171875 0.0328125 0.084375
28 0.84765625 0.11875 0.0296875 0.08671875
28 0.8109375 0.11875 0.02734375 0.0875
28 0.77421875 0.1203125 0.0296875 0.0875
28 0.73203125 0.121875 0.0328125 0.08984375
28 0.8625 0.2203125 0.03359375 0.02734375
28 0.78359375 0.2203125 0.0328125 0.02421875
28 0.82109375 0.2203125 0.0296875 0.02890625
28 0.90625 0.22109375 0.0375 0.0296875
28 0.7390625 0.24609375 0.04296875 0.0609375
28 0.696875 0.2484375 0.040625 0.05859375
28 0.6453125 0.2484375 0.03828125 0.06015625
28 0.596875 0.25 0.040625 0.06015625
28 0.503125 0.25390625 0.04296875 0.0609375
28 0.5546875 0.253125 0.03984375 0.05859375
28 0.9171875 0.2546875 0.040625 0.03359375
28 0.4546875 0.25546875 0.03828125 0.0609375
28 0.83359375 0.2546875 0.0328125 0.0375
28 0.790625 0.2546875 0.0375 0.03359375
28 0.87265625 0.2546875 0.0328125 0.0375
28 0.928125 0.346875 0.06875 0.06875
28 0.85078125 0.35078125 0.0640625 0.0640625
28 0.7765625 0.3515625 0.06953125 0.06484375
28 0.696875 0.3546875 0.06953125 0.0625
28 0.740625 0.47109375 0.05390625 0.0609375
28 0.91484375 0.4734375 0.0515625 0.07421875
28 0.85625 0.47421875 0.05390625 0.0734375
28 0.8 0.4765625 0.05078125 0.071875
28 0.603125 0.478125 0.06875 0.071875
28 0.6765625 0.4796875 0.06875 0.06953125
28 0.525 0.4796875 0.06484375 0.071875
28 0.453125 0.4796875 0.06640625 0.071875
28 0.378125 0.4859375 0.071875 0.06640625
28 0.7703125 0.5890625 0.06953125 0.084375
28 0.8453125 0.5921875 0.07421875 0.08203125
28 0.9203125 0.59453125 0.07421875 0.0828125