28 0.7296875 0.6390625 0.03359375 0.02734375
28 0.696875 0.640625 0.0375 0.02890625
28 0.76875 0.6421875 0.0375 0.03125
28 0.378125 0.6515625 0.05078125 0.06953125
28 0.43125 0.6515625 0.04921875 0.071875
28 0.48125 0.653125 0.046875 0.07109375
28 0.528125 0.6625 0.040625 0.05078125
28 0.61328125 0.66484375 0.0421875 0.0515625
28 0.5703125 0.66484375 0.03984375 0.0515625
28 0.6578125 0.665625 0.03984375 0.053125
28 0.85 0.6671875 0.0375 0.04921875
28 0.8078125 0.66796875 0.03828125 0.0515625
28 0.696875 0.67421875 0.03515625 0.0296875
28 0.73125 0.6765625 0.03828125 0.03125
28 0.76796875 0.675 0.0328125 0.02890625
28 0.5578125 0.75 0.06015625 0.07578125
28 0.621875 0.7515625 0.06640625 0.07421875
28 0.68828125 0.75234375 0.0671875 0.0734375
28 0.2984375 0.753125 0.05859375 0.07421875
28 0.7515625 0.753125 0.06640625 0.071875
28 0.81796875 0.75390625 0.0640625 0.0734375
28 0.3640625 0.753125 0.06015625 0.07578125
28 0.428125 0.75390625 0.0625 0.0734375
28 0.23203125 0.7546875 0.0578125 0.05859375
28 0.49375 0.75703125 0.0625 0.0765625
28 0.17109375 0.76015625 0.0578125 0.0609375
28 0.109375 0.7609375 0.05078125 0.05625
28 0.1984375 0.884375 0.06640625 0.08671875
28 0.26328125 0.8859375 0.0609375 0.08515625
28 0.33125 0.8921875 0.06484375 0.08203125
28 0.1203125 0.8953125 0.06640625 0.078125
28 0.571875 0.6078125 0.03984375 0.046875
28 0.5296875 0.609375 0.03984375 0.04921875
28 0.6140625 0.61171875 0.03984375 0.0453125
28 0.6546875 0.6125 0.03828125 0.046875