28 0.6828125 0.3109375 0.08203125 0.07421875
28 0.60625 0.3109375 0.07421875 0.07421875
28 0.52890625 0.31328125 0.0734375 0.0765625
28 0.3671875 0.3125 0.07578125 0.07578125
28 0.4453125 0.3140625 0.07578125 0.07421875
28 0.23671875 0.325 0.0515625 0.05390625
28 0.2984375 0.3265625 0.05625 0.05625
28 0.81484375 0.4078125 0.0453125 0.053125
28 0.71328125 0.409375 0.0421875 0.053125
28 0.76328125 0.409375 0.0484375 0.05546875
28 0.53359375 0.41015625 0.0671875 0.0484375
28 0.22578125 0.4125 0.0421875 0.046875
28 0.18359375 0.41640625 0.0359375 0.0453125
28 0.1390625 0.44140625 0.03828125 0.0328125
28 0.06015625 0.4421875 0.0359375 0.03359375
28 0.10390625 0.4421875 0.0359375 0.03125
28 0.65859375 0.4546875 0.0515625 0.06875
28 0.5984375 0.4546875 0.05390625 0.06953125
28 0.28125 0.4578125 0.05546875 0.06484375
28 0.33984375 0.4578125 0.0578125 0.0625
28 0.396875 0.4578125 0.05078125 0.06640625
28 0.76640625 0.4625 0.0421875 0.04921875
28 0.81484375 0.46328125 0.0484375 0.0515625
28 0.53359375 0.4625 0.0640625 0.05078125
28 0.71640625 0.46328125 0.0453125 0.0515625
28 0.228125 0.46484375 0.03984375 0.0453125
28 0.46015625 0.46484375 0.0640625 0.0453125
28 0.1828125 0.46484375 0.040625 0.0453125
28 0.1421875 0.4734375 0.02890625 0.02734375
28 0.0625 0.4734375 0.03515625 0.02734375
28 0.1046875 0.47578125 0.03515625 0.0296875
28 0.75703125 0.54375 0.0359375 0.05390625
28 0.6578125 0.58515625 0.053125 0.0921875
28 0.2390625 0.58671875 0.0625 0.0828125
28 0.7625 0.603125 0.03984375 0.05546875