28 0.1546875 0.2625 0.07421875 0.05625
28 0.2390625 0.26484375 0.078125 0.0515625
28 0.5625 0.3203125 0.078125 0.10234375
28 0.475 0.3234375 0.08671875 0.08203125
28 0.62109375 0.32421875 0.0328125 0.0890625
28 0.14296875 0.325 0.0765625 0.06640625
28 0.321875 0.3265625 0.06875 0.07109375
28 0.6609375 0.3265625 0.03515625 0.0875
28 0.703125 0.3265625 0.0375 0.08984375
28 0.23359375 0.32734375 0.0765625 0.0640625
28 0.74375 0.3265625 0.0375 0.08984375
28 0.39296875 0.328125 0.0609375 0.06875
28 0.784375 0.32890625 0.03359375 0.0890625
28 0.825 0.3296875 0.03515625 0.08671875
28 0.86640625 0.33125 0.0359375 0.0875
28 0.9046875 0.3328125 0.03515625 0.08984375
28 0.40859375 0.4359375 0.0328125 0.05859375
28 0.36875 0.4375 0.03359375 0.05625
28 0.109375 0.48515625 0.05859375 0.0796875
28 0.559375 0.4859375 0.05546875 0.09609375
28 0.1734375 0.48671875 0.05859375 0.0796875
28 0.6203125 0.4875 0.05390625 0.1
28 0.68125 0.4890625 0.05390625 0.1
28 0.23828125 0.4890625 0.0578125 0.078125
28 0.309375 0.4890625 0.05546875 0.08046875
28 0.74375 0.4890625 0.05859375 0.1
28 0.80859375 0.490625 0.0578125 0.10078125
28 0.5015625 0.4921875 0.04453125 0.084375
28 0.86875 0.49296875 0.05078125 0.0984375
28 0.40625 0.5 0.0375 0.06015625
28 0.3625 0.5 0.03828125 0.06015625