28 0.45005769623767433 0.2577504607632768 0.07238873035529281 0.08172803482570909
28 0.4335379762214636 0.3265856699446739 0.07038958271265768 0.07227114767057934
28 0.4167635450803825 0.40088962912607096 0.06726458271265781 0.07210737336031983
28 0.4001346631535131 0.4720685883074681 0.06726458271265781 0.07210737336031983
28 0.38287008044085535 0.5400816039113003 0.0673373573197635 0.07366987336031983
28 0.3671316104246447 0.6089577566702624 0.06413958271265771 0.07194359905006031
28 0.3519924538906694 0.6817811030067892 0.06413958271265771 0.07194359905006031
28 0.3349461949993292 0.7451066186106214 0.06555653349844599 0.06890048620519025
28 0.32084299959022444 0.8125021585247131 0.06726458271265771 0.07210737336031983
28 0.2888395206826736 0.9447447704650724 0.06555653349844599 0.06890048620519025
28 0.30595855418111967 0.87985675486124 0.06733735731976358 0.07366987336031983
28 0.28225988089792137 0.985124108999683 0.05904966832079959 0.0295923247398008
28 0.3621657047192389 0.9794584065463487 0.028891287427387446 0.041083186907302505
28 0.3727243691110971 0.9428757332645141 0.02362159057054054 0.03864642017181623
28 0.44999330624803424 0.6963149937799635 0.0526198858558109 0.05887038896415202
28 0.43803480769577635 0.7512924208491851 0.05091183664159917 0.05566350180902226
28 0.42536783375062426 0.8046664043408416 0.0526198858558109 0.0588703889641522
28 0.39932541046742587 0.9098109277465902 0.052765435070022626 0.0619953889641522
28 0.4144452963232368 0.854216024987628 0.05091183664159917 0.05566350180902226
28 0.38661989516594497 0.9871038102098219 0.03179796360606986 0.02579237958035634
28 0.39703301034359145 0.95902967774659 0.028600188998963993 0.04514208163720568
28 0.5469773523618741 0.9809395590223973 0.045787688998963995 0.038120881955205375
28 0.559171291360838 0.9416828047249546 0.04749573821317572 0.04924972749876275
28 0.5697663430562492 0.8991644340781682 0.04749573821317572 0.04924972749876275
28 0.582105831269425 0.8528217005865116 0.04607878742738745 0.05229284034363317
28 0.6386876251069531 0.7813871138609231 0.08845037799792799 0.09192190637700666
28 0.6734715016571391 0.6398923326532586 0.08823205417661058 0.08723440637700666
28 0.6560977570338226 0.7102490982570908 0.08630568114108109 0.0793400192218769
28 0.6900639962804556 0.5694946234718614 0.08459763192686935 0.07613313206674696
28 0.5910526840410745 0.9965186324054314 0.0502568651776464 0.0069627351891373476
28 0.6021742746116151 0.9756500720820382 0.05225601282028158 0.0486998558359236
28 0.6251452018237548 0.8871867345077094 0.05069351282028158 0.050976001809022266
28 0.6160398755212378 0.9313494923096254 0.04905823821317572 0.04933161465389233
28 0.6390471900369306 0.8409258881711825 0.04905823821317572 0.04933161465389233
28 0.7778915978092509 0.2811967633405247 0.07446065260503384 0.09274742198083885
28 0.8012071273787555 0.20097035277964662 0.07602315260503367 0.09282930913596858
28 0.8179087839127307 0.1282288935982495 0.07373290653397539 0.07712242198083884