28 0.07890625 0.42421875 0.0890625 0.0609375
28 0.1765625 0.42578125 0.08671875 0.0609375
28 0.26875 0.4265625 0.084375 0.05859375
28 0.459375 0.428125 0.08515625 0.05859375
28 0.553125 0.42890625 0.08203125 0.0609375
28 0.3609375 0.42890625 0.0875 0.0578125
28 0.8234375 0.43046875 0.07578125 0.0578125
28 0.73984375 0.43125 0.0796875 0.05625
28 0.6484375 0.43125 0.08203125 0.05546875
28 0.85078125 0.5671875 0.0609375 0.06953125
28 0.28125 0.57734375 0.05546875 0.0515625
28 0.3359375 0.57734375 0.05546875 0.0515625
28 0.5609375 0.5765625 0.04921875 0.05078125
28 0.3921875 0.57734375 0.05078125 0.0515625
28 0.7859375 0.5765625 0.05078125 0.04921875
28 0.44921875 0.57734375 0.0515625 0.0515625
28 0.50703125 0.5765625 0.0515625 0.05078125
28 0.67578125 0.5765625 0.0515625 0.05078125
28 0.615625 0.5765625 0.05078125 0.05078125
28 0.7296875 0.5765625 0.05078125 0.05078125
28 0.0828125 0.584375 0.04296875 0.03515625
28 0.1796875 0.5875 0.046875 0.03359375
28 0.22890625 0.58671875 0.0453125 0.0328125
28 0.1296875 0.5875 0.04296875 0.03359375