28 0.253125 0.85 0.05390625 0.05625
28 0.3125 0.85 0.04921875 0.05546875
28 0.18125 0.3515625 0.03984375 0.053125
28 0.1 0.35 0.03515625 0.05390625
28 0.25625 0.35 0.03515625 0.05390625
28 0.21875 0.353125 0.03359375 0.05546875
28 0.3296875 0.353125 0.03515625 0.053125
28 0.2953125 0.35234375 0.03359375 0.0515625
28 0.140625 0.35234375 0.03515625 0.0515625
28 0.86015625 0.396875 0.0609375 0.08671875
28 0.63515625 0.3984375 0.0671875 0.08046875
28 0.78828125 0.4 0.0671875 0.084375
28 0.7125 0.4 0.06875 0.084375
28 0.56171875 0.4 0.0640625 0.084375
28 0.4921875 0.4 0.07109375 0.08671875
28 0.0640625 0.41171875 0.03828125 0.0515625
28 0.15078125 0.41171875 0.0359375 0.0515625
28 0.1109375 0.4125 0.03515625 0.053125
28 0.31328125 0.4125 0.0359375 0.053125
28 0.2328125 0.4125 0.03828125 0.05625
28 0.1921875 0.4125 0.03515625 0.05546875
28 0.275 0.4125 0.03515625 0.05390625
28 0.41328125 0.5578125 0.0484375 0.071875
28 0.3609375 0.5578125 0.05078125 0.07421875
28 0.30234375 0.559375 0.0515625 0.06484375
28 0.2484375 0.5609375 0.04921875 0.06875
28 0.75 0.67578125 0.03515625 0.0328125
28 0.78515625 0.6765625 0.0359375 0.02890625
28 0.7109375 0.678125 0.03515625 0.02734375
28 0.63125 0.7078125 0.03515625 0.05078125
28 0.671875 0.709375 0.040625 0.04921875
28 0.5890625 0.709375 0.0375 0.05078125
28 0.54609375 0.71015625 0.0359375 0.0484375
28 0.7546875 0.7203125 0.03984375 0.02734375
28 0.7953125 0.721875 0.03515625 0.02734375
28 0.71796875 0.7234375 0.0359375 0.02734375
28 0.83046875 0.72265625 0.0296875 0.0265625