28 0.2263416816113888 0.15043322367353412 0.06860583605604172 0.06289245658477531
28 0.15364906402020823 0.14988164271557944 0.055887630508958355 0.053153743731793844
28 0.09022234365548598 0.1542903463973609 0.060684233282500034 0.05797763605166191
28 0.2806843427055554 0.13325173535201662 0.0398625870059723 0.035511602665567035
28 0.3198559454790971 0.12970083801758364 0.035247822188333444 0.03850021034569897
28 0.33394370849378413 0.7000277098834806 0.08223323138263901 0.11169366943775678
28 0.26108743674229107 0.7065073789255258 0.083795731382639 0.1117391335443795
28 0.1836164001731591 0.7097256556477032 0.08677526101791674 0.10558006175762494
28 0.10214819462607579 0.7167365221033238 0.08971842306201397 0.09785848997087002
28 0.1835287472471176 0.5455494953811465 0.04734908510611113 0.08881845909205772
28 0.1451747620647565 0.5475606247688909 0.04415134992375007 0.08560253087881228
28 0.23605433520302038 0.5392600429530063 0.0644274823325695 0.08463106426490725
28 0.09590146067798565 0.5484722554102763 0.06293771751493063 0.08771060015828454
28 0.7897099313270484 0.3646156764308787 0.05032861474138901 0.08265938730530316
28 0.7410905933711456 0.3710187891255756 0.0534899823325695 0.0843128155185485
28 0.5414172484813886 0.3847533655311838 0.06777068787965276 0.09409699247815259
28 0.6009559026417011 0.3794497515828456 0.06773432028847229 0.09253449247815268
28 0.6980854757799649 0.3713310261934518 0.056614982332569494 0.08440374373179385
28 0.18611149943131913 0.4009955133278352 0.07983427678548619 0.07571070533113407
28 0.8722139600123956 0.34669004202856946 0.04037173328249999 0.057386602665567034
28 0.8338417910344443 0.3494824214163138 0.04033536569131968 0.05582410266556703
28 0.10249956563572885 0.3993444336235217 0.08295927678548617 0.0758016335443795
28 0.2960138295034372 0.3815217507914228 0.051418336056041715 0.062392351411925784
28 0.24746722672989555 0.3847998634861197 0.04978310087368065 0.05922188730530316
28 0.0868226270904859 0.2667676143440495 0.0512728656913195 0.056142351411925785
28 0.13616866365961783 0.26273098370266396 0.04978310087368061 0.05922188730530316