28 0.0590052778147341 0.4674835547885385 0.09572156615858281 0.0719761858759707
28 0.1598319796101322 0.4614301980508354 0.0941590661585828 0.07194891233702042
28 0.2536228862259905 0.4560353603878557 0.09257838544042354 0.06879663879807012
28 0.4505887898167867 0.44384682629559863 0.09257838544042354 0.06879663879807012
28 0.5459421964326449 0.4384792621715693 0.08947156615858276 0.07186709172016936
28 0.34896720248276913 0.4522302962638265 0.09570338544042353 0.0688511858759707
28 0.8234177566392994 0.42066406533525463 0.08319429508134384 0.06707049756436803
28 0.7382115096643614 0.4277714074624612 0.08631020472226432 0.06556254464226866
28 0.6444206030485032 0.4331662451254408 0.08943520472226432 0.06561709172016936
28 0.863242805040293 0.5588731773479635 0.0691954275949012 0.07776253571381489
28 0.2792899858566481 0.6104052605500115 0.06127384328594587 0.05887616801906326
28 0.3347905521134268 0.6059047211827486 0.06127384328594587 0.05887616801906326
28 0.566154181601922 0.5904099549473989 0.055023843285945874 0.05876707386326192
28 0.3941928231906656 0.6022536156628615 0.05814884328594587 0.05882162094116268
28 0.7975269014494969 0.5733526887120493 0.05813066256778665 0.05569662094116268
28 0.45203713944744434 0.5977939866040242 0.05814884328594587 0.05882162094116268
28 0.5114394105246831 0.594142881084137 0.05814884328594587 0.0588216209411625
28 0.6849678141154794 0.5815452439076247 0.05814884328594587 0.05882162094116268
28 0.6232172478587007 0.5859366891190863 0.05814884328594587 0.05882162094116268
28 0.7396825851927182 0.5778123177708867 0.05814884328594587 0.05882162094116268
28 0.07680079011137424 0.6318733372559425 0.047102258976990455 0.03988070616851012
28 0.1760559015476927 0.6273552069792891 0.05178975897699045 0.03996252678536116
28 0.2268644226249316 0.6235540969951752 0.05022725897699045 0.039935253246410875
28 0.12524738047045386 0.6311563169634031 0.04709316861791084 0.038318206168510116