28 0.26140878679976665 0.9824188080349494 0.053579533338636055 0.03516238393010127
28 0.24983494012567603 0.9299541014594019 0.053797709341181485 0.05873980032431163
28 0.1961195941279032 0.9454194143656153 0.05543293467536321 0.06501707386326175
28 0.2114996934674938 0.9897949314117438 0.05339772000318168 0.02041013717651232
28 0.18216563478672174 0.8873750892845373 0.05695907200827235 0.06191934740221221
28 0.8826292587921305 0.9394373847342898 0.05499658267027243 0.027517073863261743
28 0.8727270001193126 0.8939612435005877 0.0665340666772721 0.07927048863591431
28 0.8539309994429949 0.8225538478026587 0.06337270401018139 0.07609094155801373
28 0.8366793174331317 0.7496112256436802 0.06646134134309065 0.0730204886359143
28 0.796171401416269 0.6247106371699217 0.041334072008272216 0.06164661201270878
28 0.8109247920909958 0.6843310990204747 0.04286020934118149 0.05854888555165907
28 0.7829986920750874 0.566679948858319 0.041334072008272216 0.061646612012708955
28 0.7682362107335878 0.506278237007766 0.0429329346753633 0.06479888555165907
28 0.716213918125358 0.9357515028360786 0.08039657200827222 0.06232845048646744
28 0.7046764341183582 0.8839980880634262 0.0819954346753633 0.06548072402541756
28 0.7228639074633577 0.9702355969918799 0.07694430800445425 0.03414890340856687
28 0.6907588374442677 0.8290787629823482 0.08352157200827222 0.06238299756436803
28 0.6792577161043589 0.7804503482096958 0.0819954346753633 0.06548072402541756
28 0.600225838796903 0.9657717347789478 0.07118520401018139 0.06845653044210423
28 0.57652416211804 0.8794179078694981 0.08257723734881743 0.11548072402541791
28 0.5509872654359953 0.7657139180157679 0.0841215560152719 0.11394549756436803
28 0.4737451547978576 0.9700336306803952 0.09453179734245402 0.05993273863920976
28 0.4446565441199491 0.8911757938281945 0.0825408746817267 0.11235572402541791
28 0.4160946447724042 0.7860110068965636 0.08097837468172667 0.11232845048646745
28 0.3108856927116343 0.3366092504037418 0.07916133601209037 0.09042617694751698
28 0.2920351480346802 0.2605143547058129 0.07756247334499947 0.0872739034085667
28 0.27472892202418076 0.18288423254683434 0.07916133601209037 0.09042617694751698
28 0.255051674013363 0.10286945007943024 0.07916133601209037 0.09042617694751698
28 0.2624231100811326 0.6021154736183807 0.07440111067790856 0.08409435633066593
28 0.24427199940322408 0.5190029646899268 0.07283861067790856 0.08406708279171564
28 0.3464104954646303 0.9714296252018709 0.05694089067472685 0.057140749596258186
28 0.33082131078926713 0.9087160754848197 0.060138616008908664 0.0666613944801128
28 0.2089510227164068 0.36997908360249454 0.07596361067790855 0.0841216298696164
28 0.22543963605981543 0.444470568991998 0.07603633601209037 0.09037162986961636
28 0.31606792011454016 0.8490956136342668 0.05859429734245412 0.06819662094116268
28 0.19006411537236184 0.2907591879045656 0.07763519867918123 0.09352390340856669
28 0.16886073002863505 0.2138421318982112 0.0759454293443631 0.0825591298696163
28 0.1507550726845901 0.1346358729697575 0.07596361067790855 0.08412162986961631