28 0.05391116760873088 0.7171289987821841 0.04637616801906326 0.06172843262955983
28 0.17611345007613494 0.7380063348203105 0.04319662094116259 0.05854888555165925
28 0.09544014853400742 0.724882997564368 0.04634889448011292 0.060165932629559826
28 0.13387140299823427 0.7341449492686513 0.04319662094116259 0.05854888555165907
28 0.3672293737772411 0.769458706572252 0.04629434740221221 0.05704093262955982
28 0.31710664285196455 0.7615547033258412 0.04629434740221221 0.05704093262955982
28 0.22160322807931215 0.7489535174498704 0.05103639448011295 0.06024775324641087
28 0.27093107223511353 0.7560626339268061 0.04475912094116259 0.058576159090609536
28 0.03900100811108427 0.8472977398537302 0.045994338473758486 0.03985343262955965
28 0.07980328611426149 0.8581631018664393 0.042814791395857824 0.03667388555165942
28 0.5593737836786294 0.9493213047852432 0.07461026217486477 0.06846935633066593
28 0.3604999070554241 0.92085756533855 0.06997730925276535 0.07151253571381488
28 0.4247260482891261 0.931350780435514 0.06841480925276536 0.07148526217486477
28 0.490501052753353 0.9410900190714282 0.07151253571381488 0.06997730925276535
28 0.7066715235323597 0.9709481814100961 0.07148526217486459 0.05810363717980778
28 0.6354004955291825 0.9647065714243347 0.07461026217486459 0.06846935633066593
28 0.2947249025911972 0.9111183267026357 0.07148526217486459 0.06841480925276536
28 0.038052162737466914 0.8824267163147799 0.04602161201270884 0.04141593262955965
28 0.0803896672016938 0.8917568518664393 0.04289661201270885 0.04136138555165943
28 0.4508472540571898 0.19062636890927237 0.09875687418757337 0.10950345941492108
28 0.11411882142762993 0.1394500580349493 0.09568642126547414 0.11257391233702041
28 0.5346319188298422 0.2030230032431156 0.09253414772652384 0.11095686525911974
28 0.3663086128234877 0.17977859780595407 0.08765573295387137 0.0999375446422687
28 0.19717678327818294 0.15495805559931736 0.09875687418757347 0.10950345941492108
28 0.2848676980508354 0.16742287378053639 0.09237050649282175 0.10158186525911975
28 0.1010984443973874 0.2883960726454459 0.07984323295387141 0.09980117694751697
28 0.16462515624794044 0.30356315097293474 0.06402731818121907 0.08859094155801354
28 0.3518211931795714 0.3341660888775003 0.0686875446422687 0.08711026217486459
28 0.47555870210802514 0.3535081984545772 0.06871481818121908 0.0886727621748646
28 0.22573993425111763 0.3147830689919979 0.06553527110331833 0.08549321509696392
28 0.41526608441327345 0.34464566720498907 0.06558981818121908 0.08861821509696392
28 0.28681380194586936 0.32365923701106125 0.06402731818121907 0.08859094155801354
28 0.22095875121452072 0.4435665880667214 0.06904210064862308 0.1074227621748646
28 0.15518374675029384 0.4338273494308071 0.06750687418757347 0.1089579886359143
28 0.2828411424482228 0.4540188928552598 0.06750687418757347 0.1089579886359143
28 0.34546387337349926 0.46214108441327345 0.06904210064862308 0.1074227621748646
28 0.09649453936396764 0.42733584172016936 0.06747960064862313 0.1073954886359143
28 0.4066331984545772 0.4764860024323367 0.06904210064862308 0.1074227621748646
28 0.7050531075451867 0.5254316116023764 0.05311709172016954 0.08996252678536117
28 0.5547121883083074 0.5032821018631438 0.05311709172016936 0.08996252678536117
28 0.4583866132272295 0.48832352921769784 0.05783186525911965 0.09160684740221221
28 0.6542036736978109 0.5206389715864904 0.05626936525911965 0.09157957386326192
28 0.5061655941525061 0.4961866221556833 0.056187544642268605 0.08689207386326192
28 0.604053669233584 0.5111724683400796 0.05624209172016936 0.09001707386326192