28 0.9758111254814745 0.6256286895092943 0.031586343285945874 0.05945024310259513
28 0.41690323721238054 0.4665811538906158 0.07243860226293637 0.10064180913596861
28 0.48255550828961946 0.46782939337516616 0.06932269262201593 0.1020405348257091
28 0.8397640202916719 0.47958692842801787 0.0613829275949012 0.07975609905006031
28 0.722503797419035 0.4732284650627493 0.0770170179539809 0.08213747060135787
28 0.7865935684962738 0.4745585917024295 0.058267017953980905 0.0811548247398008
28 0.6458822100850174 0.4670846856641071 0.07857042759490121 0.08065685775648763
28 0.897599246189371 0.4804633536882171 0.06297269867214013 0.08452548620519007
28 0.3003651770057261 0.45002549694778227 0.058257927594901206 0.0795923247398008
28 0.35586574326250475 0.4525872529406761 0.06138292759490129 0.07975609905006031
28 0.9905260478118183 0.477071680802867 0.01894790437636331 0.05270892017181659
28 0.2510600685944697 0.4377611923343695 0.040970433645025485 0.06150406603337366