28 0.7891709495631597 0.0208458293450815 0.09182513050895835 0.041691658690163
28 0.7945117597836457 0.054072881904801785 0.09331489532659738 0.05004663879807005
28 0.8014696213909026 0.09065526421005007 0.09324216014423632 0.04692163879807008
28 0.8068831667937498 0.1264836700542487 0.09487739532659738 0.05007391233702041
28 0.8136955580362845 0.16931605235949704 0.09654899810013892 0.054788685875970744
28 0.6904418556233333 0.0629178222449994 0.03528418977951393 0.039662517856907484
28 0.7050297260643055 0.14075645008602083 0.03215918977951393 0.039607970779006775
28 0.6973087982526389 0.10340645455024769 0.036810322188333446 0.03812729139585782
28 0.6813038981763888 0.020780509742527924 0.040080792553055564 0.04156101948505585
28 0.6874778969421179 0.1902615722449994 0.07162173328249999 0.057477309252765264
28 0.6935090381846526 0.23310759131972283 0.06838763050895835 0.05273526217486459
28 0.7024833414712844 0.2837115633165457 0.06838763050895835 0.05273526217486459
28 0.7099315123490969 0.3327803088523188 0.06998649810013902 0.05432503571381497
28 0.7241557068782635 0.42624393669334015 0.07162173328249999 0.057477309252765306
28 0.7151995873872219 0.3748587146965174 0.06838763050895835 0.05273526217486459
28 0.6454573171543403 0.019935917209932007 0.04327852773541672 0.03987183441986401
28 0.7316402453472566 0.4737501822291133 0.06995013050895835 0.05276253571381488
28 0.6614985848217707 0.0985649959461055 0.04473192496187508 0.042951159090609536
28 0.6698734760643055 0.14137010471240347 0.043205792553055566 0.04448638555165916
28 0.6537958408056944 0.060433750410332374 0.04473192496187508 0.042951159090609516
28 0.5506714940160764 0.033822026381619415 0.0830320119678472 0.06764405276323883
28 0.5621889158438194 0.1042031156694521 0.07994337955902786 0.07948867694751699
28 0.5753233890583331 0.17738151704942387 0.0800524823325695 0.08417617694751697
28 0.5875311419081248 0.2568235551988708 0.07689111474138902 0.0825591298696163
28 0.46220448679788173 0.2394878250843732 0.07343880642076392 0.06844208279171564
28 0.42792367182774305 0.06828102678865651 0.08593880642076393 0.06866027110331836
28 0.43749738715847214 0.12668386201600412 0.08597517401194454 0.07022277110331836
28 0.44556315387597206 0.1827702207823021 0.08277743882958344 0.06704322402541765
28 0.48162402118281217 0.37815485876959326 0.0863024823325695 0.08428527110331832
28 0.4661276141727081 0.305798617698047 0.08470361474138902 0.08269549756436803
28 0.494631207828194 0.456802010149565 0.08622974715020852 0.0811602711033185
28 0.507838416225069 0.5268554115295367 0.08626611474138901 0.08272277110331831
28 0.516230838052812 0.6024593835263596 0.08321384992375017 0.08579322402541756
28 0.33885790577583313 0.23773618466145002 0.10043771751493065 0.08765573295387145
28 0.3210359325613193 0.16463960389832927 0.10054682028847228 0.09234323295387145
28 0.3055577093468055 0.09150211282678303 0.10054682028847228 0.09234323295387141