28 0.8488837808788123 0.08166772435492764 0.13214256175762468 0.09041529238978616
28 0.9062489661516867 0.3371215117823151 0.13594952335696497 0.11399834160399784
28 0.8873649223407506 0.2512011284077036 0.13590405925034227 0.11243584160399786
28 0.9244199561225569 0.4253492578533737 0.13907452335696496 0.11414389081820957
28 0.8675632362099464 0.16055685772953915 0.1391199874635877 0.11570639081820958
28 0.9361703152874392 0.5150667293173263 0.1276593694251215 0.11250861621110371
28 0.9646896034569898 0.7827465349416789 0.07062079308602023 0.10578342721213971
28 0.9547773943649321 0.6956275246025967 0.09044521127013568 0.1143964478903042
28 0.9457146314328083 0.6046386515670674 0.10857073713438332 0.10574919396136266
28 0.9812526293212371 0.9357452564056317 0.03749474135752564 0.06541098428423453
28 0.9721216702291795 0.8674126333701023 0.055756659541641086 0.11145123035529281
28 0.7043110107540457 0.7170315279123656 0.05655152837152997 0.06660961124870504
28 0.730908266164322 0.8267168970189533 0.05802310015828453 0.06355738585581072
28 0.7175528083259055 0.7699210874656595 0.05650606426490725 0.06504711124870503
28 0.5462361539983506 0.0839557005763913 0.1362223079967011 0.12337334160399789
28 0.5593021068222022 0.18442873552257938 0.12804609514371953 0.11050946856846862
28 0.6507624619285446 0.6731873285743193 0.09593227711788863 0.07936647642635145
28 0.6211622269722394 0.5407365475570727 0.10093802586424747 0.09052230024766886
28 0.5609077224198928 0.26642359821902645 0.09446070533113407 0.08241870181924557
28 0.5768569828447342 0.33192231968297914 0.09450616943775678 0.08398120181924558
28 0.6058805562808415 0.47136796339667286 0.10071070533113406 0.08270980024766902
28 0.636421165610326 0.6093238817174724 0.09758570533113406 0.0825642510334573
28 0.5905534214828208 0.40043687923627314 0.09772209765100204 0.08725175103345731
28 0.6659592160851797 0.7932643881276131 0.0566424565847754 0.06973461124870503
28 0.681840280350087 0.8564193595915659 0.06440949247815268 0.06853598428423417
28 0.6500781518202725 0.7301094166636606 0.05485263605166182 0.061849336641598994
28 0.3763210884132951 0.4918837088485589 0.13769387978345565 0.12032111621110371
28 0.44003321357789726 0.8045870700972639 0.13001777210332383 0.12464474317557439
28 0.41656095816762095 0.6950472502048879 0.1250574874635877 0.11505141935425697
28 0.4820939961060623 0.9778468258882322 0.12838106426490725 0.04430634822353561
28 0.46594014720141896 0.9173610519002988 0.1362677721033238 0.12493584160399784
28 0.29919132092882483 0.1738742634394541 0.14435305674305984 0.13467471463952715
28 0.3220869148189032 0.2904089460282774 0.13475073620994643 0.12642556699689197
28 0.3437920817493775 0.39284474131354763 0.13144387978345567 0.12003001778268026
28 0.3880063976636373 0.5985339691876412 0.1125574874635877 0.11446922249741007