28 0.7282002760503387 0.9026117203686745 0.0692637303552928 0.07927048863591395
28 0.7854669664970448 0.891902091309837 0.06940927956950453 0.08239548863591431
28 0.8425881077295392 0.8780674622509995 0.0692637303552928 0.07927048863591395
28 0.9014536854797981 0.8681663567311126 0.07075345574818712 0.07773526217486477
28 0.5632837514432328 0.8981718620094135 0.05865156203449331 0.05254434740221221
28 0.6675517204259862 0.8742315758885615 0.05389128742738745 0.050900026785361166
28 0.616607804586386 0.8866127991032002 0.05708906203449331 0.052517073863261744
28 0.7101908306412339 0.8343838717486463 0.07267982878371626 0.08557503571381497
28 0.7712182218737282 0.8206174265371846 0.07111732878371627 0.08554776217486477
28 0.8275945004097756 0.807550410708872 0.06940927956950453 0.08239548863591431
28 0.8887674408564816 0.7969089654974104 0.07580482878371626 0.08562958279171565
28 0.5477828759265042 0.8502837869283357 0.06028683664159899 0.054134120941162676
28 0.5980910909803161 0.8410139269442218 0.05687073821317572 0.04782957386326174
28 0.6536861195163635 0.8279332743464339 0.05857878742738727 0.05098184740221221
28 0.49277208250326077 0.624506491068251 0.09499147642635145 0.09533186525911966
28 0.4052913531814252 0.6401530361175568 0.10451202564056317 0.09862050649282175
28 0.5769094880037787 0.6041178989410445 0.09633565260503385 0.09067163879807012
28 0.3144051798982269 0.5324029914752881 0.07943925103345731 0.0966216298696164
28 0.3848439584342741 0.5195814374975285 0.08576202564056316 0.09829322402541756
28 0.4497775996667685 0.5058831761334428 0.07773120181924557 0.09346935633066593
28 0.5713764638109577 0.45180142247999483 0.05491013192686935 0.07277502678536116
28 0.4975365494190996 0.4083593396882792 0.09622864474715094 0.12189436525911965
28 0.7328533112059238 0.36562991760873087 0.0918322431755744 0.1280625446422686
28 0.6109248072769823 0.37911394480112914 0.07042812406898662 0.1042704886359143
28 0.3538785947043698 0.42458653733537277 0.08263702564056316 0.09823867694751698
28 0.42349973593686413 0.41097009658813805 0.07958480024766904 0.0997466298696164
28 0.2887994042576637 0.4351597986994585 0.0778767510334573 0.09659435633066593
28 0.5577270326698764 0.37662414447681763 0.059743181141081084 0.0759818474022123
28 0.4857492171207266 0.18880081614932887 0.09728172249741007 0.11098413879807004
28 0.573266333746115 0.17393552110002308 0.10531254631872766 0.11580800649282175
28 0.6550236019430801 0.1527247686643911 0.10516699710451594 0.11268300649282174