28 0.9160751285121881 0.72421875 0.06526263050895835 0.0515625
28 0.8975725163362502 0.365625 0.10617857123840295 0.0640625
28 0.9128390661075005 0.61875 0.0748922036472223 0.0625
28 0.9077710128208686 0.66953125 0.058867160144236055 0.0453125
28 0.8944670065526046 0.43359375 0.07779899810013902 0.053125
28 0.9028269800514588 0.5578125 0.0748922036472223 0.0625
28 0.8951040926086463 0.49453125 0.07496493882958362 0.065625
28 0.872932926196146 0.21328125 0.09077177678548623 0.0734375
28 0.8779126733463544 0.29296875 0.08775587955902786 0.078125
28 0.8626298994106598 0.13984375 0.09069904160312489 0.0703125
28 0.8532535929898959 0.07265625 0.08917290919430557 0.071875
28 0.7944956417143064 0.971875 0.07282055737069441 0.040625
28 0.7662712310013893 0.53125 0.03212282218833344 0.0375
28 0.7621279384483337 0.4875 0.03691942496187508 0.0421875
28 0.7793940525241326 0.79296875 0.09883884992374999 0.084375
28 0.7580028296908685 0.44453125 0.036846689779513754 0.0390625
28 0.7799590566081951 0.884375 0.08633884992375015 0.084375
28 0.760006313257709 0.6984375 0.0751831443766667 0.075
28 0.7283464715989932 0.17734375 0.10305357123840295 0.0640625
28 0.7237304003605904 0.11328125 0.09989220364722229 0.0625
28 0.7161711670780904 0.05703125 0.09654899810013902 0.053125
28 0.7298940538553127 0.34453125 0.07936149810013901 0.053125
28 0.7278217543684031 0.2890625 0.08092399810013902 0.053125
28 0.7451430730413546 0.63046875 0.062137630508958354 0.0515625
28 0.7196085576550348 0.23828125 0.08092399810013902 0.053125
28 0.742362258736806 0.578125 0.062028527735416714 0.046875
28 0.7256618019554517 0.39765625 0.06188305737069442 0.040625
28 0.7233206647969797 0.53203125 0.03677395459715278 0.0359375
28 0.7208126074262852 0.49140625 0.036810322188333446 0.0375
28 0.7167420500555907 0.45078125 0.03684668977951393 0.0390625
28 0.6046655030372229 0.7375 0.06337282218833344 0.0375
28 0.607282663181459 0.7828125 0.06348192496187507 0.0421875
28 0.601285276688577 0.69296875 0.06504442496187508 0.0421875