28 0.08515625 0.83671875 0.0515625 0.0421875
28 0.13828125 0.8375 0.0453125 0.040625
28 0.1984375 0.8359375 0.046875 0.03984375
28 0.078125 0.88359375 0.046875 0.0421875
28 0.19375 0.8875 0.05078125 0.040625
28 0.134375 0.8859375 0.046875 0.03984375
28 0.24921875 0.88828125 0.0484375 0.0421875
28 0.059375 0.26484375 0.05390625 0.0484375
28 0.121875 0.26484375 0.0625 0.0484375
28 0.1890625 0.2671875 0.06015625 0.046875
28 0.2578125 0.26875 0.05859375 0.04921875
28 0.3765625 0.2796875 0.05078125 0.02734375
28 0.32109375 0.278125 0.0484375 0.02890625
28 0.43125 0.2796875 0.05078125 0.02734375
28 0.4890625 0.28046875 0.05546875 0.0296875
28 0.11171875 0.4140625 0.0421875 0.06640625
28 0.16015625 0.4140625 0.0453125 0.06640625
28 0.0625 0.415625 0.05078125 0.06875
28 0.2125 0.415625 0.04296875 0.06875
28 0.2578125 0.41640625 0.046875 0.0671875
28 0.0875 0.5265625 0.08984375 0.05390625
28 0.1875 0.5296875 0.09609375 0.05625
28 0.29375 0.5296875 0.09375 0.05859375
28 0.0984375 0.64453125 0.08984375 0.0734375
28 0.19921875 0.6515625 0.0921875 0.05859375
28 0.29921875 0.65625 0.0921875 0.05625
28 0.721875 0.6609375 0.071875 0.05859375
28 0.79375 0.66171875 0.06875 0.0578125
28 0.8671875 0.6625 0.071875 0.05859375
28 0.9421875 0.6640625 0.071875 0.05859375
28 0.49140625 0.7578125 0.0671875 0.05390625
28 0.56953125 0.7578125 0.0671875 0.053125
28 0.08359375 0.7578125 0.0515625 0.04296875
28 0.14296875 0.75703125 0.0453125 0.0421875
28 0.20390625 0.7578125 0.0515625 0.04453125
28 0.71015625 0.759375 0.0671875 0.05625
28 0.640625 0.759375 0.07109375 0.05546875
28 0.259375 0.759375 0.05390625 0.04296875
28 0.784375 0.7609375 0.07578125 0.05625
28 0.8578125 0.7640625 0.06484375 0.05625
28 0.93203125 0.7640625 0.0671875 0.05625