28 0.1953125 0.3921875 0.04296875 0.05859375
28 0.14375 0.39296875 0.046875 0.0578125
28 0.08515625 0.39296875 0.0515625 0.0578125
28 0.2609375 0.44140625 0.1 0.0921875
28 0.36875 0.4421875 0.1 0.08984375
28 0.8328125 0.446875 0.07109375 0.078125
28 0.478125 0.4484375 0.09765625 0.07109375
28 0.0640625 0.4546875 0.05390625 0.06015625
28 0.6265625 0.4578125 0.05859375 0.05625
28 0.12265625 0.4546875 0.0515625 0.06015625
28 0.18125 0.45703125 0.046875 0.0609375
28 0.5640625 0.4578125 0.05625 0.05625
28 0.69453125 0.4578125 0.0609375 0.05625
28 0.9078125 0.45625 0.05625 0.06015625
28 0.759375 0.4578125 0.05859375 0.06015625
28 0.203125 0.5921875 0.08046875 0.1
28 0.1046875 0.5921875 0.08671875 0.1
28 0.296875 0.5921875 0.0875 0.10078125
28 0.39296875 0.5921875 0.0765625 0.1
28 0.81953125 0.6 0.0984375 0.09140625
28 0.92734375 0.6015625 0.1109375 0.08984375
28 0.47578125 0.6046875 0.0796875 0.06953125
28 0.64296875 0.6078125 0.0765625 0.06953125
28 0.55859375 0.6078125 0.0734375 0.06875
28 0.728125 0.61015625 0.08046875 0.0671875
28 0.084375 0.74375 0.08046875 0.0875
28 0.17265625 0.74375 0.0765625 0.08984375
28 0.259375 0.74375 0.08046875 0.08984375
28 0.34609375 0.74375 0.0765625 0.08984375
28 0.4265625 0.7546875 0.071875 0.071875
28 0.5015625 0.7546875 0.06640625 0.07421875
28 0.5765625 0.7546875 0.0625 0.07421875