28 0.21902709197541625 0.83125 0.04830484882113639 0.0734375
28 0.25987492646209664 0.83671875 0.04667868182494193 0.071875
28 0.3023489279449714 0.84375 0.04817751482874764 0.0703125
28 0.17934250946590224 0.83515625 0.03953734387822054 0.05
28 0.14096575897161065 0.8328125 0.042726010874414924 0.0515625
28 0.10089917448493028 0.82734375 0.04109984387822054 0.05
28 0.20299500741437382 0.03515625 0.06849001482874764 0.0703125
28 0.262561008402957 0.03984375 0.068872016805914 0.0796875
28 0.1458682569200822 0.0328125 0.06986151384016441 0.065625
28 0.17086423421985025 0.3203125 0.08513368676785786 0.0953125
28 0.2470593196951138 0.33046875 0.08500635277546911 0.0921875
28 0.3233499056646689 0.34296875 0.08513368676785786 0.0953125
28 0.39889107513232125 0.35625 0.0831891847906916 0.0859375
28 0.4877453280980708 0.3703125 0.08293451680591399 0.0796875
28 0.5569728305695287 0.38203125 0.08293451680591399 0.0796875
28 0.6292616660447923 0.3921875 0.06686384783255317 0.06875
28 0.7526182530029306 0.409375 0.06673651384016459 0.065625
28 0.6938016685162502 0.40390625 0.0652376808363588 0.0671875
28 0.7991258384781942 0.41953125 0.044543178859192525 0.0578125
28 0.8384111729648744 0.425 0.04754084486680341 0.0546875
28 0.8808851744477494 0.43203125 0.04942167984777583 0.0625
28 0.18780367790779037 0.4484375 0.07100751977166349 0.09375
28 0.2522163463868595 0.45703125 0.07400518577927473 0.090625
28 0.3158477648659287 0.465625 0.07569501977166349 0.09375
28 0.45524318729933044 0.49296875 0.0669911818249421 0.071875
28 0.5133740222803025 0.50078125 0.06093218281352506 0.0765625
28 0.5652548572612744 0.50859375 0.059242348821136305 0.0734375
28 0.6346096937251211 0.5234375 0.06648184585538672 0.059375
28 0.7610912806832595 0.540625 0.06660917984777566 0.0625
28 0.6982729457022875 0.5328125 0.07123301285158128 0.0609375
28 0.8977291176413977 0.5578125 0.044479511862997964 0.05625
28 0.8130357826604259 0.55 0.04591467787060921 0.053125
28 0.8554142836490091 0.5546875 0.045978344866803765 0.0546875
28 0.13391201536022024 0.46796875 0.04046317391627659 0.034375
28 0.2018502263483659 0.678125 0.05662668479069151 0.0859375
28 0.15009672535978275 0.6734375 0.059751684790691505 0.0859375
28 0.4598829022418089 0.721875 0.057361513840164594 0.065625
28 0.5101694037246837 0.72890625 0.057425180836358794 0.0671875
28 0.41128623475132287 0.71796875 0.05729784684397003 0.0640625