28 0.20546875 0.82421875 0.0296875 0.0265625
28 0.2359375 0.825 0.02890625 0.02734375
28 0.27265625 0.8265625 0.0328125 0.025
28 0.3046875 0.8265625 0.02890625 0.025
28 0.33984375 0.8265625 0.0296875 0.025
28 0.4015625 0.828125 0.02734375 0.025
28 0.3703125 0.83046875 0.02734375 0.0265625
28 0.1921875 0.859375 0.02734375 0.025
28 0.28203125 0.86171875 0.0296875 0.0265625
28 0.25 0.8625 0.02890625 0.025
28 0.221875 0.8625 0.02734375 0.02421875
28 0.3109375 0.8640625 0.02734375 0.025
28 0.3703125 0.8640625 0.02890625 0.02421875
28 0.34296875 0.8640625 0.0265625 0.02421875
28 0.4 0.8640625 0.021875 0.02734375
28 0.184375 0.9 0.03515625 0.02421875
28 0.2203125 0.90078125 0.02890625 0.0265625
28 0.25625 0.9015625 0.02890625 0.02421875
28 0.28984375 0.903125 0.0296875 0.025
28 0.359375 0.90234375 0.02734375 0.0265625
28 0.39375 0.903125 0.02890625 0.025
28 0.32578125 0.903125 0.0296875 0.025
28 0.2109375 0.2203125 0.02734375 0.05625
28 0.240625 0.2234375 0.02265625 0.05625
28 0.26875 0.2234375 0.02265625 0.05859375
28 0.3234375 0.22421875 0.02265625 0.0578125
28 0.296875 0.2234375 0.02421875 0.05546875
28 0.38203125 0.225 0.0265625 0.05625
28 0.3515625 0.225 0.02265625 0.06015625
28 0.7796875 0.3265625 0.02734375 0.040625
28 0.68359375 0.36015625 0.0328125 0.0609375
28 0.75234375 0.3609375 0.0296875 0.05859375
28 0.71484375 0.35859375 0.0296875 0.0609375
28 0.78515625 0.36875 0.0296875 0.03984375
28 0.21015625 0.434375 0.0421875 0.053125
28 0.2515625 0.434375 0.03828125 0.05078125
28 0.415625 0.4359375 0.03984375 0.05546875
28 0.375 0.4359375 0.040625 0.05546875
28 0.515625 0.43671875 0.05078125 0.0578125
28 0.4609375 0.4359375 0.05078125 0.05625
28 0.29296875 0.43671875 0.0421875 0.0515625
28 0.3359375 0.4375 0.040625 0.05078125
28 0.571875 0.4390625 0.05078125 0.05625
28 0.4328125 0.5171875 0.02421875 0.05390625
28 0.3171875 0.521875 0.04296875 0.05546875
28 0.35859375 0.5234375 0.0421875 0.05546875
28 0.4609375 0.5203125 0.025 0.05859375
28 0.4859375 0.5203125 0.02734375 0.05859375
28 0.3984375 0.521875 0.03828125 0.05390625
28 0.53828125 0.521875 0.0265625 0.053125
28 0.5109375 0.521875 0.02734375 0.05625
28 0.5796875 0.52421875 0.05078125 0.0515625
28 0.6859375 0.525 0.04921875 0.05078125
28 0.63125 0.5265625 0.05078125 0.046875
28 0.20859375 0.5984375 0.0515625 0.04296875
28 0.3140625 0.5984375 0.040625 0.04296875
28 0.2640625 0.59921875 0.04921875 0.0453125
28 0.35546875 0.6 0.0328125 0.0375
28 0.4171875 0.60078125 0.02890625 0.0359375
28 0.3875 0.6 0.03125 0.03515625
28 0.4515625 0.60234375 0.02890625 0.0328125
28 0.484375 0.60546875 0.02734375 0.0328125
28 0.21015625 0.678125 0.0296875 0.03828125
28 0.27734375 0.6796875 0.0296875 0.0375
28 0.3109375 0.68125 0.03125 0.03984375
28 0.240625 0.68125 0.02890625 0.040625
28 0.3421875 0.68125 0.02890625 0.0375
28 0.375 0.6828125 0.03125 0.03984375
28 0.4078125 0.6828125 0.03359375 0.03828125
28 0.440625 0.68125 0.02890625 0.03984375
28 0.215625 0.7640625 0.04296875 0.04921875
28 0.259375 0.7671875 0.040625 0.046875
28 0.30625 0.7671875 0.03984375 0.04453125
28 0.44296875 0.76953125 0.0421875 0.0453125
28 0.3515625 0.77109375 0.04296875 0.0453125
28 0.4890625 0.7703125 0.04296875 0.04453125
28 0.3953125 0.77109375 0.04296875 0.0453125