28 0.38121966079528213 0.7890885223201739 0.07106866943775669 0.08128767401194459
28 0.3683990635399914 0.7192117802039586 0.06927884890464328 0.07343880642076392
28 0.35654157271119147 0.6431032218833337 0.06610838479802066 0.07180357123840278
28 0.34381190366914616 0.5701014797671183 0.06610838479802066 0.07180357123840295
28 0.3309913064138555 0.500224737650903 0.06771634890464337 0.07340243882958344
28 0.31819344121187615 0.4295667455346878 0.06615384890464338 0.07336607123840291
28 0.3062904862764534 0.35502068721406277 0.06615384890464338 0.07336607123840277
28 0.2940920146479834 0.29063087889343775 0.0659719924781526 0.06711607123840287
28 0.2828339173926927 0.220790504368403 0.06606292069139794 0.0702410712384028
28 0.2586415626155546 0.084979637727153 0.06597199247815269 0.06711607123840282
28 0.2715530880840906 0.1517313798433683 0.06771634890464337 0.07340243882958339
28 0.3338377909079423 0.05311334830822945 0.02631845909205772 0.04589438145888891
28 0.3436614202956866 0.09164917144649334 0.024574102665567032 0.03960801386770836
28 0.4066314670761235 0.3456294630496184 0.053244671945039145 0.05901263050895835
28 0.39811192491454006 0.2891430737069448 0.05159124373179384 0.055851262917777866
28 0.38798441864633393 0.2341828167730906 0.05172763605166182 0.060538762917777864
28 0.3684197278966762 0.12740548670097254 0.053335600158284535 0.062137630508958354
28 0.3800642700582597 0.18396461122600727 0.05159124373179384 0.055851262917777825
28 0.36228103965430103 0.04283046494947947 0.029170674452321597 0.03659211664125002
28 0.3683348113619134 0.07658786910979198 0.027880959092057723 0.04593074905006946
28 0.5220508447480082 0.05983939304548656 0.04502299498543501 0.04476829255305559
28 0.5324738677092619 0.10464339997934073 0.04667642319868044 0.04792966014423614
28 0.5397946227238267 0.14859342173083379 0.04667642319868044 0.04792966014423614
28 0.5493681995251463 0.1957229948690977 0.04520485141192587 0.05101829255305561
28 0.6026774044605689 0.27123279435600745 0.08852895407749273 0.09106271751493064
28 0.6296992425446597 0.4172726461796186 0.08843802586424729 0.08793771751493065
28 0.6161883235026143 0.34425272026781306 0.08664820533113407 0.08008884992375007
28 0.6424743756933277 0.48871188829583384 0.08494931301126592 0.0753649823325695
28 0.5681589666139051 0.0335503031897227 0.05118206677218975 0.04178876291777782
28 0.5779825960016495 0.0720861263279866 0.05297188730530315 0.04963763050895838
28 0.5956354457642226 0.16396515501333384 0.05145485141192587 0.05116376291777782
28 0.5883601548562803 0.11845263326184079 0.04984688730530316 0.04956489532659728
28 0.6067942546188535 0.2103498457427783 0.04984688730530316 0.04956489532659729
28 0.7143504095416409 0.7858973192416325 0.07451191818411544 0.09229790919430556
28 0.7322987759972615 0.8676200979269797 0.07768238229073816 0.09393314437666689
28 0.7442244629859955 0.9413849062476048 0.07392088479802066 0.07198540919430556