28 0.22513670140947 0.688051119403591 0.11254284946188076 0.10721271370395283
28 0.30778438151709386 0.7039826566041493 0.10465757485477489 0.10524077792830404
28 0.3905412235353765 0.7175704438047076 0.10473034946188076 0.10680327792830405
28 0.5627222845364125 0.7521900260077402 0.10629284946188075 0.10688516508343397
28 0.47858487903589453 0.7347778759623116 0.10622007485477489 0.1053226650834338
28 0.7062346900369304 0.7664904641582381 0.07209763192686935 0.0754780348257091
28 0.6406653480186479 0.7520019182512525 0.07849318114108109 0.07893058344622812
28 0.1152801660489972 0.5535267124607575 0.06577485731976358 0.07358798620519007
28 0.22501688503175057 0.573493974446545 0.06257708271265772 0.07186171189493056
28 0.1717292191921503 0.5630378312985215 0.0706079065339753 0.07695864767057933
28 0.41658364681857485 0.6102149672104559 0.08921235731976362 0.07481629353213641
28 0.7448670045526231 0.6732826967453835 0.06072348428423435 0.0655298247398008
28 0.7914145188206468 0.677857332091491 0.054255160462916764 0.06051477611928178
28 0.8460121275881523 0.6601884752395145 0.05218323821317554 0.0494953889641522
28 0.9185763323028822 0.6750897789484162 0.025256865177646404 0.04029080732694616
28 0.8846379799455175 0.6675162963612709 0.05047518899896417 0.04628850180902226
28 0.2977116763880794 0.5353931088881414 0.07751287799792798 0.09134869629109836
28 0.36182768031702084 0.5476197919502567 0.08078342721213971 0.09463747060135788
28 0.7009393761404104 0.6124580613992762 0.08205482878371625 0.08846935775648763
28 0.638385872211469 0.6001494911820311 0.08198205417661039 0.08690685775648763
28 0.5766500055860805 0.5870187273872212 0.07580482878371626 0.08814180913596861
28 0.18461451695862 0.5039118147901782 0.06235875889134017 0.06717421189493074
28 0.1336706011190198 0.49333284090945995 0.06875430810555186 0.07062676051544958
28 0.43326603267438574 0.5532279828142881 0.0861601319268694 0.0762150192218769
28 0.23790218279822017 0.5143679579382017 0.06562930810555194 0.07046298620519006
28 0.7592056404084341 0.6164185430819105 0.05745293507002245 0.06224105042954129
28 0.5121166246926683 0.5670204879026708 0.08430653349844608 0.06988313206674715
28 0.8070973308551401 0.6255987912728881 0.059015435070022534 0.06232293758467104
28 0.8530819189444813 0.6255268701965605 0.03924659057054072 0.03946529172311415
28 0.9279898736592109 0.6403053431727674 0.02340326674922295 0.033958920171816585
28 0.894160683212505 0.630388110585622 0.04720463978475209 0.042999727498762755
28 0.2213932330458892 0.41703593453245336 0.056254308105551855 0.06997166327441154
28 0.3401988910276066 0.39288470432015704 0.08812504631872757 0.1184025192218769
28 0.7865943939230906 0.48015681648765884 0.09401117328319834 0.11091756784239593
28 0.2337883792407823 0.35170086160167485 0.06116013192686944 0.0749048247398008