28 0.9395117025117669 0.6415440378740058 0.09815685633066593 0.07456474267981754
28 0.8408696509696394 0.6309707118873689 0.09796594155801364 0.06362724267981754
28 0.7423094200443628 0.6250848859007319 0.07910684740221222 0.05715906667727211
28 0.6788372552717105 0.6148837299093224 0.04928297970746058 0.04900112133990877
28 0.25244235064532783 0.5846818933004561 0.04577615016215582 0.027089758672817866
28 0.20366788554836388 0.5211739239735922 0.0730204886359143 0.06646134134309048
28 0.12387129139256255 0.5158511719844098 0.06992276217486461 0.06798747867599957
28 0.05116049431466185 0.513571603994273 0.07455571509696395 0.06491702267663584
28 0.27399402231783904 0.5211370139640471 0.06353639448011297 0.060102253341817756
28 0.7782957386326189 0.5379297838956412 0.04766593262955983 0.04585794000636341
28 0.39197640908731424 0.520545573281366 0.0805329797074605 0.04936474801081765
28 0.32705083847046323 0.516612598623502 0.04286933847375849 0.03955339600572696