28 0.6229242225796399 0.8819741250557716 0.11125001324684387 0.10283052273741297
28 0.5913989148677588 0.8057962856261753 0.10516370435383653 0.10726335475263546
28 0.53386168946253 0.6326015247517605 0.10171132213985139 0.0977610207602467
28 0.5594643793883962 0.7178996961965791 0.10683533175849824 0.11045202174882984
28 0.5051612813878293 0.5479572693145529 0.10985120435383636 0.1074543557412186
28 0.47557049590846673 0.4601561803792483 0.11308533175849825 0.11070668973360753
28 0.44517117857793886 0.37154200794584646 0.12909227767481415 0.12228085969555132
28 0.3755506154237621 0.16508907809807077 0.12774803248413757 0.12846719269935694
28 0.40574160162876405 0.27007766703337543 0.12742065027015242 0.11909219269935693
28 0.4775497243937384 0.9189581774134987 0.0837599303072194 0.07518568380210837
28 0.456862712960993 0.862725423459166 0.0838690577118811 0.07831068380210837
28 0.43436766486775874 0.799397752508639 0.09228175843752044 0.09581651878308044
28 0.4155060482628702 0.7284167490485979 0.09039187622353535 0.08637785178688588
28 0.38579870089527546 0.6819582431170989 0.07082342068857254 0.06217634783255317
28 0.36923619427185345 0.6321346566532521 0.07427580290255768 0.07167868182494211
28 0.3509747783926044 0.578341153193211 0.07427580290255768 0.07167868182494211
28 0.32602685289470845 0.5117929817483923 0.09378969473518968 0.09431768577927464
28 0.30223219962933107 0.4335897272997681 0.08732143992586625 0.08781301779449713
28 0.2750769333872623 0.3708523053606577 0.0809077488188736 0.08287084980971962
28 0.24907493937771202 0.2964598004177419 0.0908829495445131 0.10044035178688589
28 0.21970240870767296 0.21490871148243723 0.08910219473518968 0.0941266847906915
28 0.32565486377929964 0.769223479771226 0.05972222958157989 0.05704317885919252
28 0.30833838900704313 0.720149309809282 0.059613102176918266 0.05391817885919252
28 0.2871975097882829 0.6732597223568522 0.05498016587924912 0.05528967787060921
28 0.26842766242068805 0.6272468853987139 0.059776793283910834 0.058605678859192524
28 0.34987859217975326 0.9043943172236559 0.048566474772256465 0.0503475098858317
28 0.3335343403656547 0.8608207307598092 0.04376984736759484 0.047031508897248386
28 0.3171355248492253 0.8156846442959624 0.04549603847458741 0.051782675893442945
28 0.3168404028868592 0.9412748933073793 0.04689484736759484 0.047158842889637495
28 0.3014956558820841 0.9039831403416297 0.04053571996293304 0.04377917490485963
28 0.26604425080260824 0.782397300417742 0.06268353847458741 0.05248301285158128
28 0.286932158877309 0.8667232208739775 0.04538691106992569 0.04865767589344294
28 0.2715055663190376 0.827087717908228 0.047003974772256554 0.0502838428896375
28 0.24671140824433682 0.7426026299615064 0.06591766587924912 0.05573534684397004
28 0.19936763837407093 0.5932273710642578 0.09006449400955026 0.07700285178688589
28 0.2270784653232457 0.6942142095052709 0.06446429328391083 0.05879667984777566
28 0.21216030425332005 0.6467980400376185 0.06435516587924912 0.05567167984777566
28 0.17469253138782928 0.5344916996194391 0.08861112141421197 0.08006418479069151
28 0.15395095625275304 0.4766964456651065 0.09184524881887364 0.08331651878308044
28 0.12997525371301508 0.41564885771838495 0.08386905771188106 0.07831068380210837
28 0.10605411487560798 0.3561637697716635 0.09017362141421192 0.08012785178688589
28 0.08199656678237376 0.292772431824942 0.09184524881887365 0.08331651878308026