28 0.7078125 0.7453125 0.05546875 0.04453125
28 0.771875 0.7484375 0.05625 0.04453125
28 0.8375 0.753125 0.05625 0.04453125
28 0.909375 0.75703125 0.06484375 0.0484375
28 0.8078125 0.08125 0.084375 0.06953125
28 0.446875 0.84609375 0.040625 0.0421875
28 0.48828125 0.846875 0.0421875 0.04296875
28 0.7125 0.08515625 0.08984375 0.0734375
28 0.5328125 0.85 0.040625 0.03828125
28 0.5765625 0.8546875 0.0375 0.03828125
28 0.621875 0.85625 0.04453125 0.03828125
28 0.6671875 0.8609375 0.03984375 0.0375
28 0.721875 0.86171875 0.06484375 0.0484375
28 0.7921875 0.86640625 0.06953125 0.0453125
28 0.87578125 0.87109375 0.0734375 0.0453125
28 0.6234375 0.0890625 0.078125 0.071875
28 0.540625 0.0953125 0.07578125 0.07109375
28 0.4609375 0.0953125 0.07578125 0.06953125
28 0.371875 0.10234375 0.07578125 0.0671875
28 0.3015625 0.10625 0.06875 0.06640625
28 0.22421875 0.11171875 0.0734375 0.0640625
28 0.15546875 0.12265625 0.0578125 0.0421875
28 0.0890625 0.128125 0.06484375 0.040625
28 0.0265625 0.13046875 0.053125 0.0453125
28 0.81953125 0.378125 0.0828125 0.07109375
28 0.91640625 0.378125 0.0828125 0.06953125
28 0.41796875 0.3796875 0.0765625 0.07421875
28 0.565625 0.38125 0.07421875 0.06953125
28 0.48984375 0.38125 0.0765625 0.07109375
28 0.64921875 0.38203125 0.0796875 0.0609375
28 0.73046875 0.38359375 0.0828125 0.0578125
28 0.103125 0.384375 0.03828125 0.05859375
28 0.0609375 0.38515625 0.03515625 0.0578125
28 0.0765625 0.4828125 0.046875 0.05390625
28 0.1265625 0.484375 0.046875 0.05390625
28 0.1796875 0.4859375 0.04921875 0.05390625
28 0.2296875 0.4859375 0.05078125 0.05390625
28 0.2828125 0.4859375 0.04453125 0.05390625
28 0.3265625 0.4921875 0.03984375 0.04296875
28 0.3640625 0.49296875 0.0375 0.0421875
28 0.403125 0.49375 0.0375 0.04296875
28 0.446875 0.49296875 0.0375 0.0421875
28 0.4921875 0.49453125 0.04296875 0.0421875
28 0.53828125 0.4953125 0.0484375 0.04296875
28 0.584375 0.49609375 0.046875 0.0453125
28 0.6296875 0.4953125 0.046875 0.04453125
28 0.728125 0.4984375 0.04921875 0.04296875
28 0.778125 0.496875 0.053125 0.04453125
28 0.678125 0.4984375 0.05078125 0.04296875
28 0.828125 0.49765625 0.04296875 0.0484375
28 0.8765625 0.50703125 0.03515625 0.0265625
28 0.91875 0.509375 0.03984375 0.025
28 0.65234375 0.6 0.0359375 0.05625
28 0.58046875 0.60234375 0.0296875 0.0640625
28 0.615625 0.603125 0.02890625 0.0625
28 0.690625 0.60546875 0.02890625 0.0640625
28 0.74609375 0.61171875 0.0734375 0.0515625
28 0.82734375 0.6140625 0.0765625 0.05625
28 0.9109375 0.6171875 0.08046875 0.05625
28 0.5765625 0.73828125 0.05625 0.0453125
28 0.64375 0.7421875 0.06015625 0.04453125