28 0.88046875 0.1 0.0796875 0.109375
28 0.628125 0.10078125 0.08203125 0.1109375
28 0.71015625 0.10078125 0.0796875 0.1109375
28 0.5453125 0.10234375 0.08046875 0.1140625
28 0.79609375 0.10078125 0.0828125 0.1140625
28 0.46015625 0.1046875 0.0796875 0.11328125
28 0.2046875 0.1078125 0.07421875 0.11328125
28 0.28828125 0.10859375 0.0828125 0.1109375
28 0.375 0.10625 0.07421875 0.11328125
28 0.0421875 0.11171875 0.07421875 0.1140625
28 0.125 0.11171875 0.08203125 0.1109375
28 0.30625 0.36875 0.05390625 0.04296875
28 0.2015625 0.365625 0.05078125 0.04453125
28 0.25703125 0.3671875 0.0515625 0.04296875
28 0.9125 0.384375 0.09765625 0.109375
28 0.81640625 0.39296875 0.0796875 0.1046875
28 0.3546875 0.40859375 0.05625 0.0796875
28 0.4796875 0.409375 0.06640625 0.08046875
28 0.740625 0.40859375 0.06015625 0.0765625
28 0.678125 0.40703125 0.0625 0.0765625
28 0.546875 0.4078125 0.05859375 0.08203125
28 0.415625 0.40859375 0.05859375 0.0796875
28 0.6140625 0.40859375 0.06484375 0.0796875
28 0.2421875 0.41953125 0.05546875 0.0421875
28 0.18125 0.4171875 0.05390625 0.05078125
28 0.30234375 0.42109375 0.0484375 0.0421875
28 0.55859375 0.62734375 0.0890625 0.1109375
28 0.2625 0.6328125 0.09375 0.103125
28 0.365625 0.63125 0.08515625 0.10078125
28 0.05546875 0.63359375 0.0984375 0.1078125
28 0.15546875 0.63203125 0.0921875 0.1078125
28 0.8609375 0.63359375 0.10078125 0.1140625
28 0.7515625 0.6359375 0.09375 0.10703125
28 0.65390625 0.6375 0.0890625 0.10546875
28 0.45859375 0.63828125 0.0890625 0.0890625