28 0.7961694154761385 0.4196923974138896 0.047795512851581276 0.06199216014423605
28 0.8476364149818469 0.4232362779228479 0.050856845855386724 0.06050239532659733
28 0.9061346644875554 0.42694381259211883 0.05554434585538672 0.060611498100139015
28 0.7254775720922095 0.4657484734019451 0.10707235376405215 0.0992752610179167
28 0.6178242395826956 0.45933285961048664 0.1069450197716634 0.09615026101791671
28 0.15186365855605638 0.4375396336430904 0.07837435079830275 0.08455814437666671
28 0.5067912390884041 0.4590945106366672 0.10461851581733086 0.07736389342673604
28 0.9223061511416825 0.49066147368628554 0.05717051285158128 0.062210365691319505
28 0.35738148809982084 0.4603089056789239 0.06329317885919253 0.059230836056041625
28 0.8638079016359741 0.48695393901701467 0.05567167984777584 0.06373649810013901
28 0.8052141516359741 0.4855901543477438 0.05098417984777583 0.0636273953265972
28 0.41978598760552926 0.46410735932614616 0.060168178859192525 0.059158100873680654
28 0.2887269885941125 0.4563649816669795 0.06485567885919252 0.05926720364722229
28 0.0750146570731816 0.4427888716752431 0.06029551285158128 0.06228310087368065
28 0.22397873908840404 0.45251197663298637 0.06342051285158128 0.06235583605604163
28 0.7731444564651593 0.6201281552976743 0.08857702174882967 0.10508884992375016
28 0.8722040389746732 0.6263437473376396 0.09489068874502422 0.10679682028847229
28 0.6787405404575481 0.6148029160312506 0.09489068874502422 0.10679682028847229
28 0.5819928744499369 0.6094231253780561 0.08545202174882985 0.10501611474138901
28 0.1525918759328116 0.5923907878034029 0.10700868676785791 0.0977127610179167
28 0.05231460990551606 0.5867564240119445 0.10462921981103213 0.09644120174736112
28 0.4972358724727705 0.616834275454306 0.08736734882113631 0.07540134992375017
28 0.3293626229670621 0.6105810094023962 0.08424234882113639 0.07532861474138883
28 0.4144233724727705 0.6149067931217365 0.08105368182494206 0.07369337955902786
28 0.24423820646515929 0.6078177256830557 0.08730368182494201 0.07383884992375016
28 0.880808423347623 0.7798142394538549 0.08806768577927464 0.09258884992374998
28 0.791905090838109 0.7738350367565632 0.0850700197716634 0.09564111474138884
28 0.7045324248304977 0.7686734516504521 0.0881950197716634 0.09571384992375016
28 0.6171597588228865 0.7635118665443408 0.0850700197716634 0.095641114741389
28 0.5363408403438173 0.7702326855985422 0.07805601581733086 0.07674564437666671
28 0.4598738408381089 0.7661069236306949 0.07343218281352523 0.0781990416031249
28 0.38500117483049767 0.7612362792540281 0.06874468281352515 0.07808993882958326