28 0.0671875 0.37109375 0.09375 0.0671875
28 0.165625 0.37734375 0.09375 0.0578125
28 0.26328125 0.3796875 0.0734375 0.053125
28 0.3265625 0.38671875 0.046875 0.0453125
28 0.7515625 0.4 0.04296875 0.02421875
28 0.80234375 0.4609375 0.0671875 0.0625
28 0.88125 0.4625 0.06484375 0.0625
28 0.953125 0.46171875 0.06875 0.0609375
28 0.7328125 0.4640625 0.05859375 0.05546875
28 0.23046875 0.4671875 0.0453125 0.04453125
28 0.61484375 0.46875 0.0765625 0.04453125
28 0.6796875 0.4703125 0.040625 0.03828125