28 0.1765625 0.7875 0.03359375 0.05546875
28 0.2546875 0.815625 0.03515625 0.03125
28 0.29296875 0.815625 0.0328125 0.03125
28 0.8078125 0.81796875 0.06015625 0.0921875
28 0.74375 0.81953125 0.05859375 0.0953125
28 0.6796875 0.81875 0.06015625 0.09765625
28 0.6140625 0.81953125 0.0625 0.0984375
28 0.546875 0.821875 0.05859375 0.1
28 0.43515625 0.8390625 0.0484375 0.06953125
28 0.48984375 0.8390625 0.0515625 0.06953125
28 0.3859375 0.8484375 0.03828125 0.05390625
28 0.3390625 0.85 0.04296875 0.05625
28 0.2109375 0.853125 0.03515625 0.05625
28 0.1703125 0.85390625 0.03515625 0.0578125
28 0.296875 0.8609375 0.03515625 0.03515625
28 0.2546875 0.8609375 0.0375 0.03515625
28 0.7796875 0.315625 0.05859375 0.06875
28 0.71484375 0.3171875 0.0609375 0.07109375
28 0.64375 0.3171875 0.06015625 0.06640625
28 0.57890625 0.32421875 0.0640625 0.0609375
28 0.871875 0.61953125 0.1 0.1296875
28 0.78125 0.6421875 0.06640625 0.08671875
28 0.7046875 0.6453125 0.06640625 0.08984375
28 0.628125 0.65 0.06953125 0.08671875
28 0.553125 0.65625 0.06640625 0.071875