28 0.27265625 0.871875 0.0609375 0.05390625
28 0.20078125 0.87734375 0.0484375 0.0453125
28 0.1375 0.878125 0.05390625 0.05078125
28 0.3265625 0.884375 0.03515625 0.03125
28 0.365625 0.88515625 0.03125 0.0328125
28 0.33359375 0.325 0.0671875 0.10234375
28 0.2609375 0.3234375 0.06953125 0.10078125
28 0.1859375 0.3265625 0.07421875 0.09375
28 0.1046875 0.3265625 0.07578125 0.08671875
28 0.1984375 0.4875 0.03515625 0.08203125
28 0.1609375 0.4890625 0.03359375 0.08046875
28 0.25 0.48984375 0.05390625 0.0765625
28 0.1125 0.49140625 0.053125 0.0796875
28 0.8078125 0.61953125 0.03984375 0.0765625
28 0.759375 0.61796875 0.04296875 0.0765625
28 0.5625 0.61875 0.05546875 0.08671875
28 0.621875 0.61875 0.05546875 0.084375
28 0.7171875 0.61953125 0.046875 0.0765625
28 0.2125 0.6296875 0.07109375 0.06484375
28 0.890625 0.63125 0.03359375 0.053125
28 0.85234375 0.63125 0.0328125 0.05078125
28 0.13125 0.63671875 0.07421875 0.0640625
28 0.321875 0.640625 0.04296875 0.05546875
28 0.27421875 0.640625 0.0421875 0.053125
28 0.125 0.76796875 0.04453125 0.0484375
28 0.175 0.76796875 0.04296875 0.0515625