28 0.2484375 0.46953125 0.09609375 0.1078125
28 0.34765625 0.4703125 0.0921875 0.11171875
28 0.546875 0.4703125 0.0875 0.109375
28 0.6515625 0.47109375 0.08984375 0.1109375
28 0.453125 0.4703125 0.08984375 0.11328125
28 0.1375 0.4703125 0.09765625 0.11328125
28 0.7546875 0.475 0.0875 0.09765625
28 0.85078125 0.4796875 0.0890625 0.08515625
28 0.61328125 0.6625 0.0515625 0.06640625
28 0.67421875 0.66328125 0.0578125 0.0671875
28 0.790625 0.66171875 0.05546875 0.0671875
28 0.73203125 0.6625 0.0515625 0.06640625
28 0.49765625 0.66328125 0.0515625 0.0671875
28 0.5546875 0.66328125 0.05078125 0.0671875