28 0.05795742486442677 0.10698748764271034 0.050345433645025486 0.06141234387822053
28 0.0607415363989411 0.16545390365032153 0.047184072208707 0.055035009885831744
28 0.06738644613805733 0.23157365216744674 0.04719316256778661 0.0565975098858317
28 0.015397741023009556 0.10483208003805608 0.03079548204601911 0.055960839923887826
28 0.016596626659824847 0.23211216304186166 0.033193253319649695 0.060775673916276675
28 0.015215933841417204 0.16733208003805608 0.03043186768283441 0.055960839923887826
28 0.01875856947823249 0.2929541625475701 0.03751713895646498 0.05784167490485981
28 0.6833710362025494 0.02142738929727498 0.058176114363184796 0.04285477859454996
28 0.687663105582586 0.07820468817637055 0.05823065651766246 0.0742306788591925
28 0.6903563135263042 0.15229610418398176 0.05664997579950324 0.0710420118629981
28 0.6938262262904825 0.2271369366934958 0.05820338544042354 0.0695431788591925
28 0.6907188861277946 0.3584824371877874 0.033148843285945875 0.05914950692008229
28 0.6871671601318997 0.29770410467827335 0.03469316256778647 0.05608817391627659
28 0.6942751573032293 0.41847951969730135 0.033148843285945875 0.05914950692008216
28 0.6962552929400447 0.4808840192030098 0.03786361436318479 0.06402800790866543
28 0.5228148104030461 0.08570280627487885 0.07529998184962743 0.05461851581733077
28 0.5264119881943392 0.13866863878439287 0.07531816256778665 0.05774351581733077
28 0.5184409277912929 0.03202399108416091 0.0784795240041051 0.06404798216832182
28 0.529209735267473 0.19479130479200407 0.07842498184962743 0.05474584980971957
28 0.5312625937769251 0.24469580429771254 0.07845225292686635 0.059433349809719614
28 0.39792389471200157 0.07204616597043018 0.06621587334017516 0.10423651384016444
28 0.40197052439688863 0.18201141498184698 0.07095791549465287 0.11380251482874763
28 0.409887042645457 0.29806749650277786 0.0725022347764936 0.11074118182494201
28 0.26968072004396654 0.09757935965837028 0.08809996369925477 0.10669035178688593
28 0.2690262141902341 0.21007935965837027 0.07093064441741408 0.10911501482874764
28 0.27072909387512106 0.3201401091640787 0.06936814441741398 0.10905134783255317
28 0.2961588024080144 0.7822753532325797 0.06924087939029935 0.08717634783255335
28 0.2996014440949539 0.8618036857420937 0.06765110831306051 0.08242518083635879
28 0.30460658578189337 0.9412683512554132 0.06923178903121974 0.08561384783255335
28 0.30591910090720387 0.984173434259219 0.06409886143631845 0.008860346843970034
28 0.17258598878351433 0.542056212928131 0.06452610831306052 0.08229784684397004
28 0.17833601903413537 0.6277390449433534 0.06452610831306052 0.08229784684397004
28 0.14472162665982485 0.0956414693539216 0.050345433645025486 0.061412343878220546
28 0.14902733157848091 0.16107546836533843 0.05030907220870704 0.05516234387822054
28 0.15254724131759714 0.22732255087485242 0.05347043364502548 0.0615396778706093
28 0.18681561866479304 0.781263292966187 0.06765110831306051 0.08242518083635879
28 0.18178775108015452 0.7057048774528674 0.06610678903121973 0.08548651384016441
28 0.15531317213395224 0.2889139668824637 0.05192611436318471 0.06460101087441492
28 0.19024462481311313 0.8631353754757012 0.06926815046753823 0.09186384783255334
28 0.1913435165000526 0.9427592084795066 0.06763292759490125 0.07930018083635915
28 0.19498614608674372 0.9879125409890207 0.0641079517953981 0.010422846843970036