28 0.7190711328157129 0.9199027568457201 0.0960075197716634 0.0975063527754692
28 0.22483831315778002 0.8753051116355366 0.06836268083635888 0.06986151384016423
28 0.35210380870915575 0.8911781679475965 0.06849001482874764 0.07298651384016423
28 0.2883596436901277 0.8859760147915665 0.06692751482874755 0.07292284684397003
28 0.5934490503061988 0.9211217000393687 0.05717051285158128 0.06316584486680377
28 0.17123969414505064 0.2574265449433534 0.06402269072219058 0.1164818458553869
28 0.2232969426621759 0.26232495057084126 0.06233285672980175 0.11329317885919252
28 0.2728512736888152 0.27122510669262073 0.07346135771838505 0.11842634783255326
28 0.6775374792025722 0.46532268619920425 0.079902358706968 0.12336851581733085
28 0.6105728136892526 0.462591617035563 0.06832818874502422 0.10729784684397004
28 0.6325711946021612 0.6309450276059667 0.09208402372599629 0.11606535178688589
28 0.5529791950964528 0.6318482944118807 0.07869268577927464 0.09368101581733086
28 0.4830486970736191 0.6253383092406283 0.07713018577927463 0.0936173488211363
28 0.7047671881763705 0.6584214287848305 0.08130834980971961 0.08130834980971961
28 0.5605304154389575 0.7719321249442285 0.07100751977166339 0.0964876808363588
28 0.7823762405340977 0.8018902444884304 0.09275518577927463 0.09425401878308044
28 0.6260771609903333 0.7903200276059668 0.07805601581733086 0.07805601581733086
28 0.49799858194086033 0.7752600547920041 0.05736151384016441 0.06785334486680376
28 0.7005041580245838 0.8013265117886359 0.07942751482874755 0.07343218281352515
28 0.25799300585713697 0.7507216057040376 0.04798651384016441 0.06747134288963733
28 0.21368459034381732 0.7470673650955778 0.04642401384016441 0.06740767589344294