28 0.18125 0.1234375 0.05078125 0.09375
28 0.759375 0.12421875 0.05546875 0.0921875
28 0.04453125 0.1390625 0.0328125 0.05546875
28 0.084375 0.1390625 0.03515625 0.053125
28 0.13125 0.1421875 0.040625 0.05078125
28 0.4796875 0.2609375 0.046875 0.06953125
28 0.27265625 0.26328125 0.0515625 0.0671875
28 0.325 0.2640625 0.04921875 0.06875
28 0.16484375 0.2625 0.0515625 0.06640625
28 0.21796875 0.2640625 0.0515625 0.06875
28 0.4296875 0.2625 0.046875 0.06640625
28 0.378125 0.2625 0.04921875 0.06640625
28 0.0703125 0.2703125 0.04296875 0.05078125
28 0.1140625 0.271875 0.03984375 0.05078125
28 0.29375 0.375 0.06875 0.071875
28 0.15859375 0.37109375 0.0609375 0.0796875
28 0.090625 0.37109375 0.071875 0.0796875
28 0.22578125 0.3765625 0.0640625 0.06015625
28 0.4171875 0.38203125 0.05546875 0.0578125
28 0.359375 0.3828125 0.05546875 0.05546875
28 0.47578125 0.38125 0.0515625 0.05390625
28 0.53125 0.3828125 0.04921875 0.05078125