28 0.8711457913849943 0.3630912202137588 0.07109623920022692 0.07119173151356133
28 0.85802574329176 0.4249541833820558 0.06937004809323426 0.06641322625188946
28 0.36375742123672666 0.16444599175455638 0.06435516587924912 0.056765210466873925
28 0.3808209248649238 0.07932753910960302 0.06569941106992569 0.0506062157285458
28 0.34613092241785304 0.24326894176867384 0.06569941106992569 0.050606215728545755
28 0.3569245786784553 0.2031899733387049 0.06564484736759484 0.04904371572854584
28 0.33168398730131027 0.32071140230613493 0.0641369110699257 0.050515210466873926
28 0.3392435161572508 0.2835754233528224 0.06251984736759475 0.0488617052052021
28 0.3730431411996598 0.12271351806291561 0.0641369110699257 0.050515210466873975
28 0.2595063315040441 0.8856314760401279 0.10596231252120454 0.0872563472703419
28 0.3107687642583342 0.6506341207361038 0.10143850362819702 0.09167083148532651
28 0.27931288921592523 0.8116325339185183 0.10456350362819702 0.09185284200867017
28 0.2961854198859643 0.731982831273565 0.10461806733052796 0.09341534200867016
28 0.3298486356725462 0.5750271759836583 0.1044543762235353 0.08872784200867016
28 0.3449404115332618 0.5015364680770331 0.10946925843752045 0.09837585779368574
28 0.4528149759533829 0.05768702851567216 0.0642460384745874 0.05364021046687397
28 0.43402528121819317 0.14740197589895368 0.06413691106992551 0.050515210466873926
28 0.4432837193299609 0.1064507522073129 0.0641369110699257 0.050515210466873975
28 0.3983084921106337 0.31832912592718854 0.0641369110699257 0.050515210466874017
28 0.4161532457388307 0.23325617591307107 0.0673710384745874 0.053822220990217676
28 0.4246577157017638 0.1914781995905944 0.0672619110699257 0.05069722099021767
28 0.40678568022240136 0.27733239960471184 0.06569941106992569 0.050606215728545845
28 0.5288541092636764 0.4582323310618035 0.08822917549789597 0.0706302893919517
28 0.5393575888452563 0.4040453600009986 0.08984623920022691 0.07228379465362349
28 0.5540128550873251 0.3430546520943734 0.08047123920022674 0.07173776308359248
28 0.5685317120735668 0.2859701941877482 0.08354167549789597 0.07035727360693614
28 0.5773684432996091 0.8399520388978414 0.04209821996293321 0.044553636803468064
28 0.5705901644436687 0.87713352048199 0.038973219962933035 0.044371626280124234
28 0.587353567709046 0.8006088178370367 0.037410719962933214 0.044280621018452496
28 0.6377652846767543 0.7244782283180281 0.0625744110699257 0.0504242052052021
28 0.6292608147138212 0.7662562046405048 0.06117560217691818 0.05502069994353036
28 0.6494766001931837 0.6805385125188951 0.06268353847458741 0.0535492052052021
28 0.6588714475607785 0.6356810388272545 0.06101191106992552 0.05033319994353036
28 0.622217151829797 0.8558724414863252 0.03919147477225664 0.050621626280124586
28 0.615220618164533 0.8993039230704737 0.037410719962933214 0.044280621018452496
28 0.6344914625369029 0.8182282283180282 0.037410719962933214 0.044280621018452496
28 0.608469621159758 0.9357041546546221 0.03406746515360979 0.03784861049510866