28 0.8499173685022352 0.6609549640158454 0.10506142126547421 0.11574062406898662
28 0.7704792844927038 0.6268110963569996 0.10969437418757355 0.11283394789030421
28 0.590632097398917 0.564572153843379 0.09864778003177221 0.10607452564056316
28 0.6793360872526473 0.5929026691448598 0.11281937418757337 0.11297949710451576
28 0.502654810467286 0.5331530258454509 0.10974892126547413 0.11595894789030421
28 0.411552523535655 0.5015883486333113 0.11292846834337485 0.11922949710451594
28 0.3196553498345489 0.4692060341176186 0.12729097727182861 0.1370719685684687
28 0.10524224796810981 0.39442855024766904 0.12882620373287818 0.13558224317557438
28 0.2158757848997408 0.42690291004863196 0.12095915665497754 0.13209337014004524
28 0.8917758116851019 0.5099040403183623 0.07803527110331814 0.08794095574818712
28 0.8336223924482228 0.4876801298554456 0.0811875446422686 0.08964900496239885
28 0.7683831761334428 0.4620037336605526 0.09851141233702058 0.09826202564056316
28 0.6938780539744643 0.44214068982302435 0.08754663879807012 0.09619010339082212
28 0.6457172435038829 0.41101481430629566 0.06219208279171564 0.0747132096771285
28 0.5931007581143796 0.39295186496824946 0.0716216298696164 0.07827485731976358
28 0.5388944991859258 0.3732536410230974 0.0716216298696164 0.07827485731976358
28 0.4697490328711459 0.34739530831043963 0.09538641233702042 0.09811647642635143
28 0.3880899297868908 0.3201735287409351 0.08902731818121908 0.09157537799792799
28 0.32357741639421017 0.2914085198495949 0.08738299756436803 0.08681510339082213
28 0.24579728977100473 0.262806176797855 0.10158186525911975 0.0952825748547749
28 0.1625075028393738 0.23160537262124453 0.09530459172016936 0.09342897642635144
28 0.7383081180984934 0.3489750407326471 0.05728639448011279 0.0619948858558109
28 0.6872268591700397 0.3294223660017067 0.05416139448011279 0.061849336641599174
28 0.6392296899331604 0.3076714904849781 0.05723184740221221 0.0588698858558109
28 0.5912461574657565 0.28670186496824945 0.05887616801906326 0.06363016046291677
28 0.8792876741048481 0.3758372553721743 0.0524352532464107 0.05240156203449331
28 0.8344836887153445 0.35813817906965734 0.04769320616851012 0.04905823821317572
28 0.787335953325841 0.3403299408564816 0.05232615909060954 0.04615156203449331
28 0.9200666327089901 0.3418282824604795 0.0508727532464107 0.052328787427387446
28 0.8807586708584371 0.3259464172828331 0.046021612012708955 0.042735463606069855
28 0.7544046765404799 0.2872755614108115 0.052680715096963836 0.06646406203449332
28 0.8414643457773592 0.31084580210518664 0.04925570616851012 0.04913101282028158
28 0.8005666103878557 0.29332866232043436 0.050818206168510384 0.049203787427387444
28 0.7126575073036007 0.2658157843225063 0.05583298863591431 0.06817211124870504
28 0.557973961443516 0.21411623552257936 0.07970686525911966 0.0942637303552929
28 0.6623302248361965 0.24473699689511888 0.060520488635914305 0.06839043507002263
28 0.6128660129856435 0.22838209677128435 0.05583298863591431 0.06817211124870501
28 0.49664099512873605 0.18862177584545092 0.08126936525911965 0.09433650496239876
28 0.4361438258918568 0.16628870347187544 0.08442163879807008 0.09604455417661044
28 0.3732347228076017 0.13994021918764116 0.0811875446422687 0.08964900496239875
28 0.31190175649282176 0.1144457595105127 0.08285913879807012 0.09597177956950458
28 0.24588129017804183 0.08873297601206669 0.08598413879807003 0.0961173287837163