34 0.7203125 0.7828125 0.06953125 0.271875
34 0.4421875 0.47109375 0.071875 0.2765625
34 0.5140625 0.47109375 0.071875 0.2765625
34 0.5875 0.47109375 0.06953125 0.2765625
34 0.659375 0.47109375 0.071875 0.2765625
34 0.7296875 0.47109375 0.06953125 0.2765625
34 0.8046875 0.46640625 0.071875 0.2765625
34 0.940625 0.46796875 0.071875 0.2765625
34 0.02734375 0.78515625 0.0546875 0.2640625
34 0.08984375 0.784375 0.0671875 0.26171875
34 0.1578125 0.78515625 0.06953125 0.2671875
34 0.228125 0.7859375 0.07421875 0.271875
34 0.3015625 0.7859375 0.071875 0.271875
34 0.37109375 0.7859375 0.0671875 0.271875
34 0.43984375 0.7859375 0.0671875 0.271875
34 0.50703125 0.7828125 0.0671875 0.271875
34 0.578125 0.784375 0.07421875 0.27421875
34 0.65234375 0.784375 0.0671875 0.271875
34 0.3703125 0.47109375 0.071875 0.2765625
34 0.79375 0.7828125 0.07421875 0.271875
34 0.865625 0.78125 0.071875 0.271875
34 0.9328125 0.7765625 0.06015625 0.259375
34 0.9796875 0.778125 0.03828125 0.26171875
34 0.2984375 0.471875 0.071875 0.27890625
34 0.2265625 0.4703125 0.071875 0.27890625
34 0.15390625 0.471875 0.0765625 0.28125
34 0.0796875 0.4703125 0.06953125 0.27890625
34 0.02265625 0.471875 0.0453125 0.27890625
34 0.9671875 0.1453125 0.06484375 0.28359375
34 0.89765625 0.14609375 0.0765625 0.2859375
34 0.821875 0.1484375 0.07421875 0.28359375
34 0.7484375 0.14765625 0.07421875 0.2859375
34 0.66875 0.146875 0.07421875 0.28828125
34 0.5953125 0.1484375 0.06953125 0.28828125
34 0.5234375 0.1484375 0.07421875 0.28828125
34 0.4515625 0.15 0.071875 0.28828125
34 0.3796875 0.1484375 0.071875 0.28828125
34 0.30625 0.146875 0.07421875 0.290625
34 0.2328125 0.15 0.07421875 0.290625
34 0.15859375 0.1484375 0.0765625 0.29296875
34 0.0828125 0.1484375 0.07421875 0.29296875
34 0.02265625 0.146875 0.0453125 0.290625