34 0.8595870353582182 0.7367350802595494 0.28082592928356365 0.11486781268902799
34 0.4904903368464869 0.46092846114975733 0.31446922249741005 0.1165757830537503
34 0.5027228172017798 0.5392534829012504 0.31446922249741005 0.11657578305375012
34 0.5142832094677314 0.6199040708571533 0.3143236732831983 0.11345078305375011
34 0.5264793025194714 0.6974478426086462 0.31446922249741005 0.1165757830537503
34 0.5378941455712114 0.774973430564549 0.3143236732831983 0.1134507830537503
34 0.5455846751407158 0.8563143495425004 0.31446922249741005 0.11657578305375012
34 0.5669588691020786 0.9722601257593058 0.3092337588913402 0.05547974848138857
34 0.7714597770883052 0.05931728865642425 0.2960445541766104 0.08961323955076414
34 0.7830372859796454 0.12357981040791732 0.30331339867609247 0.11163370991548635
34 0.7951242171207266 0.19877983215941036 0.3083647717116218 0.11955531268902804
34 0.8075022466902311 0.28022985391090344 0.3082192224974101 0.116430312689028
34 0.8188079278313122 0.3554116918668062 0.30800089867609237 0.111742812689028
34 0.8301136089723935 0.430593529822709 0.3080008986760923 0.111742812689028
34 0.8382215155063687 0.5041401325962507 0.30800089867609237 0.11174281268902816
34 0.8480994176993726 0.5809390219389243 0.303801164601255 0.11962804787138914
34 0.8547518320912306 0.6615896098948271 0.29049633581753875 0.11174281268902816
34 0.479039106491194 0.3826216231938545 0.31446922249741005 0.1165757830537503
34 0.8656486945805353 0.8150601020110424 0.2687026108389293 0.11955531268902816
34 0.8706294470617346 0.8932578371934035 0.2587411058765309 0.11628484232430587
34 0.8772090868464868 0.958291810789167 0.24558182630702624 0.08341637842166598
34 0.4683691261359012 0.30433296903354207 0.31603172249741 0.11661215064493077
34 0.45535539578060835 0.22598976348645872 0.3160317224974101 0.11661215064493077
34 0.4438677781217625 0.14690167553055594 0.3194478209258335 0.12293488582729192
34 0.4307448858558109 0.06621471998347259 0.3158861732831983 0.1134871506449308
34 0.4242380206781645 0.02704311720993091 0.30472604135632897 0.04143031268902804
34 0.23073027067365523 0.9622278962765278 0.287940955748187 0.07554420744694426
34 0.21989762447876213 0.9010209053945836 0.28790672249741006 0.11595753400368096
34 0.20833723221281047 0.8203703174386806 0.28946922249741 0.11599390159486153
34 0.19495962882198833 0.7342146118915973 0.28946922249741003 0.11599390159486127
34 0.1842168738595896 0.6543634577312849 0.2907406240689866 0.10978026918604193
34 0.17198439350429673 0.5760384359797918 0.29103172249741005 0.11603026918604194
34 0.1636581631490039 0.49780433320625017 0.2862714478903042 0.1143586664125003
34 0.15536832009726392 0.42035148043270854 0.2768236732831983 0.11257796086541698
34 0.14689654052775933 0.3389923776591668 0.26759422249741005 0.11548475531833358
34 0.14076851095825477 0.25768782627239595 0.26290672249741004 0.11537565254479194
34 0.1324786679065148 0.18023497349885426 0.25375004631872755 0.11984494699770853
34 0.12386133912279851 0.0957508707253126 0.24422949710451586 0.1165017414506252
34 0.11706337551672866 0.05032926795177093 0.23165241439185813 0.047533535903541854