34 0.8356249536360462 0.3099919045645426 0.29230160580511527 0.14921472729976806
34 0.4505703634400276 0.5238368176435854 0.29704366950744615 0.1509682282883512
34 0.4710217618960815 0.4520108971873499 0.29704366950744615 0.1509682282883512
34 0.4915277240544663 0.3786224767311143 0.29698910580511534 0.1494057282883512
34 0.5119791225105204 0.30679655627487884 0.29704366950744615 0.1509682282883512
34 0.5316219891154088 0.23578371931674055 0.2969891058051154 0.1494057282883512
34 0.5483035468272899 0.16021071635099102 0.29704366950744615 0.1509682282883512
34 0.5877976111625929 0.04955303654039641 0.29627977767481417 0.09910607308079282
34 0.64369530382923 0.9583060236516342 0.2759821466419554 0.039330391330212676
34 0.6597121734293434 0.9241074371877873 0.27989088584218214 0.10658155832640723
34 0.6793996800527653 0.8741565167315517 0.2875595421027846 0.1474612263111851
34 0.699769232955323 0.8046743462753163 0.294027796912108 0.15396589429596252
34 0.7210837269648731 0.7304728423209836 0.29235616950744614 0.15077722729976806
34 0.7406993117185963 0.6602412553628454 0.2906299784004537 0.14602606030357368
34 0.7602603327699885 0.591572168404707 0.29062997840045346 0.1460260603035735
34 0.7758605401190499 0.5246247489370547 0.29062997840045346 0.14602606030357368
34 0.7970659067239384 0.45354824498272206 0.2955357332097771 0.1524670612921568
34 0.818407682584654 0.3785654910283893 0.29062997840045346 0.1460260603035736
34 0.4308729331328083 0.5964121546017236 0.29704366950744615 0.1509682282883512
34 0.8514434157944312 0.2367944850968903 0.28303573320977693 0.1519577253226017
34 0.8617931279528159 0.16381990011591835 0.2673561695074461 0.1497585553606578
34 0.874322899004208 0.09543731464065479 0.24655259618646852 0.1348683844101307
34 0.8826091141578178 0.05921331315778002 0.23107143992586607 0.09367038144438115
34 0.41195675282558886 0.6689556580617648 0.29866073320977693 0.15259439528454558
34 0.3899428543695349 0.7408452455141946 0.298660733209777 0.15259439528454558
34 0.3709993922111502 0.8141699989742357 0.30351192431676954 0.1574728962731286
34 0.3489582119039308 0.8868408364266657 0.2986061695074461 0.15103189528454558
34 0.3339582052805088 0.9366007558943179 0.290882949544513 0.10858972729976805
34 0.2579017800370669 0.039990988631293495 0.3060714399258663 0.07998197726258699
34 0.24069443266947207 0.07777749011416826 0.3050198606144387 0.15555498022833653
34 0.2194072205110873 0.15098820254800766 0.3065823606144387 0.15603773026551754
34 0.19712050354337907 0.2306902900004375 0.30814486061443874 0.156101397261712
34 0.1782043232361597 0.30323379346047863 0.308035733209777 0.15297639726171203
34 0.15688982922660946 0.3774352974148113 0.30814486061443874 0.15610139726171193
34 0.14642730553888744 0.44838446737675525 0.2928546110777749 0.15453889726171202
34 0.13502973131086046 0.5199557198482132 0.2700594626217209 0.15383856030357368
34 0.12442704800841622 0.5929939718253795 0.24885409601683245 0.15776205634924095
34 0.11533230100364111 0.6667498068063515 0.23066460200728223 0.157125386387297
34 0.10548358585003141 0.7397562252854206 0.21096717170006282 0.15798754942915885
34 0.09477177514292545 0.815138227262587 0.1895435502858509 0.15409854547482596
34 0.08255202813815035 0.8741776462359478 0.1651040562763007 0.1235197075281043