34 0.3230973916440344 0.6480390868430381 0.295277318181219 0.08920898750696811
34 0.3116337861241473 0.5885913639704012 0.3031989123370204 0.09550443930236625
34 0.30474858644845887 0.5354209121750031 0.30796823295387143 0.10021921037960517
34 0.2955469103117208 0.4806743248409856 0.306378459414921 0.09864762002052548
34 0.29495262094445784 0.425196484481906 0.30325345941492116 0.09862943930236626
34 0.2919873080382446 0.37126750858420704 0.29533186525911975 0.09233398750696811
34 0.2912702877457051 0.3228209182251274 0.2905898181812191 0.08918171642972927
34 0.2936373571447402 0.276736258584207 0.278007997564368 0.0844214935570923
34 0.2928794265437752 0.23063341822512737 0.27644549756436804 0.08441240319801269
34 0.294451609173335 0.18532546340466718 0.26704322402541764 0.08279536104353502
34 0.2936800418028949 0.14000387304558756 0.25761367694751697 0.07961581888905726
34 0.2983226773545541 0.0978390989432866 0.24969208279171565 0.07332036709365922
34 0.29816871875041195 0.06189705376374679 0.23870003571381498 0.07013173458010188
34 0.7657216737076966 0.9389247247193486 0.29237050649282176 0.10169080678880889
34 0.7654001197299373 0.8678218843602691 0.30985801542127545 0.11897830073868469
34 0.7702666720828436 0.7233042698988885 0.35377165665497756 0.128607830792914
34 0.7639951270335379 0.6349775681034904 0.36632620373287816 0.13180555366555105
34 0.7600264216758065 0.5490082518467118 0.38523984496658026 0.1412896379745064
34 0.7507526075517773 0.4536321193331544 0.39458757142762996 0.13978168012898404
34 0.7397799257329962 0.3660593964605175 0.3931341655834313 0.14602258976990434
34 0.7203907719173925 0.26828042661294266 0.3743296185055307 0.142788505460949
34 0.7030862694817606 0.18535884230398722 0.3568693831160273 0.1270635115110732
34 0.6817664228903272 0.10866453209733276 0.33803756249917605 0.12226692720211782
34 0.6632852041399153 0.04839465260883753 0.32030459172016934 0.09091693325224201
34 0.42678585877288855 0.9728294877033598 0.2322318474022122 0.054341024593280454
34 0.4155716692434698 0.9454822342855144 0.23870003571381493 0.07013173458010194
34 0.40452112094775317 0.907132806592417 0.24190685633066594 0.07483741529826134
34 0.3926893226520365 0.8687788337197802 0.25130912986961623 0.07645445745273882
34 0.3801308214342205 0.8272953156676035 0.25761367694751697 0.07961581888905726
34 0.3683262966774542 0.7873788427949665 0.26701595048646737 0.08123286104353493
34 0.34798256899858854 0.7442873729473917 0.2811875446422686 0.08756467427525153
34 0.33631441193657385 0.6965584000747548 0.2843125446422688 0.08758285499341074