34 0.38046875 0.6890625 0.0453125 0.271875
34 0.4375 0.6921875 0.05078125 0.27890625
34 0.4890625 0.69375 0.053125 0.28359375
34 0.540625 0.6953125 0.053125 0.28125
34 0.5921875 0.6890625 0.053125 0.27890625
34 0.64296875 0.6859375 0.0484375 0.271875
34 0.68828125 0.68203125 0.0453125 0.2671875
34 0.73125 0.6734375 0.04296875 0.25703125
34 0.775 0.66953125 0.04296875 0.2546875
34 0.8171875 0.6625 0.04296875 0.24765625
34 0.859375 0.6578125 0.040625 0.23828125
34 0.89765625 0.65 0.0359375 0.23046875
34 0.93125 0.6453125 0.03359375 0.22109375
34 0.05390625 0.31015625 0.0578125 0.2671875
34 0.1203125 0.3015625 0.071875 0.28125
34 0.2546875 0.28125 0.07421875 0.32421875
34 0.33828125 0.2765625 0.0765625 0.334375
34 0.41875 0.2703125 0.08203125 0.353125
34 0.50859375 0.26796875 0.0796875 0.3609375
34 0.5921875 0.26796875 0.08671875 0.3578125
34 0.6859375 0.275 0.084375 0.34140625
34 0.765625 0.28203125 0.07421875 0.3265625
34 0.8390625 0.29296875 0.06953125 0.3078125
34 0.9078125 0.3015625 0.06484375 0.29296875
34 0.0578125 0.63046875 0.03125 0.2140625
34 0.0921875 0.6375 0.03359375 0.22109375
34 0.128125 0.64296875 0.03828125 0.2234375
34 0.165625 0.64921875 0.03828125 0.2328125
34 0.20625 0.65625 0.040625 0.23828125
34 0.2453125 0.6625 0.040625 0.24765625
34 0.28828125 0.6765625 0.0453125 0.259375
34 0.33359375 0.6828125 0.0453125 0.26171875