34 0.6122782629889387 0.27406837324954936 0.10224788717321687 0.30893974267981755
34 0.5488879188331375 0.2810547172581398 0.11016948132901838 0.3152806493475448
34 0.49250155113838573 0.28952174526577584 0.11340357548481972 0.3215670120146357
34 0.43456632021310926 0.2972257046069573 0.11334902840691896 0.3184420120146356
34 0.37961972159308094 0.31270580128104786 0.11332175486796867 0.3168795120146356
34 0.3239327832814783 0.3258512386219111 0.10537288717321695 0.30897610534690845
34 0.27449584496987556 0.33892395062859265 0.10057629301741562 0.3026715613462721
34 0.228896972810897 0.35585745930141055 0.09567060470581286 0.2901170173456357
34 0.18181742126876943 0.3681216493077739 0.09561605762791223 0.28699201734563584
34 0.13623218587926603 0.3842739079805918 0.09394446347211086 0.2807238360120904
34 0.0899202475676633 0.39731025732018244 0.09062854869945847 0.26974997334499945
34 0.049803762178159905 0.41339888132559127 0.08421490746575644 0.26030224801081764
34 0.026287990260767363 0.42388239532940925 0.052575980521534726 0.2491102093411815
34 0.9817320519524599 0.6321957625318698 0.01924447240056466 0.297038632001909
34 0.9415882930240063 0.6498468865372786 0.09936834902377001 0.32296588001272664
34 0.8150024736249712 0.697404233887687 0.14390928165332975 0.36878745735199914
34 0.7224876911575671 0.7172269325668683 0.14884224350388298 0.38290450135263543
34 0.6346194983817375 0.7393388372454132 0.15857179951023745 0.4033260893539083
34 0.5366359659143334 0.7592251705920035 0.15558316720498908 0.41110222668681723
34 0.4449706172943052 0.775132528604412 0.1649308936660388 0.4096488146880898
34 0.3401467495995535 0.7841631779519568 0.15835361119863461 0.3908260893539081
34 0.2517427686742769 0.7922216732972743 0.1455263287312306 0.3719306386855445
34 0.16814901867427695 0.7931943746419557 0.13735927272487616 0.3515272320178173
34 0.09232685836585144 0.7964199193189098 0.12768426379642242 0.3342306440165448
34 0.9636634849857616 0.28013382320182423 0.0509933043815014 0.23648294000636333
34 0.9387180320636622 0.27729972453855134 0.07933649269310408 0.24931020401018128
34 0.8973254188331374 0.27700027987750564 0.08564103977100465 0.2525079293443631
34 0.8543566688331374 0.27750026655000537 0.08739445454365721 0.2634636106779086
34 0.8090578056026126 0.27724627522282325 0.09062854869945838 0.26974997334499945
34 0.7645265556026126 0.27776444322886845 0.09235468993316047 0.27914315467854484
34 0.7154578100668395 0.26974340523554996 0.09885015178371362 0.29327838001272666
34 0.6654305365278892 0.2718877079090042 0.10046719886161419 0.2964215613462722