34 0.734375 0.878125 0.02421875 0.10078125
34 0.0328125 0.096875 0.05078125 0.125
34 0.08203125 0.0953125 0.0484375 0.12265625
34 0.13046875 0.096875 0.0484375 0.12265625
34 0.17890625 0.09609375 0.0484375 0.1203125
34 0.22578125 0.09609375 0.0484375 0.1203125
34 0.284375 0.09609375 0.03828125 0.1203125
34 0.33046875 0.096875 0.0484375 0.11796875
34 0.375 0.0984375 0.04296875 0.11796875
34 0.41875 0.0984375 0.04296875 0.115625
34 0.4625 0.096875 0.04296875 0.11796875
34 0.521875 0.0984375 0.03125 0.115625
34 0.5609375 0.0984375 0.04296875 0.11328125
34 0.6015625 0.09921875 0.03828125 0.1078125
34 0.64375 0.09921875 0.040625 0.1078125
34 0.6828125 0.09765625 0.040625 0.1078125
34 0.74296875 0.10078125 0.0265625 0.1109375
34 0.7765625 0.10078125 0.03828125 0.1109375
34 0.815625 0.10078125 0.040625 0.1109375
34 0.853125 0.10234375 0.03828125 0.1109375
34 0.89375 0.10234375 0.040625 0.1109375
34 0.975 0.10234375 0.03828125 0.1078125
34 0.03359375 0.2234375 0.0484375 0.12734375
34 0.0828125 0.221875 0.05078125 0.12734375
34 0.13203125 0.221875 0.0484375 0.12734375
34 0.18125 0.2203125 0.05078125 0.125
34 0.22734375 0.21875 0.0484375 0.12734375
34 0.2859375 0.21875 0.03828125 0.12265625
34 0.3296875 0.2171875 0.04296875 0.125
34 0.37421875 0.2171875 0.0453125 0.12265625
34 0.41796875 0.21640625 0.0453125 0.1203125
34 0.46171875 0.21484375 0.0453125 0.1203125
34 0.521875 0.215625 0.02890625 0.115625
34 0.5578125 0.215625 0.04296875 0.115625
34 0.6015625 0.215625 0.04296875 0.11796875
34 0.6453125 0.2140625 0.04296875 0.11796875
34 0.6828125 0.2125 0.03828125 0.11796875
34 0.74140625 0.2140625 0.0265625 0.115625
34 0.7734375 0.2125 0.03828125 0.115625
34 0.8125 0.2125 0.03828125 0.115625
34 0.8515625 0.21328125 0.040625 0.1109375
34 0.890625 0.21328125 0.03828125 0.1109375
34 0.9734375 0.21015625 0.040625 0.1078125
34 0.04140625 0.4734375 0.0453125 0.125
34 0.08828125 0.471875 0.0453125 0.12734375
34 0.13515625 0.4703125 0.0484375 0.12265625
34 0.18203125 0.46640625 0.0484375 0.1203125
34 0.22890625 0.46484375 0.0453125 0.1203125
34 0.2875 0.46171875 0.03828125 0.1203125
34 0.33046875 0.459375 0.0453125 0.11796875
34 0.375 0.45625 0.04296875 0.11796875
34 0.41953125 0.4546875 0.0453125 0.11796875
34 0.46484375 0.4515625 0.0453125 0.11796875
34 0.5234375 0.45 0.03359375 0.11796875
34 0.559375 0.446875 0.03828125 0.11796875
34 0.6015625 0.446875 0.04296875 0.11796875
34 0.64375 0.4453125 0.04296875 0.11796875
34 0.6828125 0.4421875 0.03828125 0.115625
34 0.7390625 0.4390625 0.02421875 0.11328125
34 0.76875 0.43984375 0.03828125 0.1109375
34 0.8078125 0.43671875 0.040625 0.1109375
34 0.8484375 0.43515625 0.040625 0.1109375
34 0.8859375 0.43359375 0.03828125 0.1109375
34 0.9671875 0.43046875 0.040625 0.1109375
34 0.04296875 0.59765625 0.0453125 0.1203125
34 0.08984375 0.59375 0.0484375 0.12265625
34 0.13828125 0.5890625 0.0484375 0.12265625
34 0.18359375 0.5875 0.0484375 0.12265625
34 0.23046875 0.5859375 0.0484375 0.12265625
34 0.2890625 0.58046875 0.03828125 0.1203125
34 0.33046875 0.57578125 0.0453125 0.1203125
34 0.37578125 0.5734375 0.0453125 0.11796875
34 0.41953125 0.571875 0.0453125 0.11796875
34 0.46484375 0.56875 0.0453125 0.11328125
34 0.5234375 0.565625 0.03359375 0.11328125
34 0.5578125 0.5609375 0.03828125 0.11328125
34 0.6 0.5609375 0.040625 0.11328125
34 0.6421875 0.559375 0.04296875 0.11328125
34 0.6828125 0.55703125 0.040625 0.1109375
34 0.7359375 0.55234375 0.02421875 0.1109375
34 0.76796875 0.54921875 0.0359375 0.1109375
34 0.80625 0.54921875 0.040625 0.1109375
34 0.8453125 0.54296875 0.03828125 0.1109375
34 0.884375 0.54296875 0.040625 0.1078125
34 0.9640625 0.53828125 0.03828125 0.1078125
34 0.04921875 0.8328125 0.0484375 0.125
34 0.09609375 0.8296875 0.0453125 0.12734375
34 0.14140625 0.8234375 0.0453125 0.12734375
34 0.18671875 0.821875 0.0453125 0.125
34 0.23203125 0.815625 0.0453125 0.125
34 0.2921875 0.8109375 0.03828125 0.12734375
34 0.3328125 0.8078125 0.04296875 0.125
34 0.37734375 0.80390625 0.0453125 0.1203125
34 0.4203125 0.7984375 0.040625 0.12265625
34 0.4625 0.79609375 0.04296875 0.1203125
34 0.51875 0.78828125 0.02890625 0.1203125
34 0.55625 0.78515625 0.040625 0.1203125
34 0.596875 0.78203125 0.040625 0.1203125
34 0.6359375 0.77734375 0.03828125 0.1203125
34 0.6765625 0.77578125 0.040625 0.1203125
34 0.73671875 0.77109375 0.0265625 0.1203125
34 0.765625 0.76640625 0.03828125 0.1203125
34 0.8046875 0.76171875 0.03828125 0.1203125
34 0.84375 0.759375 0.040625 0.11796875
34 0.88203125 0.7546875 0.0359375 0.115625
34 0.934375 0.75390625 0.01953125 0.1109375
34 0.96171875 0.74609375 0.0359375 0.1109375
34 0.05078125 0.946875 0.0484375 0.103125
34 0.09609375 0.94453125 0.0484375 0.1109375
34 0.14296875 0.94296875 0.0453125 0.1140625
34 0.18828125 0.9375 0.0453125 0.115625
34 0.23359375 0.9359375 0.0453125 0.115625
34 0.2921875 0.92890625 0.03828125 0.1109375
34 0.334375 0.9265625 0.04296875 0.11328125
34 0.378125 0.92109375 0.04296875 0.1109375
34 0.4203125 0.91640625 0.04296875 0.1109375
34 0.4640625 0.91171875 0.04296875 0.1109375
34 0.51875 0.903125 0.02890625 0.11328125
34 0.5546875 0.9 0.040625 0.10546875
34 0.5953125 0.89296875 0.040625 0.1078125
34 0.6359375 0.890625 0.040625 0.10546875
34 0.678125 0.8890625 0.040625 0.10546875
34 0.765625 0.8765625 0.03828125 0.103125
34 0.803125 0.8703125 0.03828125 0.10078125
34 0.840625 0.86875 0.03828125 0.103125
34 0.8796875 0.8640625 0.03828125 0.103125
34 0.9328125 0.85625 0.01953125 0.09609375
34 0.96015625 0.853125 0.0359375 0.103125