34 0.12630960335772615 0.17462597380254588 0.11137385200509069 0.042020356729801776
34 0.9019065174649483 0.9332410621691969 0.1288340720082722 0.06615819368794007
34 0.9068025554582668 0.8837994776825167 0.1304511160089085 0.07090936068413427
34 0.9124252994509492 0.8296385596977389 0.1288704346753633 0.06928319368794007
34 0.9173122467774949 0.7794157252110585 0.1288886160089085 0.07084569368794007
34 0.9228259027689043 0.715879807226281 0.12718066534054523 0.05828202669174569
34 0.928503190762223 0.6664063892415034 0.12732611600890847 0.07078202669174569
34 0.9318549100890868 0.6185909717510174 0.12881589067472704 0.06459569368794008
34 0.9357899670392935 0.5707437207624343 0.1284200659214129 0.06459569368794008
34 0.9390374173694983 0.5243953027776567 0.12192516526100335 0.0645320266917457
34 0.9418169720321348 0.4586111352871708 0.11636605593573038 0.051841025703162555
34 0.9430976613621805 0.4163599682909763 0.11380467727563896 0.0642136917107738
34 0.9467675540260897 0.37245080080049037 0.10646489194782056 0.057645356729801735
34 0.948838584022908 0.3270428003061988 0.10232283195418397 0.0605793557412186
34 0.9517181360200446 0.2847279663138099 0.09656372795991075 0.060324687756441085
34 0.9529442813494537 0.21903929931761557 0.09411143730109259 0.04457235376405231
34 0.9542613333465904 0.1830381323214212 0.09147733330681937 0.05694501977166348
34 0.955569294676954 0.1407869653252268 0.08886141064609206 0.05994268577927473
34 0.9569045280076359 0.10009829832903241 0.08619094398472811 0.05669035178688593
34 0.9582033986712272 0.05628463133283802 0.08359320265754562 0.05968801779449715
34 0.7638434434674938 0.9576255913324004 0.1424602200031817 0.029231196653689652
34 0.7705019761298122 0.9253078398495257 0.14300566000954512 0.07610619665368965
34 0.7753525607892671 0.8719600053628455 0.14296929734245403 0.07298119665368966
34 0.7817656454487218 0.8185485038799707 0.1414431600095451 0.0760425296574951
34 0.7882241834420405 0.7690432523970958 0.14296929734245403 0.07298119665368966
34 0.79295658943345 0.7055391679104155 0.13659202800763595 0.06178902866891214
34 0.8002236494270866 0.6583458329294436 0.14133407200827222 0.06666752965749509
34 0.8035753687539504 0.6105304154389575 0.1382454346753632 0.06966519566510634
34 0.8092708380808145 0.56261949745418 0.1366829346753633 0.06960152866891214
34 0.8157657387412238 0.5162392459713052 0.1366829346753633 0.06960152866891214
34 0.8204708727323151 0.4503914114846248 0.1286340773392724 0.04897069368794007
34 0.8247129300604517 0.41191916049604166 0.13037839067472695 0.06465936068413444
34 0.8296362400540884 0.3648213260093613 0.13350339067472702 0.06478669467652329
34 0.8353317093809522 0.31691040802458376 0.13350339067472694 0.0647866946765232
34 0.8411089947087709 0.27603074003980616 0.1318681653405452 0.058473027680328825
34 0.8442789007001803 0.2125903225493202 0.1270352146721816 0.04578202669174569
34 0.8501198206954077 0.17717940456454262 0.12874316534054522 0.05834569368794011
34 0.8543255153564534 0.13558215357595943 0.12874316534054495 0.05834569368794011
34 0.8561783693507264 0.09329915308166785 0.12565452800763593 0.06134335969555131
34 0.8603749733449995 0.050920652093084676 0.12405566534054521 0.058154692699356934
34 0.4941031081317212 0.9506393981759331 0.14131589067472686 0.0651050296574951
34 0.5005798274585851 0.9026966466930583 0.1429329346753633 0.06985619665368965
34 0.5062389341183582 0.8516607287082806 0.13828179734245402 0.0727901956651067
34 0.515813381444904 0.8012468932330172 0.13671929734245403 0.07272652866891187
34 0.5222628287714498 0.7509603917501424 0.1366829346753633 0.06960152866891214
34 0.5309014847628593 0.687297139772976 0.1350113466740904 0.06016286167271758
34 0.5381776354232686 0.6408850547920041 0.13353975334181775 0.06791169467652339
34 0.5470071954169052 0.5936280528148378 0.13350339067472702 0.0647866946765232
34 0.5526935740769965 0.5449358848300602 0.13353975334181775 0.06791169467652339
34 0.5607146120703149 0.495366966350991 0.13353975334181775 0.06791169467652339
34 0.5677998587284971 0.4325486313700191 0.13183180267345412 0.05534802768032883
34 0.5759390753898611 0.39313596289094993 0.1318681653405452 0.058473027680328825
34 0.5801084073838159 0.34841371190236675 0.13350339067472702 0.06478669467652329
34 0.585831148710998 0.3028465439175892 0.13350339067472686 0.0647866946765232
34 0.5931436620384982 0.2595594589366172 0.12874316534054522 0.05834569368794007
34 0.6010465213637713 0.19983429045754802 0.12389203333863605 0.044092192699356936
34 0.603789713359317 0.16689445646515927 0.12405566534054521 0.058154692699356934
34 0.6111204080203627 0.12516987148418732 0.12565452800763593 0.06134335969555131
34 0.616089171347863 0.08197828699750695 0.12565452800763593 0.06134335969555131
34 0.6226386160089087 0.04028553551463219 0.12405566534054521 0.058154692699356934
34 0.36035481679658493 0.9428016763505536 0.1366829346753633 0.06960152866891178
34 0.3691480141231307 0.8924196743733873 0.13828179734245422 0.0727901956651067
34 0.378704280116131 0.8404433388981236 0.13828179734245422 0.0727901956651067
34 0.3843815681094495 0.7909699209133461 0.1382817973424541 0.07279019566510633
34 0.39083101543599524 0.7406834194304712 0.13828179734245422 0.07279019566510633
34 0.40337592142740475 0.676860999962819 0.1350113466740906 0.06016286167271758
34 0.4122418440881323 0.6327289979856525 0.1366829346753633 0.06960152866891214
34 0.42027197274822353 0.5839413295065835 0.13353975334181775 0.06791169467652339
34 0.4259765327418602 0.5368116615218058 0.13353975334181775 0.06791169467652339
34 0.4332163207351787 0.48727457654083395 0.12728975334181775 0.0676570266917457
34 0.44264531739336094 0.4243607410655704 0.12558180267345417 0.05509335969555131
34 0.4508118060550429 0.38729182258650124 0.1256181653405452 0.058218359695551315
34 0.4549720473822251 0.34178832159791805 0.12565452800763593 0.06134335969555131
34 0.46070387937617985 0.2970024036131405 0.12725339067472685 0.0645320266917457
34 0.4680073020369074 0.2529340686321685 0.12565452800763593 0.06134335969555131
34 0.47906243336249865 0.1954253161607106 0.12232953333863605 0.044028525703162555
34 0.48569369402449886 0.16076381467783585 0.12403748400699968 0.05659219269935693
34 0.4891181386855446 0.11919839718734986 0.12565452800763593 0.06134335969555131
34 0.5003459926798175 0.0765333947158919 0.12405566534054521 0.058154692699356934
34 0.5037704373408634 0.03496797722540594 0.12252952800763595 0.061216025703162535
34 0.10683891812535787 0.9195219797340449 0.14140679734245412 0.0729175296574951
34 0.11485086545190364 0.8691718112549758 0.14293293467536322 0.06985619665368965
34 0.12678724411199485 0.8202249752854206 0.14293293467536325 0.06985619665368965
34 0.13168328210531335 0.7707833907987403 0.14137043467536325 0.06979252965749527
34 0.14363784209894997 0.7233990548291851 0.14137043467536325 0.06979252965749527
34 0.1553742260900413 0.65726471885963 0.14127952800763605 0.06198002965749527
34 0.1619145800843143 0.6147907173767553 0.14133407200827236 0.06666752965749527
34 0.17073504941117826 0.5667524653995889 0.13668293467536322 0.06960152866891214
34 0.1803549500715876 0.5202448799243253 0.13661020934118148 0.06335152866891214
34 0.18764019139876972 0.47461404494335346 0.13664657200827235 0.06647652866891214
34 0.20178396005727012 0.41385295847950665 0.13490225867281788 0.05078786167271758
34 0.20913283605186123 0.37369087349853475 0.13504770934118146 0.06328786167271767
34 0.2172175087125888 0.3295907050194656 0.1350477093411815 0.06328786167271767
34 0.2253203627068618 0.2870530365403964 0.1350113466740906 0.06016286167271767
34 0.23107037603436203 0.24382961855561885 0.13504770934118146 0.06328786167271767
34 0.24282494135899882 0.1792577825860637 0.13330339600572705 0.04759919467652325
34 0.25027381468808996 0.14768944760509176 0.1350113466740906 0.06016286167271767
34 0.2599482593491356 0.1058693621298282 0.1350113466740906 0.06016286167271767
34 0.26649770401018136 0.06417661064695344 0.13190452800763594 0.06159802768032889
34 0.2753999893379998 0.025780602756878573 0.12872498400699967 0.05156120551375715
34 0.026215626790221585 0.909519580038056 0.03195907200827234 0.062210839923887915
34 0.031120755450312797 0.8608592455513758 0.04289657200827235 0.06265650889724839
34 0.03522645277685857 0.8106682445627925 0.052235209341181456 0.05991351087441501
34 0.04012249077017706 0.7612266600761122 0.0631908906747269 0.061921679847775656
34 0.04346511943026827 0.7126299925856262 0.07100339067472691 0.062240014828747546
34 0.04820661608845048 0.6499071580989458 0.08183180267345423 0.05331068380210837
34 0.0515946980824053 0.6052167406084598 0.08973520934118147 0.06144151878308044
34 0.05730834874281469 0.5588683226236822 0.10221702800763602 0.060388354752635466
34 0.06145949940322406 0.5125835716350992 0.11161020934118145 0.06233285672980173
34 0.06559246873008799 0.46473632064651593 0.1210033906747269 0.06427735870696819
34 0.0774106687221338 0.4056332346769608 0.12550907733927247 0.048843359695551314
34 0.08478681671704313 0.3678148996959888 0.11938634667409058 0.0595261917107738
34 0.09677773937777069 0.3235555637264337 0.12252952800763602 0.061216025703162556
34 0.10409025270527095 0.28026847874546174 0.11938634667409058 0.0595261917107738
34 0.10981299403245304 0.2347013107606842 0.11938634667409058 0.0595261917107738
34 0.13137836401972636 0.1400281393158655 0.11622498400699968 0.05627385771838496
34 0.14185224001431754 0.09973872034250476 0.11309998400699968 0.05614652372599618
34 0.14763861600890865 0.059640302357727194 0.11622498400699968 0.05627385771838496
34 0.1565409013367271 0.022994489619876667 0.11620680267345422 0.045988979239753335