34 0.052452255484867406 0.7950342100914132 0.10490451096973481 0.031802271711621796
34 0.9416585555179239 0.004368398885489427 0.1166828889641522 0.008736797770978855
34 0.9404778358210774 0.033351500004509205 0.11372166327441136 0.058291997104515866
34 0.9369124225466656 0.08651288730806214 0.11528416327441135 0.05836477171162173
34 0.9348685656946891 0.14038275000450923 0.11372166327441136 0.058291997104515846
34 0.9321662895754074 0.1919452500045092 0.11372166327441136 0.058291997104515846
34 0.9287679726375228 0.2567890000045092 0.11306656603337331 0.04579199710451594
34 0.926846946518241 0.3083151127009563 0.11215916327441171 0.05821922249741007
34 0.9235271947092187 0.3567890000045092 0.11339411465389233 0.05204199710451594
34 0.9209886929001965 0.4052265000045092 0.11339411465389233 0.05204199710451594
34 0.9192314410911742 0.4536276127009563 0.11183161465389233 0.051969222497410074
34 0.9149699869981596 0.5200702500045092 0.11273901741285464 0.03954199710451593
34 0.9135402838096564 0.5622213627009562 0.11183161465389233 0.051969222497410074
34 0.9119058627333285 0.6082787253974034 0.1083790660333733 0.04557367328319835
34 0.9094492480794362 0.6551537253974034 0.10862472749876276 0.050261173283198346
34 0.9079786013133677 0.6980860880938504 0.10862472749876276 0.050261173283198346
34 0.9021546472203534 0.7646015000045092 0.11249335594746519 0.034854497104515936
34 0.9001893554972394 0.8021015000045093 0.11306656603337331 0.04579199710451585
34 0.8979374587311713 0.8450702500045093 0.11331222749876275 0.050479497104515755
34 0.8949861991202328 0.8865128873080621 0.11471095318850325 0.047427271711621796
34 0.89261147162147 0.9318253873080622 0.11487472749876275 0.0505522717116218
34 0.8143148055179239 0.00764325620525301 0.14324538896415212 0.01528651241050602
34 0.8130931422435124 0.040063880483636585 0.1435729375846712 0.06279971463952716
34 0.810268035391536 0.09397013048363659 0.14340916327441144 0.05967471463952716
34 0.8081422913844298 0.14940249318008364 0.14044793758467086 0.06265416542531543
34 0.8078656524202777 0.19929333126942486 0.14340916327441144 0.05967471463952716
34 0.8036451419048282 0.2649547185729778 0.13814845318850325 0.04851889081820957
34 0.8034913336733707 0.312501806662319 0.1399566146538927 0.05327916542531543
34 0.8000896947092186 0.36253819396587195 0.1385578889641521 0.05633139081820957
34 0.7991136929001963 0.4109029193587661 0.13699538896415203 0.05625861621110371
34 0.7981376910911739 0.45926764475166026 0.1369953889641522 0.05625861621110371
34 0.7938762369981596 0.5257102820552131 0.1297627431025951 0.03721751778268043
34 0.7918290581199158 0.5647727820552131 0.1305816146538925 0.05284251778268043
34 0.7900718063108935 0.6131738947516603 0.13378850180902227 0.05455056699689198
34 0.7890958045018712 0.6615386201445543 0.13378850180902227 0.05455056699689198
34 0.788406407735803 0.7044345955374485 0.13346095318850323 0.04830056699689198
34 0.7827052843754831 0.7686062574481073 0.1296808559474652 0.03565501778268025
34 0.7831656298074989 0.8044345955374486 0.13033595318850325 0.04815501778268043
34 0.7809137330414307 0.8474033455374486 0.13033595318850325 0.04815501778268043
34 0.7770993362753625 0.8904448701445544 0.12424972749876276 0.05098891935425698
34 0.7748064959317296 0.9341948701445544 0.12408595318850324 0.047863919354256976
34 0.5366025633198401 0.017581240282344927 0.14012038896415202 0.03516248056468985
34 0.5354627872005583 0.058450123244926266 0.1432453889641522 0.05654971463952716
34 0.5342820675037115 0.11072109863782043 0.13872166327441154 0.05945639081820958
34 0.5362672913844297 0.16206527481650285 0.13715916327441152 0.059383616211103704
34 0.535086571687583 0.21433625020939698 0.1369953889641522 0.05625861621110373
34 0.5348132547496984 0.27903445099518526 0.13658595318850325 0.04844611621110371
34 0.535440696518241 0.32654515178097354 0.13387038896415202 0.05611306699689198
34 0.5368084447092187 0.37480071526320896 0.1337066146538927 0.05298806699689198
34 0.5357505557450666 0.4247279406561031 0.13387038896415202 0.05611306699689198
34 0.5362551667809144 0.47458239144189135 0.1338703889641522 0.056113066996892155
34 0.5344193498430299 0.5393533668347855 0.13321529172311414 0.04361306699689198
34 0.5361965338096563 0.5797964303170209 0.13346095318850323 0.04830056699689198
34 0.5338218063108935 0.6251089303170209 0.1337066146538927 0.05298806699689198
34 0.5329276916570009 0.671911155709915 0.1337066146538925 0.05298806699689198
34 0.533718907735803 0.7162968564957033 0.13033595318850325 0.048155017782680255
34 0.5336503086857427 0.7770888072814917 0.12639208163720586 0.0323844685684687
34 0.531108484850453 0.8107189445850445 0.12408595318850324 0.047863919354256976
34 0.5327628380843847 0.8535057580672799 0.12424972749876276 0.05098891935425698
34 0.531950610585622 0.8987454834601738 0.12424972749876276 0.05098891935425698
34 0.5313431009746836 0.9400789588530681 0.12408595318850324 0.047863919354256976
34 0.3990206761647103 0.021528185691449722 0.13699538896415203 0.043056371382899444
34 0.40018370646786366 0.06708887675958294 0.13872166327441154 0.059456390818209595
34 0.40208704319345207 0.11999555293826536 0.13872166327441166 0.059456390818209616
34 0.40181040422930003 0.16988639102760658 0.13872166327441154 0.05945639081820957
34 0.4006296845324534 0.2221573664205007 0.13872166327441154 0.05945639081820957
34 0.4034404240170037 0.2874912679920773 0.13658595318850328 0.04844611621110371
34 0.40653444651824094 0.3325490568672068 0.13699538896415203 0.05625861621110371
34 0.4070390575540889 0.3824035076529951 0.13387038896415202 0.05611306699689198
34 0.40606305574506657 0.4307682330458892 0.13387038896415202 0.05611306699689198
34 0.40578641678091454 0.4806590711352305 0.127620388964152 0.0558219685684687
34 0.40629434984302987 0.5453208846174658 0.1269652917231141 0.043321968568468705
34 0.40897561454235093 0.5833838107961482 0.12721095318850323 0.0480094685684687
34 0.4065189998884584 0.6302588107961482 0.1273747274987628 0.051134468568468705
34 0.4056658288121307 0.6762797861890423 0.12745661465389252 0.052696968568468706
34 0.40641610131336786 0.7214467369748305 0.12424972749876276 0.05098891935425698
34 0.4088140829960022 0.7797857758499601 0.12326708163720586 0.0322389193542568
34 0.4100556784280179 0.8155777266357485 0.12400406603337348 0.04630141935425698
34 0.40784472523951454 0.8577652266357484 0.1242497274987628 0.05098891935425698
34 0.41258313489588155 0.901187740903772 0.12408595318850324 0.047863919354256976
34 0.4103312381298133 0.944156490903772 0.12112472749876275 0.0508433701400449
34 0.13771468396662645 0.03411167266402576 0.14028416327441157 0.05952916542531546
34 0.13891865784734464 0.08549223614626111 0.14324538896415207 0.05654971463952716
34 0.14328857530562772 0.13594600041428478 0.143245388964152 0.05654971463952716
34 0.14223068634147565 0.1858732258071789 0.14012038896415202 0.056404165425315435
34 0.1466415473773236 0.23554574007520257 0.14012038896415208 0.056404165425315435
34 0.14858914970674425 0.30247852895033206 0.14283595318850328 0.04873721463952716
34 0.1494213093631112 0.34608297973612034 0.13995661465389259 0.05327916542531543
34 0.15070717039895914 0.3959010432183557 0.13699538896415206 0.05625861621110371
34 0.1544596121675017 0.4432661947899323 0.13831222749876285 0.05164389081820957
34 0.15438769109117403 0.4892507828792734 0.1368316146538926 0.053133616211103886
34 0.1596650113084191 0.5521317725401913 0.13601274310259504 0.037508616211103706
34 0.16140125169748065 0.5933560860224266 0.1367497274987628 0.051571116211103704
34 0.16219246777628274 0.6377417868082149 0.1367497274987628 0.051571116211103704
34 0.16536837743264968 0.6812370756833444 0.13658595318850333 0.04844611621110388
34 0.16459709351145174 0.7256955510762385 0.1367497274987628 0.051571116211103885
34 0.1665856394184373 0.7918470899513681 0.1359308559474653 0.03594611621110353
34 0.1695535091607125 0.8244412661300504 0.13658595318850333 0.04844611621110388
34 0.17277036239464433 0.8671553050051799 0.13658595318850328 0.04844611621110388
34 0.17364346562857616 0.9099785057909682 0.1336247274987628 0.051425566996891804
34 0.17612001244007286 0.9519476819696507 0.13025406603337358 0.046592517782680434
34 0.03556900780191612 0.039732434036565276 0.07113801560383223 0.058035131926869446
34 0.03734286974227521 0.09036813482235356 0.07468573948455041 0.05676373035529288
34 0.037492816316286995 0.14263911021524772 0.07498563263257399 0.05378427956950458
34 0.0401093436229934 0.19167592369748307 0.0802186872459868 0.05414815260503385
34 0.039559927352134934 0.24242078639393014 0.07911985470426987 0.05422092721213971
34 0.04008168815049795 0.30715537448327135 0.0801633763009959 0.045064251033457306
34 0.04051823976746387 0.3531763498761655 0.08103647953492774 0.05145980024766903
34 0.04239446065173515 0.40068705066195376 0.0847889213034703 0.051750898676092484
34 0.043489431536006436 0.448234138751295 0.08697886307201287 0.051969222497410074
34 0.04456393063149528 0.49656247684063626 0.08912786126299056 0.05218754631872748
34 0.0482106914298583 0.5580265157157657 0.0964213828597166 0.037071968568468706
34 0.04698072308977834 0.5969070791980011 0.09396144617955668 0.050697820925833526
34 0.050090234340396944 0.6418920934660248 0.10018046868079389 0.05084337014004525
34 0.04968412059101554 0.6870590442518131 0.09936824118203108 0.050697820925833526
34 0.0492575350528517 0.7330800196447071 0.0985150701057034 0.050697820925833526
34 0.05290761787748207 0.8301176854843074 0.10581523575496414 0.04750004631872784
34 0.05494761307201287 0.871196449752331 0.10989522614402573 0.047427271711621796
34 0.05503448326654366 0.9125299251452251 0.11006896653308731 0.047500046318727486
34 0.056622438094727126 0.9560252140203545 0.11324487618945425 0.04750004631872784