34 0.7217825332847736 0.7852379962021669 0.0781751874975285 0.3634474303072194
34 0.028688467128854117 0.8128620985487212 0.057376934257708234 0.3274008029025577
34 0.10994105235949703 0.813630935664697 0.13859449025747206 0.33588791469812274
34 0.22560696266792252 0.8072494716922136 0.13889449918592583 0.3530754146981227
34 0.33340582589844736 0.8042658262313844 0.12496836688067754 0.3603968413771451
34 0.428691052359497 0.8024999403892024 0.12041723457542926 0.36804565027015246
34 0.5076109391289723 0.7989632234214941 0.10013200811437954 0.36889882213985137
34 0.5732904862068728 0.7935465479235982 0.0859604139585782 0.3621577488188736
34 0.6529370758984474 0.7931075491047246 0.10640928165332983 0.3706795769491748
34 0.7789228774405749 0.7769964210670907 0.08735927272487612 0.35283731252120454
34 0.8259887922132274 0.7644220099971649 0.07288766964062106 0.3289087392002269
34 0.8620899334469293 0.7537920448435553 0.06321266071216733 0.3113938569862416
34 0.9067302776027308 0.745986979327126 0.07711151947846559 0.30250993030721923
34 0.9536870982195816 0.7396625682572002 0.059842198861614196 0.29722222958158007
34 0.05538692938314897 0.28868798856725464 0.11077385876629794 0.5663740228654908
34 0.1573725746773361 0.288075374957591 0.1738264269442217 0.5651041887447399
34 0.2969163157488824 0.3003794235989794 0.15447640908731425 0.5300744243167695
34 0.4082395994341024 0.3191343688823232 0.13660707061355576 0.4904117235911302
34 0.5032657272751239 0.332212233040141 0.12520592045139994 0.4634672776748142
34 0.5881765154245707 0.3433010112631093 0.10747294967239326 0.43161707694917484
34 0.6629174168045425 0.3555257035512283 0.10089566720498908 0.4126488221398514
34 0.7220742284929399 0.36595228286265574 0.0925922435038828 0.38425100362819703
34 0.7843833137202875 0.37470723476942147 0.08763200811437954 0.36846231252120454
34 0.8334384224865854 0.3823634781459996 0.08579677272487629 0.3527827488188736
34 0.8801770547918337 0.3885390670760739 0.0792194902574721 0.33381449400955027
34 0.9261344370970821 0.39474193785731365 0.0790285754848199 0.32287699400955017
34 0.9619355694023304 0.4012994727037039 0.06625584009531629 0.30681548439090345
34 0.9805628384770537 0.40767595827573366 0.028455831166862566 0.2883184555349629
34 0.9351408388807956 0.1024180286014865 0.05733303327818291 0.15347222958157997
34 0.9748754947249942 0.10727665419204968 0.04820349512873605 0.1672073473675948
34 0.9927351505691929 0.11289917161524485 0.012511456979289192 0.18001488221398515