34 0.30859375 0.23828125 0.0484375 0.3265625
34 0.96015625 0.1765625 0.0765625 0.34375
34 0.86328125 0.175 0.1046875 0.35
34 0.759375 0.1828125 0.10546875 0.365625
34 0.6609375 0.1875 0.09140625 0.375
34 0.57421875 0.190625 0.0859375 0.38125
34 0.50234375 0.20234375 0.0671875 0.3703125
34 0.44375 0.228125 0.05546875 0.32421875
34 0.3703125 0.225 0.07421875 0.34140625
34 0.25703125 0.246875 0.0578125 0.31484375
34 0.21484375 0.25859375 0.0453125 0.2953125
34 0.1828125 0.26875 0.03828125 0.27890625
34 0.1421875 0.2765625 0.05078125 0.26953125
34 0.09375 0.28359375 0.05078125 0.2671875
34 0.95625 0.678125 0.084375 0.509375
34 0.853125 0.68125 0.12265625 0.50234375
34 0.72578125 0.671875 0.1078125 0.47109375
34 0.6234375 0.65625 0.09375 0.4375
34 0.5359375 0.6453125 0.084375 0.41328125
34 0.4578125 0.6375 0.071875 0.38671875
34 0.3890625 0.62734375 0.06484375 0.3703125
34 0.334375 0.61875 0.06015625 0.34375
34 0.27734375 0.61171875 0.0578125 0.3296875
34 0.2328125 0.60625 0.05546875 0.31484375
34 0.1890625 0.60078125 0.05078125 0.2984375
34 0.146875 0.5953125 0.05078125 0.28828125
34 0.11015625 0.590625 0.0484375 0.27421875
34 0.07578125 0.5859375 0.0484375 0.26171875
34 0.1578125 0.8625 0.04296875 0.13671875
34 0.121875 0.8578125 0.03359375 0.14921875
34 0.0859375 0.85390625 0.03828125 0.1609375