28 0.103125 0.33046875 0.09609375 0.0734375
28 0.203125 0.3328125 0.0875 0.071875
28 0.3015625 0.3328125 0.0875 0.071875
28 0.3859375 0.3375 0.071875 0.0625
28 0.925 0.33671875 0.06953125 0.0578125
28 0.5375 0.3390625 0.06640625 0.06015625
28 0.77109375 0.33984375 0.0734375 0.0578125
28 0.69453125 0.3390625 0.0671875 0.05625
28 0.615625 0.340625 0.07578125 0.05625
28 0.8484375 0.340625 0.06953125 0.05546875
28 0.4640625 0.3421875 0.06640625 0.05546875
28 0.8375 0.4578125 0.0875 0.053125
28 0.93125 0.4578125 0.0875 0.053125
28 0.634375 0.459375 0.09375 0.05078125
28 0.734375 0.459375 0.08984375 0.053125
28 0.3265625 0.459375 0.09375 0.05546875
28 0.5265625 0.459375 0.0875 0.053125
28 0.22578125 0.459375 0.0921875 0.05546875
28 0.4265625 0.4609375 0.09140625 0.05546875
28 0.1171875 0.46171875 0.10234375 0.0578125
28 0.196875 0.571875 0.1 0.084375
28 0.41328125 0.5734375 0.0953125 0.078125
28 0.3078125 0.5734375 0.1 0.08203125
28 0.0875 0.5765625 0.10078125 0.08046875
28 0.9265625 0.58125 0.053125 0.05546875
28 0.8640625 0.58125 0.053125 0.05390625
28 0.68125 0.58125 0.05390625 0.05390625
28 0.74375 0.5828125 0.05625 0.05390625
28 0.803125 0.5828125 0.05390625 0.05390625
28 0.5578125 0.584375 0.05625 0.053125
28 0.62109375 0.584375 0.0515625 0.05546875
28 0.4953125 0.584375 0.05625 0.05546875
28 0.50078125 0.121875 0.0765625 0.078125
28 0.5875 0.12265625 0.08046875 0.0765625
28 0.67421875 0.1234375 0.0765625 0.078125
28 0.75625 0.12265625 0.071875 0.0796875
28 0.8375 0.1234375 0.078125 0.08046875
28 0.9203125 0.1234375 0.071875 0.078125
28 0.1140625 0.21640625 0.071875 0.0640625
28 0.1921875 0.2171875 0.06953125 0.06484375
28 0.2671875 0.215625 0.06640625 0.06640625
28 0.5140625 0.225 0.053125 0.05078125
28 0.39453125 0.225 0.0515625 0.05078125
28 0.4515625 0.225 0.05078125 0.04921875
28 0.33515625 0.2265625 0.0484375 0.04921875
28 0.571875 0.22578125 0.04921875 0.0515625
28 0.62734375 0.2359375 0.0453125 0.02734375
28 0.6765625 0.2359375 0.04453125 0.02734375
28 0.8234375 0.2359375 0.04453125 0.02734375
28 0.7265625 0.2375 0.04453125 0.02734375
28 0.77734375 0.2359375 0.0421875 0.02890625