28 0.6672410218937335 0.8801934348233758 0.09065436305535765 0.10830337939029917
28 0.6657078849490909 0.7724263866187739 0.08863683674699843 0.10048178903121965
28 0.6664274927427767 0.6662082028755526 0.0885458314853265 0.09891928903121965
28 0.661549547919744 0.5756422902095701 0.07660727360693613 0.08166815651766246
28 0.6653596894907737 0.0161234071068376 0.06615562101845249 0.0322468142136752
28 0.6609943530261241 0.4108576275435876 0.07311825256024881 0.07539997579950324
28 0.6615381975244559 0.1601581907753042 0.07201077886860788 0.08320338544042354
28 0.6614024186558478 0.24294341969806532 0.06843075256024882 0.07537270472226432
28 0.659613134525568 0.3273002389799061 0.07053928413027996 0.08475679508134393
28 0.6617649816547357 0.07581046185254303 0.06705026308359248 0.0784886143631847
28 0.6570888320500238 0.49132183236404786 0.06686825256024882 0.0753636143631848
28 0.5340649158838376 0.09607803093799208 0.0681423262236546 0.0972386143631847
28 0.5353536710749223 0.021964861829101928 0.06366765785015538 0.043929723658203856
28 0.5306991792497786 0.3147734887835144 0.065472352532014 0.10503293364502539
28 0.5322455396743004 0.2077695098607532 0.06832433674699842 0.10036361436318471
28 0.5292838085136748 0.6474814496540987 0.070159852532014 0.10506020472226432
28 0.5309505372552259 0.4311388321676561 0.0681423262236546 0.09723861436318462
28 0.5284276928274814 0.7560433833973201 0.07006884727034209 0.10349770472226431
28 0.5285774241998684 0.538928606269957 0.06997784200867016 0.10193520472226432
28 0.5246817955712568 0.8739939526791609 0.07539338410204496 0.11446247579950324
28 0.40671231654735696 0.7942387958669108 0.10342737884037309 0.11306360226293641
28 0.40625510316729835 0.5607268590986274 0.09534186305535752 0.10833065046753809
28 0.40508046906525336 0.6747575428418487 0.1018648788403731 0.11305451190385671
28 0.4014039192911324 0.9121984555078313 0.10039338410204497 0.11460792154477702
28 0.40185092633659414 0.01952968735745863 0.06312162628012441 0.03785452400410509
28 0.4001827395472435 0.074989346998379 0.0660492052052021 0.06130111436318471
28 0.3989178292074264 0.2710240096643615 0.06614021046687402 0.0628636143631847
28 0.39731680282848003 0.20464957592114014 0.06623121572854584 0.06442611436318471
28 0.39792301855702583 0.1406052566392994 0.06614021046687402 0.0628636143631847
28 0.3957788767036474 0.4053717385871226 0.06466871572854575 0.0644170240041051
28 0.39587685821720875 0.3366444644848217 0.06595819994353018 0.05973861436318471
28 0.3949906504517579 0.47254105786896333 0.06623121572854576 0.0644261143631848
28 0.8960295056851948 0.4383866881430255 0.0941587946536238 0.08801815046753828
28 0.8960210713855059 0.34466850439980423 0.09286931043863902 0.09269656010845857
28 0.8952313870858166 0.25095486583612264 0.0941587946536238 0.08801815046753828
28 0.8965124370011122 0.16191509173382174 0.09544827886860788 0.0833397408266178
28 0.8969212316547356 0.07444236281106058 0.09737479991529555 0.08959883118569745
28 0.8959649473832816 0.01314333197126436 0.08932010523343692 0.02628666394252872
28 0.7909438324029597 0.8615110916356258 0.07816977360693614 0.0816772468767418
28 0.7904348691640755 0.7763866578924045 0.07798776308359248 0.07855224687674216
28 0.7920421427710116 0.6951548386105637 0.07936825256024882 0.07543633723582169
28 0.7832942872552259 0.42967073917629783 0.0613617052052021 0.06127384328594587
28 0.7827721005364625 0.5593173325604395 0.06127069994353036 0.05971134328594587
28 0.7848498110033365 0.49682642291951923 0.05961719468185826 0.05813975292686635
28 0.7813846348079168 0.6233661970218201 0.059526189420186525 0.05657725292686635
28 0.783763995091264 0.3679701698944571 0.06265118942018652 0.056595433645025485
28 0.7731596950347942 0.30867698312617364 0.03581567363517095 0.05175339754067201
28 0.773174376562473 0.25478891384433283 0.03572466837349921 0.05019089754067192
28 0.7745534079913299 0.09702186563973095 0.03572466837349921 0.050190897540671964
28 0.7724078080901519 0.20090538974203193 0.03572466837349921 0.05019089754067194
28 0.7732492422486665 0.14623152528065134 0.03554265785015538 0.04706589754067196