28 0.07487775859837946 0.7357241904740204 0.1145622999152954 0.09288195916315996
28 0.1773958138459339 0.7157712998225148 0.10509629465362354 0.09099207694917481
28 0.27899611120098056 0.6981894410221745 0.10509629465362354 0.09099207694917481
28 0.36519892171020685 0.6772469692451428 0.08708974729857691 0.0763293762235353
28 0.9188769295321274 0.5815053278758471 0.0836917315135615 0.07153274881887377
28 0.5212515006352845 0.6484076627143882 0.08074874203690499 0.07454862141421188
28 0.7607081137612293 0.6065202299600981 0.08681673151356151 0.07164187622353531
28 0.6819005742986904 0.6209671650766408 0.08047572625188941 0.06986112141421189
28 0.6008857927286593 0.6331521957466799 0.08994173151356133 0.07175100362819702
28 0.8402514005929322 0.59282726299239 0.08360072625188941 0.06997024881887377
28 0.44496972169608934 0.6596477522774347 0.08038472099021768 0.06829862141421188
28 0.8182615504799928 0.47508669148551075 0.1007882262518894 0.07057044954451293
28 0.9151288452042035 0.458449773792163 0.1007882262518894 0.07057044954451293
28 0.6096832110315713 0.5088788820443491 0.10694722099021767 0.06922620435383653
28 0.712019255755782 0.4920509913928434 0.10235072625188942 0.07062501324684405
28 0.29298155844308765 0.565158686212851 0.10712923151356132 0.07235120435383635
28 0.499352655784017 0.529104591207509 0.1007882262518894 0.07057044954451293
28 0.19060001108804106 0.5827678268643568 0.10400423151356138 0.07224207694917481
28 0.3970621136906421 0.5451512318590146 0.10400423151356133 0.07224207694917481
28 0.07810771636383033 0.599950381581013 0.11833974729857691 0.07742065027015244
28 0.15170338203590641 0.4741939242319516 0.1199778420086702 0.10554565027015243
28 0.37314574253101523 0.4337152240544663 0.11483531570031094 0.09756945916315996
28 0.2652499425451327 0.45229658766412995 0.1197958314853265 0.10242065027015243
28 0.049600004158015396 0.48906001079977324 0.09920000831603079 0.1009127139724832
28 0.8997530161379516 0.3342409474759605 0.06623121572854558 0.06624504809323425
28 0.8351899871987563 0.3450718092715256 0.06623121572854558 0.06624504809323425
28 0.6477509003811708 0.3773461398488974 0.06779371572854594 0.06629961179556502
28 0.7116236845820378 0.3649800599044978 0.06935621572854593 0.06635417549789598
28 0.7738429635212329 0.3542310436624289 0.06779371572854594 0.06629961179556502
28 0.5211051003952882 0.3965822678865313 0.06926521046687384 0.06479167549789588
28 0.5856681293344833 0.38575140609096625 0.06457771046687384 0.06462798439090331
28 0.456496568825257 0.4081943796820964 0.06935621572854575 0.06635417549789598
28 0.5010244876928664 0.875215699374877 0.09599431043863901 0.0953521947351895
28 0.5900337797862412 0.8596328501931836 0.09737479991529537 0.09228175843752026
28 0.679088574510452 0.8432687510114902 0.09599431043863901 0.09535219473518959
28 0.7633193613421548 0.8294120929367896 0.09121580517696729 0.0936260036281971
28 0.8468144008046938 0.8148014667132543 0.09764781570031085 0.09696925843752036
28 0.9194629455289045 0.7990102864060349 0.06934080517696728 0.09286211179556503
28 0.09631387186549856 0.849585793832065 0.08718075256024878 0.07789187622353566
28 0.17672941395887337 0.8343030450131913 0.08405575256024873 0.07778274881887377
28 0.2538834481597404 0.8214731735989794 0.08267526308359248 0.08085318511654264
28 0.5056958481173881 0.7682390130772079 0.0644867052052021 0.0630654843909035
28 0.3828197902389977 0.7896824818590147 0.06283319994353036 0.06144842068857255
28 0.4426043139165211 0.7805778111704421 0.06265118942018652 0.05832342068857255
28 0.3222085139306385 0.7995956843987526 0.059526189420186525 0.05821429328391083
28 0.5647446244257474 0.7583803742398008 0.05970819994353036 0.061339293283910835
28 0.6220411849349736 0.73844733095589 0.05200211575678075 0.036121038474587405
28 0.6724507086124969 0.7296700424813026 0.05200211575678075 0.036121038474587405
28 0.8228980296450669 0.7033654589087058 0.05200211575678075 0.036121038474587405
28 0.723777990182528 0.7185217221555498 0.05200211575678075 0.036121038474587405
28 0.7757045112292154 0.7104711199786315 0.04896812101845249 0.03757441106992569