35 0.0171875 0.6655250060501242 0.034375 0.10019998789975162
35 0.02578125 0.5842250090751863 0.0515625 0.09404998184962743
35 0.0453125 0.5091113795866911 0.0890625 0.10051815046753809
35 0.075 0.44800116276417834 0.0828125 0.09110678903121965
35 0.19765625 0.46681881957642835 0.1921875 0.10736811416679296
35 0.17109375 0.5333796056807818 0.2015625 0.11679765632127079
35 0.14375 0.6280699369646752 0.228125 0.16695219242562426
35 0.13125 0.7507989098373121 0.20625 0.12307492739850937
35 0.10234375 0.846279581480285 0.2046875 0.16681583703942984
35 0.10390625 0.9126767411212053 0.1515625 0.052444264830722884
35 0.37734375 0.5024921782822723 0.190625 0.11360902380771343
35 0.54765625 0.5647825791425939 0.2015625 0.1636726563212708
35 0.35390625 0.5963785336684666 0.209375 0.15903060811666875
35 0.32421875 0.7262387504909793 0.2 0.1542885659621911
35 0.5109375 0.698589952580965 0.1890625 0.14484993344863373
35 0.4890625 0.7963734676080796 0.178125 0.10884880093507636
35 0.46640625 0.8644740278147343 0.18125 0.10886698165323594
35 0.29921875 0.8373216962362532 0.184375 0.11669766237139498
35 0.45390625 0.9418905006873711 0.1859375 0.1120192527304745
35 0.2828125 0.9171046450065893 0.1859375 0.12139425273047451
35 0.44921875 0.9817615217646098 0.1734375 0.032259029857837615
35 0.71171875 0.6872655914392342 0.2109375 0.16528969847574845
35 0.72578125 0.5840587782075175 0.190625 0.11673402380771343
35 0.67578125 0.7945059196980654 0.1890625 0.11672493344863373
35 0.66875 0.8687655763139237 0.19375 0.11987720452587283
35 0.65859375 0.943824663647941 0.1984375 0.1058419756031114
35 0.89140625 0.6393452001450781 0.196875 0.16520788524403188