35 0.9484375 0.9796875 0.10078125 0.03828125
35 0.9453125 0.88828125 0.10234375 0.1203125
35 0.928125 0.784375 0.084375 0.08203125
35 0.921875 0.70546875 0.071875 0.0734375
35 0.9015625 0.6265625 0.06875 0.08203125
35 0.88671875 0.5640625 0.0640625 0.07421875
35 0.76875 0.55546875 0.171875 0.0640625
35 0.7796875 0.6234375 0.18046875 0.071875
35 0.784375 0.715625 0.196875 0.11640625
35 0.76953125 0.8328125 0.1828125 0.078125
35 0.7828125 0.9296875 0.19140625 0.11796875
35 0.7609375 0.990625 0.14453125 0.01796875
35 0.59375 0.5515625 0.16953125 0.07109375
35 0.42265625 0.5734375 0.1703125 0.11875
35 0.5953125 0.64296875 0.17890625 0.1140625
35 0.5953125 0.76953125 0.16953125 0.1109375
35 0.42734375 0.7046875 0.1609375 0.103125
35 0.428125 0.8 0.15859375 0.06875
35 0.43359375 0.86875 0.1609375 0.06875
35 0.5953125 0.878125 0.1625 0.07578125
35 0.428125 0.9453125 0.16328125 0.07578125
35 0.5921875 0.95625 0.16328125 0.08046875
35 0.42265625 0.9921875 0.1671875 0.01328125
35 0.24375 0.653125 0.178125 0.11875
35 0.25234375 0.55390625 0.1703125 0.0734375
35 0.2546875 0.76015625 0.16796875 0.0734375
35 0.24453125 0.8296875 0.1734375 0.07578125
35 0.2359375 0.91171875 0.17421875 0.0828125
35 0.084375 0.56953125 0.16875 0.1234375