35 0.18325644410221745 0.03954395555093819 0.1397371117955651 0.06966519566510646
35 0.16563986896714122 0.09593853558899429 0.115084341377145 0.1232703567298018
35 0.14572418385059843 0.17336319863085597 0.09740576805616734 0.10850751977166348
35 0.13736355762706307 0.2559528641441756 0.09606152286549077 0.1146938527754691
35 0.1295758502780017 0.32213627965749525 0.09110120435383648 0.10669035178688588
35 0.23208080218476748 0.3889019684025195 0.19709823320977699 0.1484560405319101
35 0.24622763693849054 0.3198482208739774 0.20847224282842386 0.16140170950527094
35 0.2720212998225148 0.2309276423187961 0.2415228450053421 0.21423754942915876
35 0.323196908622855 0.13208823570272502 0.21343256134007813 0.16940521049385407
35 0.3385242974602621 0.07403565517037734 0.22920140507947587 0.1294805474519924
35 0.3853570804077358 0.4804249180219585 0.1989335517214313 0.15633220752810467
35 0.5466467552726596 0.5441093691242725 0.21619546279135698 0.20384387749004845
35 0.4134399295894292 0.39316233996106886 0.22082839908902616 0.2024723784786316
35 0.4566765528177396 0.27522276486592867 0.21118058057737182 0.1942778765014653
35 0.5846328833102934 0.41969695954245195 0.19986113466105593 0.1828947075281045
35 0.613578828045483 0.33012246497965936 0.1877232332097769 0.14807403855474383
35 0.6323040353945444 0.2643847184397005 0.1892857332097769 0.1481377055509382
35 0.49389878902274154 0.17268535528410806 0.1910664880191005 0.1544513725471326
35 0.6628844019994331 0.19521822437119957 0.19273811542376224 0.15764003954332698
35 0.5205456237764647 0.10414094372512114 0.19284724282842375 0.16076503954332697
35 0.6924925456461635 0.1314886468046014 0.1890129146981227 0.14032520555093822
35 0.5375892800370669 0.06415261368706507 0.18732143992586625 0.09188770555093821
35 0.7315574686121706 0.5586851581733079 0.22260915389834962 0.20878604547482596
35 0.6901933694304774 0.6454065667665454 0.19893355172143146 0.15633220752810467
35 0.7539905185195035 0.4539804121276406 0.19580855172143127 0.15620487353571572
35 0.7889310029104069 0.39437991904772285 0.202167679126093 0.15958454152049334
35 0.822745496919957 0.32221575897161064 0.20723712504240907 0.17071304250907654
35 0.8457960394860777 0.7151181833821789 0.21942959019601888 0.2070962114824372