35 0.24013381663917568 0.9765625 0.14042642319868043 0.046875
35 0.33898885378619426 0.9640625 0.09896634890464337 0.071875
35 0.4145200511997695 0.95546875 0.09000052586424748 0.0859375
35 0.4861078946941365 0.91875 0.09620506175762493 0.084375
35 0.5439060228282396 0.89140625 0.08821070533113406 0.078125
35 0.5240899648315385 0.77421875 0.10371133636823107 0.18125
35 0.46075489053750135 0.79921875 0.11340458511458991 0.1921875
35 0.37237435213684156 0.82265625 0.16100701082055266 0.2171875
35 0.254701118829889 0.8328125 0.11974551332783516 0.1953125
35 0.16346836506896534 0.865625 0.16238765439406194 0.2109375
35 0.0991558124825406 0.85703125 0.05262019780928666 0.14375
35 0.4862764131030436 0.60234375 0.10991587226160834 0.1796875
35 0.4245168960142848 0.43984375 0.157109121007967 0.190625
35 0.39780494648913844 0.62265625 0.1542114415410804 0.1984375
35 0.275140336301724 0.64921875 0.14920569279472176 0.1875
35 0.2981051602000497 0.471875 0.13955790815498564 0.178125
35 0.20572744358614456 0.4921875 0.10495558762187222 0.1703125
35 0.1406707449189281 0.51171875 0.10500105172849494 0.171875
35 0.16954956584775288 0.671875 0.11290447994174029 0.175
35 0.0667475116119755 0.521875 0.10821697994174029 0.175
35 0.09259226075404567 0.68515625 0.11924540815498563 0.178125
35 0.02782140393184354 0.5265625 0.0298191953020042 0.165625
35 0.3050585391920826 0.28125 0.1588989415410805 0.1984375
35 0.4039135763391012 0.26875 0.11308633636823107 0.18125
35 0.2036695354311589 0.3140625 0.11147837226160835 0.1796875
35 0.13349342775102696 0.31875 0.11478522868809904 0.1859375
35 0.05952473033745169 0.32734375 0.10550115690134443 0.1890625
35 0.348449523356965 0.1078125 0.1617966210079671 0.190625