35 0.8734375 0.97578125 0.13203125 0.0484375
35 0.859375 0.896875 0.1 0.13125
35 0.8515625 0.79921875 0.08203125 0.0921875
35 0.8515625 0.7265625 0.06875 0.08203125
35 0.8390625 0.65234375 0.06640625 0.0890625
35 0.83125 0.5921875 0.0625 0.08203125
35 0.72578125 0.55859375 0.1578125 0.0953125
35 0.7296875 0.62265625 0.165625 0.1046875
35 0.7265625 0.70625 0.18515625 0.14765625
35 0.70625 0.80625 0.16796875 0.11171875
35 0.7125 0.896875 0.17890625 0.14765625
35 0.6859375 0.9578125 0.13203125 0.06953125
35 0.56953125 0.515625 0.1578125 0.10234375
35 0.41328125 0.496875 0.1609375 0.14453125
35 0.565625 0.5984375 0.16796875 0.14296875
35 0.5546875 0.7125 0.16015625 0.13671875
35 0.40859375 0.615625 0.1515625 0.12890625
35 0.4046875 0.7015625 0.146875 0.09609375
35 0.4046875 0.7640625 0.14921875 0.09609375
35 0.546875 0.8109375 0.15 0.103125
35 0.39296875 0.83203125 0.1515625 0.1046875
35 0.53984375 0.87734375 0.1515625 0.1078125
35 0.3828125 0.8953125 0.15234375 0.08984375
35 0.5359375 0.93984375 0.15859375 0.0890625
35 0.24765625 0.5296875 0.1671875 0.146875
35 0.26328125 0.44375 0.1578125 0.103125
35 0.25234375 0.6265625 0.1546875 0.103125
35 0.2359375 0.6875 0.16015625 0.10546875
35 0.2234375 0.75859375 0.1625 0.1140625
35 0.1109375 0.41875 0.16484375 0.14765625