35 0.059179081758498196 0.10786397578510518 0.11399306733052791 0.09072795157021037
35 0.15003969473518963 0.09489862602253203 0.10456350362819711 0.08889266693047429
35 0.2324156851165428 0.08480822367353413 0.09836806733052797 0.09027331050398354
35 0.31547372177703165 0.09424907132453622 0.10461806733052796 0.09045516693047426
35 0.3851959447351897 0.10174097406924554 0.09820437622353531 0.08558581050398355
35 0.41219000907049264 0.22661895361527443 0.11614089908902617 0.19693248746358769
35 0.33713544536816176 0.2228741764973857 0.12746034500534212 0.20818823620994645
35 0.24223217313564324 0.23181961599340214 0.18000499164729752 0.23781355172849494
35 0.12312007458692206 0.2626938797834557 0.13538197241000383 0.21154055674305985
35 0.05746779273575664 0.2600031373053031 0.10467760943331239 0.2262562746106062
35 0.44360124409436824 0.41094012932123725 0.12395339908902621 0.1971598079967011
35 0.44772329282057466 0.5960281831613032 0.17433534500534212 0.2095521594086268
35 0.34791672186184963 0.4198628367639424 0.17148316351699638 0.21727373119538154
35 0.2158135499921508 0.4363108877010145 0.16479665389834955 0.20459187476889085
35 0.3107689298438832 0.6076523417785074 0.1550942716843644 0.19494409012915453
35 0.2112600031648609 0.6188051389546557 0.11564982576804841 0.18286998746358768
35 0.13804075797418433 0.6229183259433897 0.11575895317271012 0.1859949874635877
35 0.1016791281224519 0.45328177586424745 0.12518851687504098 0.18783027210332381
35 0.07059036314632747 0.6357843873053032 0.10007938947037927 0.18397784639736087
35 0.04969004218760247 0.4619149782923877 0.07362601687504099 0.18632995658477536
35 0.3937972285700896 0.7950363330030188 0.17611609981466553 0.2158476235152495
35 0.4928969274816305 0.7721647858268703 0.12551589908902622 0.19720527210332364
35 0.2799257015282476 0.797186203219563 0.12546133538669527 0.19564277210332381
35 0.20803334336087959 0.8169471222616084 0.12875002649368783 0.20042120031656907
35 0.12673870334234616 0.8356540066639176 0.1303670901960187 0.2020291644231918
35 0.5015328614170469 0.9220210671679011 0.17302581614940155 0.15595786566419784