35 0.7289505156038322 0.039543748988509674 0.10147396879233561 0.031617076949174774
35 0.6426445234057484 0.0435739953603126 0.09283595318850324 0.04535219473518963
35 0.5597944018544508 0.056334400987942665 0.10541119629109837 0.07698414065150563
35 0.49310486883776405 0.07435522549004672 0.09957063206674714 0.08457838584218222
35 0.5012338721171244 0.20299858066218984 0.11336089439121899 0.19891370435383654
35 0.5758587358665058 0.18290682467174008 0.12495349163225704 0.21179565027015249
35 0.674456688150498 0.16834830606741857 0.17790807326946273 0.24015875244707074
35 0.8034448253056278 0.17128731150971419 0.13292976594251654 0.21519346878180676
35 0.8925416248306579 0.14387412884024212 0.1507723631835546 0.22829366950744617
35 0.5225755263464245 0.393152354708807 0.12117339439121899 0.19918652286549082
35 0.5708481727738084 0.5772024616950486 0.1762703301668676 0.2089087524470708
35 0.6210915914752868 0.3801563361044855 0.17215604025277606 0.21968256134007813
35 0.7596561244919736 0.36464544190960074 0.16689533016686778 0.20858137023308557
35 0.7128243108334493 0.5563319449048256 0.15382212008095947 0.1972073606144388
35 0.8159869323847466 0.5442808674074968 0.11435018430531078 0.18803076805616747
35 0.891065497513609 0.5304663932682123 0.11451395861557004 0.19115576805616746
35 0.8791431088881414 0.3547297832867458 0.12388895861557003 0.19148315027015245
35 0.9460805461341281 0.5261261228497923 0.06591268430531087 0.18633929328391083
35 0.9389684882413551 0.34820945397531833 0.08153768430531087 0.1868849303072194
35 0.6825248999338869 0.76111864862569 0.17832415309764632 0.21833831614940175
35 0.5752070448909328 0.7628497850160263 0.12281778154634874 0.20080358656782166
35 0.7980613687262224 0.7369767988958424 0.12273589439121899 0.19924108656782166
35 0.8754051187262224 0.7396777021612199 0.12610655585660807 0.20403771397248321
35 0.9334632801916116 0.7370090591474614 0.06985655585660808 0.20207342068857273
35 0.6151692243350034 0.9175570827079564 0.17331574852966192 0.16488583458408712