35 0.0375 0.94375 0.07421875 0.06015625
35 0.0421875 0.84609375 0.084375 0.1265625
35 0.0484375 0.74375 0.08515625 0.08515625
35 0.0578125 0.66640625 0.071875 0.0765625
35 0.078125 0.590625 0.06875 0.084375
35 0.0953125 0.528125 0.06484375 0.078125
35 0.21171875 0.52734375 0.1703125 0.0734375
35 0.1984375 0.5953125 0.17890625 0.08203125
35 0.19375 0.6859375 0.196875 0.12734375
35 0.20625 0.80078125 0.18125 0.0890625
35 0.1890625 0.8953125 0.19140625 0.12734375
35 0.2109375 0.96484375 0.14296875 0.0421875
35 0.384375 0.534375 0.16796875 0.08046875
35 0.55390625 0.565625 0.1703125 0.12890625
35 0.3796875 0.62421875 0.17890625 0.1234375
35 0.3765625 0.74921875 0.16953125 0.1203125
35 0.54609375 0.6953125 0.1609375 0.11171875
35 0.54296875 0.78828125 0.1578125 0.0765625
35 0.5359375 0.85703125 0.16015625 0.0765625
35 0.37734375 0.8578125 0.1609375 0.084375
35 0.5390625 0.934375 0.16328125 0.084375
35 0.3765625 0.93359375 0.16328125 0.0890625
35 0.5453125 0.9828125 0.165625 0.03125
35 0.3765625 0.9828125 0.171875 0.03125
35 0.728125 0.6546875 0.178125 0.12890625
35 0.7203125 0.55859375 0.16953125 0.0828125
35 0.71484375 0.76015625 0.1671875 0.0828125
35 0.7234375 0.8296875 0.171875 0.08515625
35 0.7296875 0.91171875 0.17421875 0.0921875
35 0.8875 0.584375 0.17421875 0.13125