35 0.9394231318261863 0.9826386754363323 0.12115373634762747 0.03472264912733536
35 0.9308900318027451 0.915847695245177 0.11648858411256384 0.15314885771838505
35 0.9154417729239507 0.8113366087813303 0.09435905405833438 0.1085075197716634
35 0.9087463453290493 0.7345194407965526 0.0802238311856975 0.095434516805914
35 0.8903230773750686 0.6556622703403171 0.07870678298109582 0.10318334980971962
35 0.875892417832344 0.5918080173745677 0.0724113311856975 0.09511618182494211
35 0.7608850413689108 0.55900349315428 0.17565450585373235 0.11963070357377177
35 0.7706509268093343 0.6265729951314463 0.18510222872636922 0.13251270555093822
35 0.7742986224564123 0.716544079123835 0.20881243949875775 0.18034271049385425
35 0.7600775620533662 0.8229704926599883 0.18670109016268785 0.1388263725471326
35 0.7754849143163025 0.9155937789346484 0.2025533491396782 0.16881244213070304
35 0.7508439834999473 0.9703449459308426 0.1457488372358217 0.05931010813831463
35 0.5919305082896195 0.5169712075652855 0.17726245764913068 0.12750687056996632
35 0.42392085167376103 0.5030957554743886 0.1837669877033598 0.17151153855474383
35 0.5940111587571576 0.6060973745614799 0.19002607806243949 0.17332870653952134
35 0.5915952067653677 0.7278450405690913 0.18216812626704132 0.16519787155854945
35 0.42856342075921017 0.6298174229648745 0.17273858411256365 0.155440869581383
35 0.43143441158582796 0.720537923459166 0.16316359621281204 0.12068386760421675
35 0.4365127970262515 0.7879164244477492 0.16628859621281217 0.1208112015966055
35 0.591427556003242 0.8332819570709941 0.16944995764913068 0.12718853558899426
35 0.42912754390299357 0.8610355894667773 0.17103063836728988 0.1303772025851888
35 0.5895019625209044 0.9050614565767023 0.1710488190854491 0.13350220258518847
35 0.423272974522957 0.9287496714819998 0.1693772347764936 0.11468853558899425
35 0.5898837576022483 0.9569980523949082 0.17561814441741408 0.0860038952101835
35 0.2507560624461497 0.5429037188968111 0.1900442587805987 0.17645370653952136
35 0.2603714360809124 0.4503488043720746 0.17726245764913057 0.12750687056996615
35 0.2630702309658646 0.645724971368269 0.17413745764913058 0.1273795365775774
35 0.25095202604720857 0.7108406353987139 0.1804056383672898 0.13075920456235507
35 0.24358949882164965 0.7878660504177419 0.1820317708808471 0.14176037155854945
35 0.09543678249011621 0.4280069362735663 0.18692834913967832 0.1778888725471326