28 0.3625 0.25 0.08203125 0.115625
28 0.2828125 0.26171875 0.06875 0.0953125
28 0.20625 0.2625 0.0625 0.09375
28 0.8453125 0.26953125 0.06015625 0.0671875
28 0.91484375 0.2703125 0.0578125 0.071875
28 0.2265625 0.4 0.06875 0.06015625
28 0.1515625 0.4015625 0.06953125 0.0625
28 0.078125 0.4015625 0.06640625 0.06015625
28 0.7375 0.4046875 0.05078125 0.0375
28 0.609375 0.4078125 0.04921875 0.03515625
28 0.67578125 0.40859375 0.0484375 0.0359375
28 0.5484375 0.40859375 0.05078125 0.0359375
28 0.29609375 0.40859375 0.0515625 0.0359375
28 0.35625 0.409375 0.05390625 0.0375
28 0.4875 0.409375 0.04921875 0.03828125
28 0.421875 0.409375 0.05390625 0.03828125
28 0.6671875 0.55625 0.08515625 0.08046875
28 0.5796875 0.55546875 0.08203125 0.0796875
28 0.4984375 0.55625 0.084375 0.08046875
28 0.04296875 0.5640625 0.0859375 0.071875
28 0.8953125 0.56484375 0.06875 0.0609375
28 0.821875 0.56484375 0.06875 0.0609375
28 0.746875 0.56484375 0.06953125 0.0609375
28 0.1296875 0.5671875 0.0875 0.06875
28 0.5734375 0.1 0.13125 0.09765625
28 0.696875 0.10546875 0.11875 0.0734375
28 0.81875 0.109375 0.11875 0.071875