28 0.78359375 0.38014211127156766 0.1359375 0.10947995776545083
28 0.77890625 0.29057137705658326 0.1125 0.09248987884037314
28 0.78515625 0.20583235600989586 0.109375 0.08449536831702939
28 0.715625 0.916913340154293 0.08125 0.07816977360693614
28 0.6296875 0.22348112954624483 0.0734375 0.08708974729857691
28 0.63671875 0.14104035586872152 0.075 0.08874325256024874
28 0.64296875 0.05864508482203411 0.0734375 0.08396474729857692
28 0.57578125 0.7922458110739236 0.0453125 0.06201415258848364
28 0.584375 0.6487765321347284 0.04375 0.06036064732681172
28 0.578125 0.7233593031814158 0.0453125 0.05888915258848364
28 0.58984375 0.582051763718877 0.0453125 0.06201415258848364
28 0.61484375 0.3009081795321274 0.0453125 0.06201415258848364
28 0.6078125 0.36850520320965074 0.0453125 0.06513915258848364
28 0.59453125 0.5138099979338614 0.046875 0.060542657850155376
28 0.60078125 0.4407897268871741 0.046875 0.06523015785015537
28 0.415625 0.7093863503952882 0.096875 0.1072048262236546
28 0.42421875 0.6120108214560929 0.0953125 0.10398882096198285
28 0.43125 0.5217575477785696 0.096875 0.1072048262236546
28 0.4671875 0.03376253704346445 0.0875 0.0675250740869289
28 0.38515625 0.9463172029978892 0.071875 0.05574874203690498
28 0.390625 0.8811549345820378 0.075 0.08718075256024846
28 0.3984375 0.7978874082736784 0.075 0.08874325256024865
28 0.4546875 0.11023621885349191 0.084375 0.10803928413027988
28 0.92890625 0.6193348719360857 0.121875 0.1633484104104042
28 0.9109375 0.756318932445312 0.0921875 0.142869310438639
28 0.89375 0.8854449903237024 0.090625 0.13027830517696729