28 0.3465727185924622 0.7357333538983293 0.10055759263643722 0.12825345941492117
28 0.26709816725967866 0.7175794176153214 0.082688131037097 0.10451595048646727
28 0.18791913261994259 0.7095817313323136 0.07643813103709696 0.10440685633066593
28 0.8412774648315384 0.7599274155900219 0.07093227711788899 0.07620003571381488
28 0.9117718212580292 0.7649501063372566 0.06950616943775642 0.0808602621748646
28 0.21983305918383528 0.5706731899364558 0.07856292069139796 0.0700864034085665
28 0.14380175659741057 0.5634022065755473 0.08021634890464333 0.07323867694751698
28 0.06855170401098581 0.5561175864451636 0.07700042069139797 0.0700591298696164
28 0.7416231426490725 0.6123723514659926 0.05591503087881229 0.04314207386326174
28 0.6098503054229116 0.5966945787378212 0.05430706677218975 0.04155230032431163
28 0.6788048939027137 0.6025257930240062 0.05435253087881246 0.04311480032431163
28 0.5495121989964209 0.5914946099874092 0.05591503087881229 0.04314207386326192
28 0.291685327130524 0.5686373571447401 0.057477530878812376 0.04316934740221221
28 0.3528046835570147 0.5738236891256768 0.06064799498543501 0.04478639448011279
28 0.4860036284633075 0.584786688314898 0.054397994985435 0.04467730032431163
28 0.4201740399835054 0.5789009269508123 0.06069345909205772 0.04634889448011279
28 0.6814488576136248 0.4516218120987297 0.09794941818411544 0.0922886858759707
28 0.5929175550272002 0.4445690170494238 0.0947789540774929 0.09067163879807008
28 0.5090510203874642 0.4366531513832671 0.09634145407749273 0.0906989123370204
28 0.055070562549047596 0.3882988409093905 0.07888116943775673 0.08102390340856669
28 0.9146932666265404 0.46240180479512905 0.07856292069139811 0.0700864034085665
28 0.8394659460934271 0.4558984346647453 0.07856292069139811 0.0700864034085665
28 0.7634573755603136 0.4494087013038368 0.08017088479802066 0.07167617694751698
28 0.133354686922227 0.39240391396187346 0.09919366943775673 0.08137845941492099
28 0.5501021985342025 0.907269614451636 0.14706887978345584 0.11657166558343128
28 0.6761107690673158 0.9128865945661337 0.1322334899708702 0.08976370373287815
28 0.8013835537070519 0.9200797114501066 0.12906302586424728 0.08814665665497756