28 0.51875 0.34609375 0.11796875 0.0828125
28 0.4171875 0.3515625 0.06015625 0.08984375
28 0.2125 0.35234375 0.06875 0.0890625
28 0.2828125 0.35 0.06484375 0.09140625
28 0.3515625 0.35 0.06875 0.09140625
28 0.721875 0.490625 0.10546875 0.08203125
28 0.28359375 0.49375 0.0953125 0.08984375
28 0.378125 0.4921875 0.09375 0.08984375
28 0.609375 0.49765625 0.1 0.0671875
28 0.8734375 0.5015625 0.05546875 0.05859375
28 0.8140625 0.50234375 0.05390625 0.0578125
28 0.19453125 0.5046875 0.0796875 0.071875
28 0.11484375 0.5046875 0.0828125 0.07421875
28 0.0359375 0.5046875 0.071875 0.07421875
28 0.52578125 0.5078125 0.0609375 0.053125
28 0.459375 0.509375 0.06640625 0.053125
28 0.496875 0.6234375 0.07109375 0.0625
28 0.2625 0.6234375 0.04453125 0.07109375
28 0.21796875 0.625 0.0484375 0.07109375
28 0.41484375 0.628125 0.0890625 0.05078125
28 0.32734375 0.6296875 0.0828125 0.05390625
28 0.03828125 0.64140625 0.0640625 0.0484375
28 0.1 0.640625 0.05625 0.046875
28 0.1609375 0.640625 0.06015625 0.04921875
28 0.2390625 0.73671875 0.07421875 0.0484375
28 0.1359375 0.74609375 0.040625 0.0296875
28 0.18203125 0.74765625 0.0421875 0.0296875
28 0.08203125 0.74921875 0.0453125 0.0296875
28 0.95625 0.1578125 0.08671875 0.11640625
28 0.865625 0.16171875 0.09375 0.1203125
28 0.7671875 0.1640625 0.09609375 0.11796875
28 0.665625 0.165625 0.09375 0.11875
28 0.5671875 0.1671875 0.1 0.11796875
28 0.4734375 0.16796875 0.09609375 0.1140625
28 0.375 0.171875 0.103125 0.11640625
28 0.275 0.1765625 0.10234375 0.115625
28 0.178125 0.17734375 0.09609375 0.1140625
28 0.0828125 0.178125 0.1 0.11875