28 0.5037246124164506 0.3447609706331417 0.13461255357072233 0.10389768052176755
28 0.40254394196175536 0.36722684397331695 0.07836255357072237 0.10357042759490129
28 0.1945365730491877 0.40203415691044586 0.08771028003177213 0.10206246974937887
28 0.26541213473758496 0.3891205455723233 0.08305005357072251 0.10359769867214012
28 0.33552008319545745 0.37699272941374046 0.08773755357072241 0.10362496974937896
28 0.7369792175293006 0.4582593474893583 0.12362050649282175 0.10070904800821019
28 0.2921673238599666 0.5342921450065893 0.11438187418757347 0.10846700585373234
28 0.3879610649315129 0.5165455879231927 0.11281937418757346 0.10845791549465282
28 0.624134344152506 0.48391839852263063 0.11397277110331831 0.08502950585373252
28 0.8929837556787475 0.4432878115813965 0.06682503571381489 0.06913179508134384
28 0.8337860336819247 0.4537894952264221 0.06679776217486477 0.06756929508134384
28 0.20433608725264724 0.5605870002945876 0.09371481818121907 0.0880363311856975
28 0.12252302556424995 0.5735642441462675 0.09686709172016936 0.08961701190385654
28 0.04849519033690232 0.5849335362025494 0.07334777110331836 0.08479315651766228
28 0.5409633340062363 0.5086234827333902 0.07143071509696383 0.06447156615858277
28 0.47398038554836397 0.5207331181738137 0.07768071509696384 0.0645079275949012
28 0.5313719200443628 0.6305666604264873 0.08414890340856669 0.07704428903121965
28 0.294526484979171 0.6694483950065891 0.05920345048646736 0.08002384328594588
28 0.24859637621287306 0.6790915605994379 0.06232845048646736 0.0800420240041051
28 0.44966795251176694 0.6497939042781672 0.1011727621748646 0.06776928298109546
28 0.36087818790127035 0.6659370547457055 0.09338753571381497 0.06928633118569749
28 0.07204355884243292 0.7254358163549746 0.06822389448011293 0.059765885440423536
28 0.1320225308392557 0.7149295875304092 0.06504434740221225 0.056622704722264314
28 0.1943452528360785 0.7044097231672245 0.07137616801906325 0.06134656615858276
28 0.290362910708872 0.7890160064429077 0.08387616801906325 0.06141928903121965
28 0.18690667410155265 0.8154017653217023 0.0475295649348082 0.03777271077238851
28 0.23448110348470158 0.8104370093697739 0.0490920649348082 0.03778180113146803
28 0.13323224918263052 0.828996632709949 0.052217064934808155 0.03779998184962743
28 0.9054062946422686 0.08067872727244114 0.0913262037328785 0.13020565046753824
28 0.8244563035707225 0.09833892594458127 0.11805234496658024 0.1397351865718917
28 0.7247699492686512 0.11688945892567681 0.11956029788867965 0.13661927693097137
28 0.6219722317360554 0.13623942262493155 0.11643529788867965 0.13660109621281208
28 0.5222722406645092 0.15400870560602709 0.12268529788867966 0.13663745764913057
28 0.4264648628234878 0.1709740126894236 0.1195057508107789 0.13349427693097135
28 0.327587032060367 0.1910825004909793 0.12581029788867965 0.1366556383672898
28 0.22561147483619653 0.21277166901069428 0.1257830243497292 0.1350931383672898
28 0.12746034699517514 0.2297506116327102 0.1195057508107789 0.13349427693097135
28 0.04804558238467855 0.2458392199457707 0.08987279788867958 0.13644656010845857