28 0.5290378526739227 0.6969668354715133 0.13779210064862327 0.1109970421027846
28 0.631781023128618 0.6786930398253498 0.07836255357072233 0.10579862141421188
28 0.8444486185022353 0.6509847351935116 0.08773755357072233 0.1061260036281972
28 0.7720378303527884 0.6625100230351268 0.0846671006486229 0.1091418762235353
28 0.7003537451254408 0.6709375927279074 0.08779210064862308 0.1092510036281972
28 0.2926173372526472 0.5715947801218849 0.12521028003177212 0.10587303248413775
28 0.7444604809219812 0.5139807537978331 0.11594437418757338 0.11179565027015244
28 0.6470906030809598 0.5269767724021547 0.11438187418757337 0.11174108656782167
28 0.4078059606294418 0.5506324940943682 0.1155625446422686 0.08992065027015243
28 0.13428268587267547 0.5809003143353031 0.06841480925276526 0.07265873920022674
28 0.1942480211000231 0.572063516875041 0.06682503571381497 0.07104167549789597
28 0.8346218307598254 0.49058294853302276 0.09686709172016919 0.09239088584218216
28 0.9172025056787476 0.4801935747565581 0.10001936525911966 0.09406251324684405
28 0.9776961262161684 0.4738642184032885 0.04460774756766313 0.08461310217691817
28 0.49177185754518665 0.5301414340202345 0.0730204886359143 0.0681349303072194
28 0.5602900324641088 0.5192609869227921 0.0777079886359143 0.06829862141421188
28 0.5005138376596843 0.40474212993655045 0.08571140340856669 0.07950893992586612
28 0.7428280227248761 0.37572678564899853 0.059230724025417555 0.0832688569862416
28 0.7887717682606493 0.3687426648677588 0.06235572402541774 0.08337798439090341
28 0.5845615551922803 0.38893856986241665 0.10273526217486459 0.07073414065150559
28 0.6741325698027769 0.3764509827464409 0.09651253571381488 0.07207838584218225
28 0.9582933356310894 0.32937760842182207 0.04941934740221221 0.05794147477225655
28 0.9076620900953163 0.33619803809606924 0.06822389448011279 0.06172123920022674
28 0.8437905048679687 0.34489842630050416 0.07137616801906325 0.06339286660488855
28 0.7461694366867496 0.25404275860715647 0.08543866801906326 0.06388393992586625
28 0.851188173294069 0.2319445585144893 0.04909206493480802 0.039191474772256554
28 0.8036137439109201 0.23496786559339816 0.04909206493480802 0.039191474772256464
28 0.9064250982129913 0.22060031994723467 0.05221706493480838 0.03930060217691826
28 0.11873514690915432 0.9400173647907899 0.09743983603812652 0.11996527041842028
28 0.2036732085975516 0.9303757527211477 0.11964211850553055 0.13924849455770455
28 0.30571694966909785 0.9194965667823738 0.12115007142762994 0.1416468413771451
28 0.40928228043221865 0.9035938029873757 0.11961484496658023 0.14315477767481433
28 0.5113396582732401 0.8907614754900468 0.12586484496658024 0.14337303248413774
28 0.6086958993447863 0.8769842068857251 0.1210682508107789 0.13695934137714474
28 0.7083277065689567 0.8593825338348999 0.12740007142762994 0.14186509618646853
28 0.8118657637931271 0.8419172700399018 0.12740007142762977 0.14186509618646853
28 0.9115793916341485 0.8290030969890767 0.11953302434972954 0.13846727767481432
28 0.9733922301112024 0.8142436817427999 0.05321553977759521 0.1413541754978959