34 0.5778718458686354 0.8998500331547173 0.3554891335443795 0.09563874113993265
34 0.5758486931239262 0.8303187831547174 0.35714256175762477 0.09882740813612685
34 0.5699420224325282 0.7614096156642315 0.3570516335443793 0.09570240813612685
34 0.5655296555811962 0.6902203651699399 0.35714256175762477 0.09882740813612685
34 0.5595320566765529 0.6181861976794538 0.35558006175762474 0.09876374113993247
34 0.5536253859851549 0.5492770301889679 0.35548913354437944 0.09563874113993247
34 0.5507755191338229 0.4781514466908707 0.35718802586424747 0.10038990813612685
34 0.5463176881758682 0.4053996961965791 0.35718802586424747 0.10038990813612685
34 0.5402746251646022 0.3318030287060931 0.35562552586424745 0.10032624113993246
34 0.5327827224198929 0.26204894421941277 0.35089256175762473 0.09857274015134934
34 0.5275209094086268 0.18848411022702397 0.34937552586424747 0.10007157315515487
34 0.5200062746106062 0.1179487757403436 0.338347097651002 0.09650090418179415
34 0.5135002103456989 0.05525777475176041 0.33950042069139796 0.08250207117798855
34 0.8997896806540208 0.9649763315581119 0.20042063869195842 0.07004733688377626
34 0.8964002562016992 0.9047855198460255 0.20719948759660162 0.0937977154367701
34 0.8953773138026888 0.8313480198460255 0.20924537239462246 0.08754771543677001
34 0.8928146034569899 0.7625343528498312 0.21437079308602022 0.08767504942915867
34 0.8902064290046681 0.6905956858536368 0.2195871419906637 0.08780238342154742
34 0.8884022366056579 0.6202513523555396 0.22319552678868426 0.0878660504177418
34 0.8865753121533363 0.5483445188574423 0.22684937569332755 0.08792971741393636
34 0.8843918607809815 0.47874960186124793 0.23121627843803694 0.08799338441013056
34 0.8814044273553154 0.4075285178688592 0.23719114528936905 0.08805705140632511
34 0.8788189849563052 0.33868301737456763 0.2423620300873896 0.0912457184025195
34 0.8770411877801567 0.2667125168802761 0.24446070533113406 0.08799338441013065
34 0.8718930350354475 0.19705393288788728 0.24602320533113406 0.08805705140632507
34 0.8682619181841155 0.12589651589169287 0.24441524122451136 0.08643088441013069
34 0.8641450680258309 0.06486351539740129 0.24391513605166182 0.0692433844101307
34 0.5838694447732788 0.9612670817866672 0.3540175617576248 0.07746583642666564
34 0.15037808471887837 0.045923948136564384 0.30039245658477526 0.07934789627312877
34 0.16855743487716293 0.1075299515966055 0.33375052586424747 0.099434903193211
34 0.17069424788842896 0.1809674515966055 0.33365959765100206 0.096309903193211
34 0.17356684679307227 0.25287428509470267 0.3353130258642475 0.09949857018940537
34 0.17480874953778158 0.3223737015966055 0.3337050617576248 0.097872403193211
34 0.17455634844242493 0.39415320110231394 0.3289266335443794 0.09455640220462787
34 0.17821019734706828 0.46609186809850833 0.3320516335443794 0.09468373619701662
34 0.1810373321450889 0.5364362015966055 0.33361413354437947 0.094747403193211
34 0.18705766310304356 0.6092516190870916 0.3384380258642475 0.09962590418179432
34 0.19388197611430957 0.6828801200756747 0.34156302586424747 0.09975323817418306
34 0.19512387885901888 0.7523795365775775 0.33356866943775676 0.093184903193211
34 0.19565272776366222 0.824190869581383 0.32580163354437947 0.0944290682122392
34 0.20784415386533653 0.9948814184790692 0.32375574874635876 0.010237163041861664
34 0.19694009461499423 0.895252786083286 0.31955163354437943 0.09417440022746142
34 0.20208824735970352 0.9588961682319234 0.3211141335443794 0.08220766353615332