34 0.48657500744810733 0.8341639090873143 0.3329623573197635 0.07606721671852164
34 0.49193890364300036 0.7693610693957397 0.33616013192686955 0.07768426379642239
34 0.4949590498378935 0.7045173193957398 0.33608735731976364 0.07612176379642258
34 0.49883322063989244 0.6381247061652149 0.3361601319268694 0.07768426379642239
34 0.5035250287454442 0.5709644797041653 0.3330351319268694 0.07762971671852163
34 0.5057275376367845 0.5068883429346901 0.33296235731976365 0.07606721671852164
34 0.5119454584387834 0.44053664001259085 0.3331806811410811 0.08075471671852164
34 0.5159287911514412 0.37180027678206595 0.3331806811410811 0.08075471671852172
34 0.5183496238640988 0.30303664001259073 0.3316181811410811 0.08072744317957134
34 0.5206249073625449 0.2373980032431156 0.3299101319268694 0.07757516964062106
34 0.5246082400752026 0.16866164001259074 0.3269306811410811 0.08064562256272038
34 0.5253210235736485 0.10299572970416523 0.3173373573197635 0.07579448132901834
34 0.5258518705543299 0.04123606939573975 0.32017125889134024 0.06959902840691902
34 0.813655430112133 0.971171211036479 0.27046235731976365 0.05765757792704207
34 0.8190193263070261 0.9150277199616372 0.2674829065339754 0.07804672808260733
34 0.8228571098054722 0.8494163567311126 0.27075345574818704 0.08122627516050826
34 0.8276216925181299 0.7806936302700629 0.26733735731976366 0.07492172808260751
34 0.832240726016576 0.7150959038090132 0.26733735731976366 0.07492172808260733
34 0.8353336468185748 0.6486896538090132 0.27046235731976365 0.07497627516050827
34 0.8407339303170207 0.5831055641174387 0.26733735731976366 0.07492172808260733
34 0.8446444884225727 0.5159317008869138 0.26733735731976366 0.07492172808260733
34 0.8484822719210185 0.450320337656389 0.2657748573197636 0.07489445454365722
34 0.8508303300265705 0.38311920088691387 0.26733735731976366 0.07492172808260741
34 0.8538140889179108 0.3190567008869139 0.2674829065339754 0.07804672808260751
34 0.8592871470234625 0.25191011119533935 0.26264985731976365 0.07483990746575646
34 0.8615624305219086 0.1862714744258642 0.26421235731976367 0.0748671810047068
34 0.8662178513239075 0.11989249796481453 0.26101458271265765 0.07325013392680609
34 0.8700920221259064 0.0534998847342897 0.25952485731976366 0.07478536038785574
34 0.4826644493425555 0.9013377723178391 0.33154540653397535 0.07916494317957116
34 0.47726416584410936 0.9636696952098139 0.33154540653397535 0.07266060958037208
34 0.16754921898275335 0.02872679220663672 0.3242765620344933 0.05718084902377003
34 0.17753849503760127 0.08285123051823944 0.3534931811410812 0.08110927272487616
34 0.17316136414418912 0.15156032020981391 0.34632272828837823 0.07790245210802516
34 0.17046122239496614 0.21872054667086357 0.3409224447899323 0.08100017856907478
34 0.16697983064574312 0.2842909995929629 0.33395966129148624 0.08097290503012448
34 0.1614907329411907 0.35061542897611186 0.3229814658823814 0.07773881087432315
34 0.15990788523663832 0.4185841789761119 0.31981577047327664 0.07773881087432315
34 0.15681711848741534 0.48416826866768636 0.31363423697483067 0.07771153733537269
34 0.15688773904174524 0.5513830422066367 0.3137754780834905 0.08401608441327343
34 0.15606794768541637 0.6193654289761119 0.31213589537083275 0.08248085795222374
34 0.15056065632908752 0.684922245128736 0.30112131265817504 0.0760944902574721
34 0.14438127688341745 0.750465424511885 0.2887625537668349 0.07905584902377001
34 0.13894245202864258 0.9504517877424099 0.27788490405728516 0.0790285754848199
34 0.1404364855270886 0.8183932642034595 0.2808729710541772 0.07741152840691896
34 0.1381633560814185 0.8832233774339844 0.276326712162837 0.07894675486796884