34 0.184375 0.478125 0.0625 0.321875
34 0.2484375 0.4765625 0.06484375 0.32421875
34 0.3109375 0.478125 0.0625 0.32421875
34 0.3765625 0.478125 0.06484375 0.32421875
34 0.4421875 0.478125 0.06484375 0.321875
34 0.5046875 0.4796875 0.0625 0.321875
34 0.56953125 0.478125 0.0671875 0.321875
34 0.63671875 0.478125 0.0671875 0.321875
34 0.70390625 0.4796875 0.0671875 0.31953125
34 0.76875 0.48203125 0.06484375 0.3171875
34 0.83515625 0.4828125 0.0671875 0.31484375
34 0.9 0.4859375 0.06484375 0.30546875
34 0.96484375 0.48828125 0.0671875 0.3078125
34 0.05078125 0.1390625 0.0671875 0.278125
34 0.11640625 0.13828125 0.0671875 0.2765625
34 0.18046875 0.1390625 0.0703125 0.278125
34 0.2484375 0.13828125 0.06484375 0.2765625
34 0.3125 0.13828125 0.06484375 0.2765625
34 0.378125 0.13984375 0.06484375 0.2765625
34 0.4421875 0.13828125 0.06484375 0.2765625
34 0.5078125 0.13828125 0.06484375 0.2765625
34 0.571875 0.13828125 0.06484375 0.2765625
34 0.6375 0.13984375 0.06484375 0.2765625
34 0.69921875 0.1390625 0.0671875 0.278125
34 0.765625 0.13828125 0.06484375 0.2765625
34 0.8296875 0.13984375 0.06484375 0.2765625
34 0.89375 0.13828125 0.0625 0.2765625
34 0.96015625 0.13828125 0.0671875 0.2765625
34 0.11875 0.4765625 0.06484375 0.31953125
34 0.0546875 0.478125 0.06484375 0.31953125
34 0.96875 0.8421875 0.0625 0.31484375
34 0.90703125 0.828125 0.0671875 0.34375
34 0.840625 0.828125 0.06484375 0.33671875
34 0.77421875 0.828125 0.0671875 0.334375
34 0.71015625 0.83125 0.0671875 0.334375
34 0.6453125 0.83359375 0.06484375 0.3265625
34 0.5796875 0.83359375 0.06484375 0.3296875
34 0.515625 0.83515625 0.06484375 0.3296875
34 0.4484375 0.83203125 0.06953125 0.3296875
34 0.38125 0.83125 0.06953125 0.334375
34 0.3171875 0.8328125 0.0625 0.32421875
34 0.253125 0.83671875 0.06484375 0.3171875
34 0.0578125 0.83515625 0.06484375 0.3171875
34 0.1875 0.840625 0.06484375 0.31484375
34 0.1234375 0.8390625 0.06484375 0.31484375