35 0.36621866270733217 0.4685064970593239 0.5298024749271754 0.2461821969684669
35 0.3823688484424249 0.40694819934331605 0.5220809031404208 0.24889776119281812
35 0.37248773159109294 0.3354450135676673 0.5158309031404207 0.2485702125722991
35 0.37537939937949705 0.27397192503305656 0.4856887620741939 0.23138935662483381
35 0.37994722743445786 0.21648697365357555 0.4666659774344578 0.22103171076327682
35 0.43206525237426846 0.9166010018090223 0.622188551728495 0.16679799638195547
35 0.42853943560207874 0.8761397761192817 0.6073651852728743 0.24772044776143645
35 0.42050196357789726 0.8059965309805218 0.6556041084715547 0.3339012822237173
35 0.411160404327555 0.6994189823600028 0.47722304420664763 0.26214803369405537
35 0.8320485319994397 0.985653053481759 0.2003469924781526 0.02869389303648191
35 0.8613913880302189 0.864985265149547 0.22669419530200435 0.17725297602842466
35 0.8572374339527261 0.7758408779944173 0.26589308762187225 0.1839876549066684
35 0.8537006276718847 0.6992783779944173 0.29259874465623065 0.17304351085413394
35 0.7999809311162392 0.41125275553860857 0.40003813776752145 0.2260600474888653
35 0.8018927721033238 0.3645005862713032 0.39621445579335235 0.19143938602347604
35 0.7917676143440495 0.3163530133405247 0.41646477131190096 0.200234531885033
35 0.7947084094086269 0.49373770691808955 0.4105831811827462 0.25796514472990323