35 0.646875 0.4615063172512494 0.5546875 0.25353549486909766
35 0.62578125 0.39637227973218697 0.546875 0.2564786569131948
35 0.6328125 0.3204273755718745 0.5375 0.25469795136611156
35 0.62734375 0.2557109121410064 0.5078125 0.23838196713368093
35 0.61953125 0.1949552500969092 0.4875 0.22853418844833376
35 0.59140625 0.9221723667381593 0.6390625 0.1429993447928478
35 0.5984375 0.8798212125778466 0.63125 0.22719250683694492
35 0.60546875 0.8187200584175341 0.684375 0.34249150493708386
35 0.61015625 0.7053297056439926 0.496875 0.272502393995417
35 0.16328125 0.8696370867216319 0.1921875 0.1716607137152085
35 0.1625 0.7751240205172222 0.2328125 0.1772937710859029
35 0.1609375 0.6931291381084026 0.265625 0.16711999050069473
35 0.19609375 0.3923108673068401 0.3921875 0.22787826538631978
35 0.19140625 0.3424199700803818 0.3828125 0.19328505983923644
35 0.203125 0.29527221314652763 0.40625 0.2063305737069448
35 0.20234375 0.47732164694211787 0.4046875 0.25473170611576423