35 0.65078125 0.48125 0.4890625 0.10078125
35 0.646875 0.4203125 0.48046875 0.10546875
35 0.66875 0.3546875 0.47265625 0.10703125
35 0.678125 0.296875 0.446875 0.09765625
35 0.684375 0.2421875 0.42890625 0.09375
35 0.4953125 0.9421875 0.58515625 0.115625
35 0.5109375 0.8703125 0.55625 0.13203125
35 0.5375 0.78359375 0.59609375 0.1546875
35 0.565625 0.6859375 0.428125 0.134375
35 0.0984375 0.90546875 0.196875 0.1078125
35 0.1078125 0.72265625 0.215625 0.1171875
35 0.128125 0.63984375 0.25625 0.1140625
35 0.1453125 0.56875 0.2875 0.09375
35 0.24375 0.31015625 0.4 0.1078125
35 0.25625 0.265625 0.39296875 0.07578125
35 0.2796875 0.225 0.40234375 0.08203125
35 0.225 0.38828125 0.415625 0.1359375