34 0.456230164981847 0.37835413557325004 0.16805756920082224 0.33623182835784543
34 0.08772031513494637 0.8700934147447497 0.16005938539871384 0.25473616689245626
34 0.18185231711211272 0.8558051854369644 0.17019838935304654 0.2739774898232348
34 0.2789819850968903 0.8444781818189199 0.1644577253226017 0.28614994120271575
34 0.3738315700778623 0.8317115089335699 0.16665689528454558 0.30185682835784533
34 0.46789990505883416 0.8189857796257847 0.16729356524648953 0.31748182835784544
34 0.5597836575302921 0.8024766310506944 0.16467790121604473 0.3298180540475861
34 0.6557646609903333 0.7810752645877794 0.1691744002274614 0.32537621551297524
34 0.7518093314465688 0.7581113981248645 0.1628607332312672 0.32348616689245624
34 0.8487625858951929 0.7319815880843848 0.16467790121604473 0.329818054047586
34 0.9182765898495259 0.7096285532586757 0.11467790121604438 0.32719766508343395
34 0.04084388140720011 0.4920336917685425 0.08168776281440022 0.3253076164629149
34 0.09249131714929378 0.4660200684082227 0.1680575692008222 0.3362318283578454
34 0.18612857060933488 0.4447415326780025 0.16805756920082224 0.3362318283578454
34 0.2827634900769872 0.4264242226375227 0.1712462361970166 0.3379581026681049
34 0.3688110780237087 0.4000863726829513 0.1507427352084334 0.3322060696514182
34 0.5530879189361797 0.3545680755327703 0.17124623619701662 0.33795810266810494
34 0.7570233438410395 0.30490118894346746 0.1616165682122391 0.3312167797373265
34 0.8513781803048861 0.2851442096356823 0.16780290121604446 0.3299818283578455
34 0.018466157110362647 0.2161229669833132 0.03693231422072529 0.2552540660333736
34 0.06341124258562619 0.1958204330621153 0.12682248517125239 0.2646091338757694
34 0.14730212844145057 0.17314317164215456 0.15106638737588024 0.26361984396167765
34 0.2416887984033945 0.15260494233436944 0.15594488836446335 0.26855300542706695
34 0.32757721885963004 0.130173342379798 0.13218905338349138 0.2595121981001206
34 0.41499630581776825 0.1205775539918151 0.15581755437207465 0.2411551079836302
34 0.5130663912930318 0.10864358039401037 0.15511721741393636 0.21728716078802074
34 0.6203523092778094 0.09956847354203392 0.15304538144438115 0.19913694708406784
34 0.7122997287454618 0.08383060888814137 0.14727554250907637 0.16766121777628273
34 0.8079305637264337 0.0735614942342488 0.14976387254713258 0.1471229884684976
34 0.8840301487074058 0.06333332315792113 0.11631470258518846 0.12666664631584226