34 0.3775056457044751 0.47832799946852733 0.3270612015966055 0.17867673421985023
34 0.6739032128537689 0.9373422662372605 0.3324251808363588 0.0806212361970168
34 0.6969388062376979 0.888826511788636 0.34099636760421675 0.17612473718559976
34 0.7246592410283894 0.8019021733476229 0.3302498685927997 0.18036656821223893
34 0.7563814263133726 0.7124749174161239 0.33656353558899427 0.1821837361970166
34 0.7820764460850359 0.6178335794694023 0.32712486859280004 0.18023923421985016
34 0.8075167978719218 0.5294422415226809 0.325435034600411 0.1770505672236558
34 0.8292100671492937 0.4373038210664454 0.3100010355889943 0.181101397261712
34 0.8438402529285686 0.3462331520930847 0.2879987015966055 0.17708505931499055
34 0.8578165227002319 0.2520693166178211 0.2676862015966055 0.17625738836446336
34 0.8724467084795066 0.1609986476444604 0.2458112015966055 0.1753660504177419
34 0.25840288825292024 0.9129351042211628 0.3184846976422728 0.15960839923887846
34 0.2750903225493202 0.8288001847535105 0.3271248685927999 0.18023923421985016
34 0.3030017583285949 0.7371883463124973 0.325435034600411 0.17705056722365597
34 0.3347557771116752 0.6469798403809983 0.32718853558899424 0.1818017342198502
34 0.3538506284042695 0.5611869204190544 0.32160969764227276 0.15973573323126722
34 0.4056399159704302 0.3812474110275143 0.32718853558899424 0.18180173421985027
34 0.4611590400004375 0.18633681764358537 0.32380886760421673 0.17542440022746147
34 0.48894314178732345 0.0978499792025723 0.3238725346004111 0.1769869002274615
34 0.060582083955207734 0.8507865671864747 0.12116416791041547 0.14530186562705047
34 0.07245734285245631 0.7699039817112112 0.14491468570491262 0.15394203657757757
34 0.08452360273828805 0.6765213962359476 0.1690472054765761 0.15633220752810467
34 0.1011818621298282 0.5884165597721009 0.2023637242596564 0.16066688045579802
34 0.1104905365403964 0.5052857247911291 0.2209810730807928 0.14255355041774181
34 0.12336987992432535 0.41968380581776826 0.2467397598486507 0.1637573883644634
34 0.141190096806789 0.3249469673767552 0.27199169961943914 0.16707338935304658
34 0.17420286806132726 0.22298787794715902 0.27811436562705033 0.1642030573378241
34 0.19658188684440756 0.1331613739928263 0.2701745316346616 0.16075972235685212
34 0.22242148665412714 0.06140307361226545 0.27078202669174567 0.1228061472245309
34 0.2476734960456673 0.016394321140807515 0.2671530079086654 0.03278864228161503