34 0.5517707648913064 0.48206740570991496 0.30701887023308566 0.17029549917143055
34 0.10518600780454831 0.1294263267168017 0.21037201560909663 0.1567723465663966
34 0.11400544709744234 0.20942204177061363 0.22801089419488468 0.16553091645877274
34 0.12352429083684009 0.2932876195208726 0.24704858167368018 0.17279976095825472
34 0.1305629753204107 0.38038735918179045 0.2611259506408214 0.17047528163641915
34 0.13843747350631216 0.4658882115391553 0.27687494701262433 0.1713485769216895
34 0.1466616739154655 0.5527332400752025 0.293323347830931 0.17029549917143036
34 0.1572345364908528 0.6345996701828265 0.3069643065307547 0.16873299917143036
34 0.1705852191603249 0.7213355368082148 0.3118154976377473 0.17363882299274797
34 0.1886506836809624 0.8070718296122859 0.3101984339354164 0.17200354838564208
34 0.21229402560626162 0.8894284112914862 0.30701887023308555 0.17029549917143036
34 0.2315326097270125 0.9415709540955571 0.3047817584375204 0.10623299917143036
34 0.4514608070789089 0.040560725807178906 0.30020338584218215 0.08112145161435781
34 0.46048857749732897 0.08072969168956035 0.30351192431676954 0.15921244995721878
34 0.48354164238078623 0.1576539106723137 0.3070188702330856 0.1702954991714305
34 0.5000446069014236 0.2434629780834905 0.3069643065307547 0.16873299917143045
34 0.5142311032732266 0.32859995740532605 0.30863593393541644 0.1719307737785364
34 0.5356943863055184 0.40637820099518523 0.30329366950744613 0.1529624499572188
34 0.5712896020072822 0.57085592390688 0.30863593393541644 0.1719307737785364
34 0.6110266806857375 0.7507403229972572 0.3054018065307547 0.16866022456432467
34 0.6260489907598713 0.8342784150155399 0.3022768065307547 0.16851467535011294
34 0.7473090204184201 0.04075116273922831 0.3053819591631598 0.08150232547845662
34 0.7655753815810129 0.08012187779304022 0.306855179126093 0.16024375558608045
34 0.7852579098039814 0.16154077419733032 0.3054018065307549 0.16866022456432458
34 0.8002529380269496 0.24586011621561293 0.31176093393541643 0.17207632299274805
34 0.8178372529104069 0.32303904632323677 0.30329366950744613 0.1529624499572188
34 0.8345857540915332 0.4018168637344136 0.3055109339354164 0.17178522456432468
34 0.8416591549098399 0.4896250787882255 0.2852529976377472 0.17240165467194846
34 0.8460887053653268 0.5861362057526962 0.2696279976377472 0.17167390860089
34 0.8580678609929568 0.6674760969851905 0.2397768065307549 0.1656036910658786
34 0.8644691392159253 0.7521956993425555 0.22108137023308566 0.1662928957806084
34 0.8704711133552095 0.8260141890034731 0.20318454210278453 0.145179875102444