34 0.45560518151447954 0.47319504284184877 0.3127571859797918 0.14711239109776422
34 0.776890567626112 0.9831139017440844 0.30214438145888883 0.02675443930236625
34 0.7907705764598273 0.9416212933328282 0.30875936379145835 0.10959421037960482
34 0.8062851672655217 0.8696462993829522 0.311267421162153 0.1502283007386847
34 0.8244883469770492 0.7789031247149173 0.3064708183886111 0.14551352966144596
34 0.8411835780753478 0.6905127904059618 0.30334581838861113 0.14549534894328656
34 0.8534844830918752 0.6013457512765463 0.29303103381624956 0.14547716822512732
34 0.8607056831300002 0.5161167784039092 0.27858863373999976 0.14386921642972936
34 0.8705885229857641 0.42699064589035196 0.25882295402847183 0.14686695140261463
34 0.8781457966371182 0.33553439891541414 0.24370840672576363 0.1420794574527388
34 0.8841223864928821 0.24564974229955583 0.23175522701423584 0.14356014422102226
34 0.8916614763486459 0.1557559953246179 0.2166770473027082 0.14502265027114647
34 0.3683143482113202 0.9526739854638645 0.30679682028847227 0.09239762002052529
34 0.38735398252000075 0.8978683107958296 0.3062889804327084 0.13770102966144576
34 0.39552819880066037 0.8126529734618121 0.3127571859797918 0.14711239109776447
34 0.4122597974901395 0.7258251391528567 0.3127571859797918 0.14711239109776422
34 0.4320618447928478 0.636635374125742 0.3128299211621528 0.1502373910977642
34 0.44109004625586845 0.5545404916121848 0.3076696424768056 0.12989762002052546
34 0.470665177430417 0.38168879889197294 0.3128299211621529 0.1502373910977644
34 0.5029470813063891 0.19085017545360192 0.3079969507974306 0.14396012002052547
34 0.5212229962002779 0.10323200078556691 0.3080696859797918 0.14708512002052548
34 0.12261933529354244 0.9040966266598248 0.20523432028847227 0.09180674668035031
34 0.13135724923750072 0.8431000393258075 0.2267833183886112 0.14504992134838526
34 0.13795078172257008 0.7571125423508694 0.2439708183886112 0.14514991529826116
34 0.14369032902527834 0.6680045905554713 0.25959581838861123 0.14524081888905727
34 0.15257306012357688 0.579659708041914 0.2815799211621529 0.150055583916172
34 0.1569683129733685 0.49993584660559554 0.2935707748856251 0.1282533067888089
34 0.16521526443638923 0.41784550927157804 0.3081424211621529 0.15021012002052547
34 0.18181957655673636 0.3255489249626226 0.30970492116215287 0.150219210379605
34 0.20371080072118075 0.22540802439688856 0.31904355357097236 0.14871125253408274
34 0.21341114941065986 0.1386210967037914 0.3080333183886112 0.14552262002052543
34 0.23032458605604172 0.06071933138208917 0.3106491721120834 0.12143866276417833
34 0.24415004350298614 0.016923879586691087 0.3070500870059723 0.033847759173382175