34 0.4796875 0.5609375 0.08671875 0.28125
34 0.9546875 0.16484375 0.08203125 0.2953125
34 0.8734375 0.165625 0.08203125 0.290625
34 0.78828125 0.165625 0.0890625 0.29296875
34 0.7015625 0.165625 0.08671875 0.28359375
34 0.615625 0.159375 0.08671875 0.28828125
34 0.5296875 0.1609375 0.08671875 0.28125
34 0.446875 0.1609375 0.084375 0.28125
34 0.36015625 0.15625 0.0890625 0.28359375
34 0.2734375 0.15625 0.084375 0.28359375
34 0.1859375 0.1609375 0.084375 0.28125
34 0.1 0.1609375 0.08671875 0.28125
34 0.9625 0.56484375 0.06953125 0.2859375
34 0.88828125 0.55625 0.0765625 0.27890625
34 0.8078125 0.5625 0.08671875 0.28125
34 0.7234375 0.5609375 0.08671875 0.28125
34 0.63671875 0.55625 0.0890625 0.28125
34 0.5578125 0.5609375 0.06953125 0.28125
34 0.39140625 0.5609375 0.0890625 0.28125
34 0.2078125 0.5609375 0.08203125 0.27890625
34 0.1234375 0.55859375 0.08671875 0.2765625
34 0.96484375 0.8484375 0.0671875 0.28359375
34 0.8890625 0.8453125 0.084375 0.28828125
34 0.80625 0.8453125 0.084375 0.28828125
34 0.721875 0.8484375 0.08671875 0.290625
34 0.63515625 0.8453125 0.0890625 0.29296875
34 0.5578125 0.840625 0.06953125 0.28125
34 0.47890625 0.84453125 0.0890625 0.2859375
34 0.38984375 0.8421875 0.0890625 0.28359375
34 0.29375 0.8375 0.08671875 0.290625
34 0.209375 0.840625 0.084375 0.28125
34 0.1234375 0.84140625 0.08671875 0.2859375
34 0.040625 0.8390625 0.08125 0.2875