35 0.44204278072044045 0.943412936827351 0.30496602570316256 0.11317412634529803
35 0.7285678711386199 0.9821940316364192 0.2931080128515813 0.03561193672716172
35 0.7353616991995097 0.9574487427612898 0.2888953567298017 0.0851025144774205
35 0.8535692352456146 0.7587011052483398 0.2470261917107738 0.1300300641014079
35 0.2771473622041903 0.5439298982618077 0.3573561966536897 0.15856178659881798
35 0.26143879056909125 0.5985617402800903 0.35365819368794005 0.14435373738460627
35 0.24587479897204817 0.6376049696019258 0.3535945266917458 0.14279123738460625
35 0.2334994743711996 0.6783562481379732 0.3535308596955513 0.14122873738460626
35 0.22399448178557338 0.7130030758882322 0.3485886917107738 0.1347604135632885
35 0.04054797041686686 0.6506549714639528 0.030162343878220522 0.05130994292790554
35 0.04705529699488183 0.618987594499482 0.04610567885919248 0.059850188998963993
35 0.050295702128078136 0.5645548056243526 0.05831651878308031 0.09160961124870504
35 0.06696193729933052 0.49515198821317574 0.09763368676785789 0.09967897642635144
35 0.07562733007523713 0.38248932237357547 0.09811384783255324 0.0731892510334573
35 0.09501931722365586 0.3225706668730575 0.1037563527754691 0.09684507485477489
35 0.11799921939110262 0.2550214478903042 0.10018568380210838 0.08576202564056316
35 0.6540454432308296 0.5505674658778723 0.36960152866891194 0.1528939834556649
35 0.6754137658545118 0.50087783498446 0.3854175296574951 0.15830922952672336
35 0.698775669999125 0.4427036160017067 0.40394203657757755 0.19192225020488785
35 0.9318707184025194 0.5804370181924559 0.13625856319496102 0.1010274607105858
35 0.9416622124710206 0.5239151904421969 0.11667557505795897 0.0984461162111037
35 0.9260013910830672 0.6323077332462678 0.1479972178338656 0.0920163337461151
35 0.3109745810638203 0.39812940074300707 0.3757241946765232 0.15006008188408818
35 0.3229042366913082 0.34644062220695976 0.3951108646384672 0.16655837716935853
35 0.39153092539915135 0.059563514472911416 0.34868685079830275 0.09889568817039449