35 0.4242544643807986 0.02591818300310798 0.32649107123840276 0.05183636600621596
35 0.7483095602204861 0.025235324649887092 0.31275587955902784 0.050470649299774184
35 0.8557538118360067 0.24967216687756671 0.2557070989738194 0.12272698635114887
35 0.20998410410472185 0.4334887803980741 0.39044577488562504 0.14461060256225267
35 0.1973944915475344 0.37086250186202685 0.3869570989738195 0.12884005334804094
35 0.18737010058934017 0.32471524793308537 0.37474020117868034 0.12556950413382922
35 0.18164743066145822 0.27891259636150884 0.36329486132291644 0.12342480727698231
35 0.1773963417556249 0.2392871701828264 0.3547926835112498 0.11830065963434722
35 0.012332426577395658 0.4624807293218355 0.024664853154791316 0.093788541356329
35 0.013793609280885183 0.590387405500518 0.027587218561770366 0.06424659057054054
35 0.02292280143522544 0.658591595947224 0.04584560287045088 0.093099336641599
35 0.03130678457555526 0.7384781490903772 0.06261356915111052 0.08430653349844608
35 0.6260442087781246 0.4624954603008102 0.40432643692972225 0.13745307402620527
35 0.6449929241088537 0.520143140408434 0.41998780452090295 0.1397433200972639
35 0.6660671838924994 0.5870566586053991 0.4395742591180557 0.17655411538253424
35 0.9257896356398607 0.4594602357364856 0.12703658510611113 0.09332196856846871
35 0.9336735644014578 0.5230860880938504 0.10828658510611149 0.09244867328319835
35 0.9201039865135414 0.4019752214684619 0.13928201196784756 0.08296666542531543
35 0.23578027184840225 0.5992935628630628 0.4088684665650001 0.13142139784752302
35 0.2445545533835411 0.6581955279168747 0.4311435100679863 0.14962774234700493
35 0.29351285135183947 0.9688568920610638 0.3773262194147916 0.05035118031251144