34 0.38257436470597195 0.3159590636871231 0.36310517912609297 0.16822788502724134
34 0.7405059489115409 0.06031280107172934 0.2752381021769182 0.06429805624352505
34 0.7560391796742472 0.08607693444634085 0.2722966406515056 0.11407973242220748
34 0.7686830234136449 0.12735690591029356 0.2728968413771451 0.13126723242220745
34 0.7780108941948847 0.17396007816003456 0.27273315027015244 0.1265797324222075
34 0.7873933286784552 0.21900075040977557 0.27429565027015246 0.12665250702931335
34 0.8006001676085296 0.2665671091772812 0.2728968413771451 0.13126723242220742
34 0.8312549121662339 0.397110787837163 0.2731150961864685 0.1375172324222075
34 0.8433258370311577 0.4547970093011157 0.2730059687818069 0.1343922324222074
34 0.8523536074495779 0.5099939315508568 0.2668105324841374 0.13566363399378395
34 0.8582836597191633 0.564264054586386 0.25113096878180663 0.13337338792272552
34 0.8632960527329215 0.6224040403183624 0.23717759618646853 0.13584341645877274
34 0.8679091416629958 0.6695701387467858 0.22391370435383645 0.11338621960192583
34 0.8693699487419048 0.7173719379609975 0.2184821598887993 0.13653262117350237
34 0.8744641873091595 0.7731681736929739 0.20447422359113004 0.1374401497095498
34 0.8791591217927301 0.8179905221213973 0.19181053248413765 0.13217045285270287
34 0.8843079240623155 0.8722242578533738 0.17791172359113014 0.13620298138875028
34 0.8882488903970515 0.916228968978244 0.16610120435383635 0.11069355913900907
34 0.33933282931142744 0.07527625165262984 0.33383434137714507 0.13410544209933592
34 0.3527306411996598 0.11737386042013549 0.3376686695074461 0.15456349131354763
34 0.3635937301297341 0.16483105727698236 0.3341071598887993 0.1419179420993359
34 0.35835066942262817 0.2029303707592177 0.359980179126093 0.16808233581302962
34 0.36958578058522107 0.2621427049196175 0.3551289880191004 0.16317651199171204
34 0.39857882142206114 0.37304597166884046 0.3552381154237622 0.16630151199171203
34 0.40771571924514294 0.42511789391858146 0.36143355172143127 0.16503011042013557
34 0.4206224578123975 0.4812780026860871 0.3583085517214313 0.1648845612059237
34 0.4336110419331485 0.5350943614535928 0.3629960517214313 0.16510288502724127
34 0.4457638123515685 0.5904368329175455 0.3613244243167696 0.1619051104201354
34 0.45869783276998854 0.645815691685051 0.3613244243167696 0.1619051104201354
34 0.4709324487419049 0.6988144131490038 0.35819942431676954 0.16175956120592366
34 0.48286696435100146 0.7604068846129566 0.3534573606144388 0.15997873738460627
34 0.4959101121740832 0.8126607433804622 0.35512898801910053 0.16317651199171196
34 0.5057464144436687 0.8671128029337563 0.35512898801910053 0.16317651199171204
34 0.5212424396714121 0.9163508236119207 0.3455357332097771 0.15648986434907713
34 0.5307067197084792 0.9418729385846791 0.3531299784004535 0.11625412283064165
34 0.54543141862002 0.9681999981379732 0.33570437622353533 0.06360000372405353
34 0.06694443598118305 0.19635276923042239 0.1338888719623661 0.14048806699689198
34 0.013596219329960923 0.22654538337461147 0.027192438659921846 0.13121576674922297
34 0.044017840111200676 0.3272560128202816 0.08803568022240135 0.14826202564056318
34 0.1138565918404812 0.4145612677826803 0.14698910580511532 0.144122489246633
34 0.03884670127379358 0.43882921360606986 0.07769340254758716 0.1370334272121397
34 0.14223207378431385 0.5207406472283503 0.13594247840045356 0.14048806699689198
34 0.05267109909687534 0.5434632096771285 0.10534219819375068 0.14005141935425697
34 0.15821668313280823 0.6232128298171735 0.14170140507947587 0.12671666542531562
34 0.06052699451529538 0.6451905295695045 0.12105398903059077 0.12279114474715094
34 0.19877470654645318 0.7166567688161376 0.10754465988879928 0.1313656240689866
34 0.09366805509517434 0.7461922574435981 0.17258930653075472 0.16247438296032685
34 0.21760157369949584 0.8497796379227254 0.13906747840045358 0.1406336162111038
34 0.11449393186686385 0.8668879011572919 0.13416172359113016 0.1341652923897861
34 0.2646278519224642 0.9372646753501129 0.08285219473518968 0.0943365049623985
34 0.18509411934565936 0.947089073614175 0.11944445916315996 0.10582185277164982
34 0.10575135972701252 0.9561258755167288 0.09071925843752049 0.08774824896654251
34 0.2701486764245683 0.9948116939613627 0.11638889183263199 0.010376612077274671