34 0.54978784476445 0.7486863992524591 0.3666613360120904 0.10822409430036188
34 0.1297497067949941 0.9515359237898611 0.23837270401018135 0.08744684757972224
34 0.13079403878894894 0.9070865609449908 0.24144316000954502 0.08292312188998174
34 0.1294037141151765 0.8547018673674259 0.23993520401018134 0.08752873473485182
34 0.13032986744108593 0.8000962545225558 0.24302384134309046 0.0845675090451116
34 0.13210090543440445 0.7510003352552503 0.2476567973424541 0.08012567051050076
34 0.13391739676158654 0.7058106659879451 0.2523442973424541 0.08037133197589004
34 0.13410775342135958 0.6550703595655099 0.25396134134309045 0.0851407191310198
34 0.136395864735815 0.5162125774533343 0.2618829293443631 0.09492515490666857
34 0.13882088339431536 0.4562201017635938 0.26649770401018136 0.08892081637205784
34 0.14206351471990664 0.3993935696514182 0.2665158853437268 0.09048331637205784
34 0.14528796471195246 0.34100453753924254 0.2649533853437268 0.09040142921692809
34 0.14927548337045285 0.2810939490046318 0.26657042934436315 0.09517081637205785
34 0.1541624306969986 0.2313805540475859 0.267842028007636 0.07025270352718757
34 0.15826812802354437 0.18162621551297517 0.2728204293443631 0.09549836499257687
34 0.16228291868236291 0.12405937697836444 0.27436474801081767 0.09401775214770658
34 0.16563463800922684 0.07660784486618881 0.27431020401018136 0.08933025214770658
34 0.1682596513367271 0.03380286917644833 0.2740193026734542 0.06433025214770657
34 0.5214286767981757 0.9776347563315781 0.34291475334181776 0.044730487336843795
34 0.5232542587921306 0.9503319499091429 0.34471361067790857 0.09933610018171421
34 0.5265787061186764 0.9012824547703829 0.342969297342454 0.08512078697341537
34 0.5417855354471312 0.8661638263216804 0.36353633601209034 0.10806031999010238
34 0.547317372772086 0.8047726249421995 0.361955654678545 0.10641593283497279
34 0.551413432089405 0.6870904799851536 0.36041133601209036 0.10789654567984286
34 0.5570543574156326 0.6350742786056727 0.3666431546785448 0.10666159430036189
34 0.560260626074133 0.575122746493497 0.3635181546785448 0.10649781999010237
34 0.5627310980664969 0.5190365208037566 0.369768154678545 0.10682536861062139
34 0.5667367980585427 0.46068843226914585 0.3666067920114541 0.10353659430036188
34 0.5699703387173614 0.40308065015697014 0.36660679201145396 0.10353659430036193
34 0.5740033107097252 0.3470763116223594 0.363481792011454 0.10337281999010237
34 0.5802982167011347 0.28416355382044334 0.36035679201145393 0.10320904567984295
34 0.5812152793602715 0.22877669097557307 0.361955654678545 0.1064159328349727
34 0.5875920013526355 0.17289518317365696 0.361955654678545 0.10641593283497267
34 0.5869738360120904 0.11977018317365695 0.35092724801081765 0.09803022274906441
34 0.5903164646721816 0.07153740106148133 0.3556329293443632 0.09983838421445365
34 0.8311303934595398 0.953944369062877 0.11862382535009024 0.0921112618742459
34 0.9342644841263124 0.9591951130699833 0.10290791868236297 0.08160977386003339
34 0.9228173594445858 0.86739429217334 0.1405170066836355 0.13228795680654812
34 0.8456543280951319 0.7446727651495471 0.12956132535009024 0.13015224672063966
34 0.9472986440960864 0.7570266802329808 0.10292610001590852 0.12251016508343397
34 0.84825152207986 0.6323774830373714 0.11862382535008997 0.12957903663473136
34 0.9495979283696574 0.6448542288534999 0.10080414326068521 0.1257989393936935
34 0.8618680320655425 0.527686661011104 0.12778064934754463 0.1113203595655099
34 0.955679477363135 0.5405761646291486 0.08864104527373015 0.10803822930778502
34 0.8481680640515432 0.423906563770066 0.09042610001590816 0.12185506784239589
34 0.9416618833545446 0.42816137381054575 0.11667623329091086 0.13911781094499087
34 0.8684521973663166 0.2883342339418825 0.12171246268299925 0.12661781094499086
34 0.9581948553469084 0.306405882516973 0.08361028930618311 0.11700379353213641
34 0.846985182686181 0.18805095092519575 0.06971361067790838 0.0864155348257091
34 0.9306698393539081 0.20024441372463747 0.10737724267981755 0.10244332654882315
34 0.9873823686744088 0.21264923846443828 0.025235262651182568 0.09514208163720583
34 0.872465893340227 0.09647428256240155 0.10536020934118148 0.06329893939369338
34 0.959538632001909 0.11043496324966766 0.08092273599618202 0.0683206320667471