34 0.2890625 0.5375 0.06015625 0.34140625
34 0.04765625 0.13359375 0.0578125 0.2671875
34 0.09140625 0.13359375 0.0484375 0.2671875
34 0.140625 0.13125 0.053125 0.26171875
34 0.1921875 0.13125 0.05078125 0.26171875
34 0.23828125 0.1328125 0.0453125 0.26171875
34 0.28203125 0.13203125 0.0453125 0.2640625
34 0.3296875 0.13125 0.05078125 0.26171875
34 0.46015625 0.1296875 0.0578125 0.259375
34 0.5171875 0.13125 0.053125 0.26171875
34 0.571875 0.13125 0.05546875 0.26171875
34 0.6265625 0.1296875 0.05546875 0.259375
34 0.68359375 0.13125 0.0578125 0.26171875
34 0.73046875 0.13203125 0.0359375 0.2640625
34 0.77734375 0.13359375 0.0578125 0.2671875
34 0.83359375 0.134375 0.0578125 0.26875
34 0.878125 0.134375 0.053125 0.26875
34 0.93203125 0.134375 0.0578125 0.26875
34 0.978125 0.1359375 0.03828125 0.271875
34 0.04296875 0.525 0.0578125 0.31953125
34 0.096875 0.5234375 0.05546875 0.31953125
34 0.14375 0.5234375 0.040625 0.31953125
34 0.178125 0.53671875 0.06015625 0.3390625
34 0.23671875 0.5390625 0.0578125 0.33671875
34 0.346875 0.5359375 0.06015625 0.334375
34 0.39765625 0.5375 0.0578125 0.34140625
34 0.45390625 0.53828125 0.0578125 0.3390625
34 0.50703125 0.5375 0.0578125 0.34375
34 0.5625 0.5375 0.05546875 0.34140625
34 0.6171875 0.5375 0.05546875 0.34140625
34 0.6703125 0.53828125 0.05546875 0.3390625
34 0.7296875 0.540625 0.05546875 0.334375
34 0.78203125 0.5390625 0.0578125 0.33671875
34 0.83515625 0.5421875 0.0578125 0.33671875
34 0.884375 0.53828125 0.053125 0.3265625
34 0.934375 0.5390625 0.06015625 0.33203125
34 0.978125 0.5359375 0.04296875 0.32421875
34 0.11171875 0.8125 0.1078125 0.103125
34 0.1171875 0.9171875 0.103125 0.103125
34 0.22109375 0.9 0.1078125 0.13671875
34 0.32734375 0.8140625 0.1078125 0.11328125
34 0.328125 0.9171875 0.10546875 0.103125
34 0.43359375 0.8109375 0.1078125 0.103125
34 0.43359375 0.9125 0.1078125 0.10078125
34 0.5328125 0.8171875 0.09140625 0.11328125
34 0.5328125 0.9171875 0.09140625 0.09609375
34 0.6296875 0.79921875 0.10546875 0.0765625
34 0.6375 0.9109375 0.11796875 0.146875
34 0.759375 0.8109375 0.10546875 0.10546875
34 0.753125 0.9125 0.10078125 0.103125
34 0.8515625 0.784375 0.07421875 0.06015625
34 0.8484375 0.8640625 0.084375 0.09375
34 0.8453125 0.95390625 0.084375 0.0890625
34 0.9578125 0.8046875 0.084375 0.09609375
34 0.95546875 0.9015625 0.0890625 0.103125