34 0.88671875 0.36015625 0.0484375 0.1828125
34 0.9125 0.721875 0.09375 0.31015625
34 0.8421875 0.725 0.07421875 0.290625
34 0.978125 0.1015625 0.04296875 0.19921875
34 0.7734375 0.7203125 0.06484375 0.28828125
34 0.9296875 0.10078125 0.05078125 0.2015625
34 0.05390625 0.359375 0.0484375 0.18515625
34 0.10078125 0.3609375 0.0484375 0.18515625
34 0.9359375 0.35625 0.053125 0.18515625
34 0.3109375 0.7171875 0.06015625 0.28359375
34 0.2515625 0.71875 0.0625 0.28828125
34 0.1875 0.7203125 0.06484375 0.28828125
34 0.1265625 0.725 0.06015625 0.29296875
34 0.05859375 0.7296875 0.0765625 0.290625
34 0.98046875 0.3515625 0.0359375 0.19921875
34 0.3375 0.35625 0.04296875 0.196875
34 0.296875 0.3578125 0.04296875 0.18984375
34 0.24765625 0.36171875 0.0453125 0.1828125
34 0.20078125 0.36171875 0.0453125 0.1828125
34 0.15078125 0.36171875 0.0484375 0.1828125