34 0.5359375 0.8898789452465558 0.203125 0.10089318401734033
34 0.159375 0.8633737133094714 0.31875 0.18262757338105723
34 0.159375 0.7883737133094714 0.31875 0.1576275733810572
34 0.1765625 0.715497655431081 0.3203125 0.14678107864272896
34 0.8 0.9393428060240133 0.21875 0.04086573663405879
34 0.70625 0.023383355551079243 0.2015625 0.046766711102158486
34 0.696875 0.048334000282348674 0.20625 0.09666800056469735
34 0.52890625 0.9316947189240791 0.2078125 0.08710369980235591
34 0.2765625 0.22061081868408272 0.3125 0.1416385523343698
34 0.2859375 0.15600228711405162 0.3203125 0.14365607864272906
34 0.29765625 0.08656974765151275 0.3203125 0.14678107864272905
34 0.30625 0.04654950533225902 0.321875 0.09309901066451803
34 0.3109375 0.014336244808915322 0.31875 0.028672489617830643
34 0.52890625 0.9598197189240791 0.2140625 0.03121772084904322
34 0.65390625 0.30019554799033116 0.2171875 0.09858723137238705
34 0.6609375 0.25603602431280786 0.2109375 0.09822321032569956
34 0.66640625 0.20415500589695634 0.203125 0.09776818401734036
34 0.67578125 0.15360897432692527 0.203125 0.09776818401734037
34 0.6859375 0.09989244012605827 0.203125 0.10089318401734038