34 0.47552924060845986 0.041258425325959205 0.20831651878308027 0.08251685065191841
34 0.8425138107606841 0.09224899188891574 0.31229836463846716 0.1537831136342666
34 0.839122213916714 0.15632512865839093 0.3137335306460784 0.15068538717321694
34 0.8251923650955778 0.22995354343104327 0.32578786167271756 0.1399660754848197
34 0.252902304754823 0.9207083717552369 0.21007001977166348 0.09735010714144465
34 0.26662656513494637 0.8712850702131092 0.21007001977166348 0.09735010714144501
34 0.4812672460456673 0.015422628248058522 0.20309050790866542 0.030845256496117045
34 0.6974520952867331 0.7208979176186168 0.31928319368794006 0.13360698132901838
34 0.6839042484427631 0.7851513323912691 0.32572419467652336 0.1384035754848199
34 0.667853484108307 0.853351907472347 0.32578786167271756 0.13996607548481954
34 0.6558044702681427 0.9191405487060489 0.33028436068413464 0.13536039610167094
34 0.6442475463518661 0.9536928267092263 0.3293638478325532 0.07445016964062105
34 0.3253144515222434 0.6188770905056487 0.22088018577927465 0.09441602191409722
34 0.3157511091268977 0.6619822082004003 0.21456651878308025 0.09274442775829587
34 0.30733643125628834 0.7152163023562017 0.20838018577927472 0.09419783360249454
34 0.294393420876165 0.7646259671288542 0.20838018577927472 0.09419783360249454
34 0.2812594095074585 0.8187231319015066 0.20850751977166349 0.09732283360249454