34 0.6625 0.11640625 0.05078125 0.1515625
34 0.146875 0.48125 0.09609375 0.05078125
34 0.1484375 0.428125 0.10546875 0.05546875
34 0.053125 0.48125 0.09375 0.053125
34 0.046875 0.42578125 0.09375 0.0578125
34 0.97578125 0.2984375 0.0484375 0.15390625
34 0.928125 0.2953125 0.05078125 0.14921875
34 0.8796875 0.2984375 0.05078125 0.15390625
34 0.8328125 0.2984375 0.05078125 0.15390625
34 0.78515625 0.2984375 0.0484375 0.15390625
34 0.73671875 0.296875 0.0484375 0.15625
34 0.68984375 0.2984375 0.0484375 0.15390625
34 0.6421875 0.2984375 0.05078125 0.15625
34 0.59296875 0.2984375 0.0484375 0.15390625
34 0.54609375 0.2984375 0.0484375 0.15390625
34 0.49765625 0.2984375 0.0484375 0.15390625
34 0.4484375 0.2984375 0.05078125 0.15390625
34 0.41015625 0.29765625 0.0359375 0.1421875
34 0.3703125 0.29765625 0.04296875 0.1421875
34 0.328125 0.29609375 0.04296875 0.1390625
34 0.27734375 0.2984375 0.0484375 0.146875
34 0.23046875 0.2984375 0.0453125 0.14921875
34 0.175 0.2953125 0.05078125 0.146875
34 0.12734375 0.296875 0.0484375 0.146875
34 0.0734375 0.2984375 0.06015625 0.15390625
34 0.02265625 0.2984375 0.0453125 0.15390625
34 0.75703125 0.11640625 0.0484375 0.1515625
34 0.71015625 0.11796875 0.0453125 0.1515625
34 0.2484375 0.42265625 0.08203125 0.0484375
34 0.6109375 0.1171875 0.05078125 0.14921875
34 0.54765625 0.12421875 0.0453125 0.1421875
34 0.50078125 0.11796875 0.0484375 0.1515625
34 0.45234375 0.11796875 0.0484375 0.1515625
34 0.40703125 0.11875 0.0484375 0.14921875
34 0.35625 0.115625 0.05078125 0.15625
34 0.30859375 0.1171875 0.0484375 0.15625
34 0.26171875 0.115625 0.0484375 0.15390625
34 0.21328125 0.1171875 0.0484375 0.15390625
34 0.14609375 0.115625 0.0484375 0.15390625
34 0.09921875 0.1109375 0.0484375 0.14453125
34 0.05078125 0.1125 0.0484375 0.14453125
34 0.746875 0.48125 0.103125 0.053125
34 0.7484375 0.42890625 0.103125 0.0578125
34 0.64296875 0.47890625 0.0984375 0.0578125
34 0.65 0.42109375 0.09609375 0.0484375
34 0.53515625 0.4828125 0.0984375 0.053125
34 0.5375 0.4296875 0.09609375 0.05546875
34 0.4390625 0.471875 0.09375 0.05078125
34 0.4421875 0.42265625 0.09375 0.0484375
34 0.340625 0.4828125 0.10078125 0.053125
34 0.340625 0.42890625 0.103125 0.0578125
34 0.2421875 0.4796875 0.09609375 0.06015625