34 0.16992379069858946 0.2302915905913731 0.16197383601209037 0.0937453029821362
34 0.398789513446813 0.8246169374509524 0.07623633068109026 0.10843227711788864
34 0.3462639501113585 0.8105149850228122 0.08261360001590834 0.1195516335443795
34 0.3756343714592215 0.9167278811036039 0.07779883068109025 0.10847774122451134
34 0.3192752834579488 0.9089895889420205 0.08248633068109026 0.10861413354437914
34 0.4251272693348181 0.005913716218193736 0.1596295386696362 0.011827432436387472
34 0.41210055800445433 0.02797057264468446 0.15857611600890867 0.05594114528936892
34 0.40316191000954504 0.05860549254465961 0.16511701734563572 0.09539873119538153
34 0.39119825934913566 0.10506295539764106 0.16511701734563572 0.09539873119538153
34 0.37924369935549895 0.1523016682506225 0.16509883601209036 0.09383623119538154
34 0.3657266393618623 0.19958584521022665 0.16822383601209037 0.09392715940862688
34 0.3553345793682257 0.2467790939565854 0.16509883601209036 0.09383623119538154
34 0.3433618380410436 0.2924553068095669 0.16824201734563574 0.09548965940862689
34 0.33142545938095236 0.3412565196625483 0.16509883601209036 0.09383623119538154
34 0.319461808720543 0.38771398251552974 0.16509883601209036 0.09383623119538154
34 0.30751633939367906 0.43573394536851123 0.16509883601209036 0.09383623119538154
34 0.2947896200668151 0.48377664027480394 0.16511701734563583 0.09539873119538153
34 0.28506972207190573 0.5215721569678514 0.14929202267663583 0.07775659012915473
34 0.27459584607731463 0.5617341557142101 0.15092724801081764 0.08405205423577744
34 0.2625685607494962 0.6027228685671917 0.14778406667727226 0.082398626022532
34 0.25221286342295046 0.6530411173135504 0.15724997334499946 0.09048391066226813
34 0.2394588720957683 0.6987400622198432 0.157231792011454 0.08892141066226814
34 0.22367987810308615 0.7531236853393813 0.1572681546785449 0.09204641066226812
34 0.21328781810944952 0.8003169340857401 0.15724997334499946 0.09048391066226813
34 0.20139689278322193 0.8530243969387215 0.16835110534690845 0.10486465940862714
34 0.18869744545667616 0.9034108418450144 0.16190111067790855 0.08749530298213629
34 0.19385109201940817 0.13737666488541023 0.16195565467854492 0.09218280298213614
34 0.18345903202577155 0.18456991363176897 0.160356792011454 0.08901233887551348
34 0.36697534476445004 0.7098784875300946 0.07138519867918128 0.09423338479802065
34 0.1572334340388164 0.28145928549766597 0.15884883601209038 0.09365437476889085
34 0.14860386871417963 0.345794570137402 0.1525261106779086 0.08722251834240007
34 0.1311532867202248 0.3908486573635629 0.16195565467854492 0.0921828029821361
34 0.11841747672658816 0.4381101022698556 0.16195565467854492 0.0921828029821361
34 0.10720780406586061 0.4822010830695257 0.1588306546785449 0.09209187476889084
34 0.09215551607254212 0.5318744741357525 0.1682420173456358 0.09548965940862679
34 0.08567879674567819 0.5797353126155546 0.15884883601209035 0.09365437476889085
34 0.07917480541849609 0.6252524010953566 0.14478633601209037 0.09324519780928675
34 0.07348842675840486 0.6738717575218474 0.13228633601209033 0.09288148495630519
34 0.0648588614337681 0.7382070421615834 0.11353633601209034 0.09233591567683312
34 0.054448620106586 0.7838377909079423 0.09162497334499946 0.08857441818411545
34 0.04952531011294935 0.8308719152811216 0.08068747334499946 0.08825616943775678
34 0.5489845820337257 0.23254779473537296 0.07947041868236297 0.11789820533113407
34 0.498030609365044 0.2191816282006101 0.08573860001590834 0.11964256175762475
34 0.5204788687141797 0.3349741127612039 0.0841215560152719 0.11490959765100203
34 0.4655368300445434 0.31469035649299776 0.07467383068109026 0.1083868130112661
34 0.49749644939526994 0.44192880641385546 0.0778533746817267 0.11316524122451135
34 0.4449708860598154 0.42782685398571524 0.08094201201463562 0.11013116943775678
34 0.46262255740767844 0.5343807308661772 0.0762181493475449 0.10686977711788863
34 0.4155566534054513 0.5193384040648577 0.07465564934754484 0.10682431301126591
34 0.44892423142104143 0.6332501398790926 0.07945223734881743 0.11633570533113406
34 0.3956446900859052 0.6215146695042637 0.08573860001590834 0.11964256175762475
34 0.421145224100859 0.7309662258516122 0.08564769334818116 0.11183006175762475