34 0.9584569768647914 0.2888318912402926 0.06041139448011279 0.06041139448011297
34 0.9663882536501527 0.3402716603150161 0.05879434740221221 0.05725912094116259
34 0.8767081448838547 0.3512148888046607 0.14812167451188502 0.16347393912238156
34 0.9763927248361967 0.4838034720034134 0.04721455032760673 0.14626707386326174
34 0.8964184472367613 0.49544612987620695 0.14494212743398407 0.16029439204448082
34 0.984651284088962 0.6289932410781368 0.030697431822076026 0.15539661201270877
34 0.9153611363591428 0.6404722577172283 0.14812167451188502 0.16347393912238176
34 0.9296967771891029 0.7401313384803491 0.14060644562179406 0.08079780681713337
34 0.9348342905817837 0.793174517863498 0.13033141883643254 0.08375916558343129
34 0.597384883519769 0.4217354890462467 0.35815914772652385 0.11559336688067745
34 0.6079053721556833 0.4871968478125446 0.3502921006486231 0.11233199918592582
34 0.617603700483172 0.5503280933483177 0.3565148271096728 0.11087859334172716
34 0.624190665580136 0.6142951359619915 0.35026482710967277 0.11076949918592582
34 0.27263744276923896 0.9791345263816194 0.38026024431795713 0.03943996996493269
34 0.261922085220757 0.9472805543847965 0.38606595941492106 0.10358429058178373
34 0.25225103043221864 0.8857118088490236 0.3911898360381265 0.12866611119863477
34 0.24005894764050298 0.8140277236216757 0.3864750624991761 0.12702179058178364
34 0.23021061484878733 0.7423027280859027 0.3864750624991761 0.12702179058178356
34 0.2204168291349724 0.6737027325501297 0.3847489212654741 0.11761951704283327
34 0.20899235957378157 0.6012237605533068 0.38491256249917616 0.12699451704283327
34 0.19910311647364043 0.5271550150175337 0.38178756249917617 0.12693996996493268
34 0.9735989614435159 0.3877915426202644 0.05280207711296825 0.05720457386326192
34 0.635733911926688 0.7383502447282895 0.3408625535707223 0.10904335795222372
34 0.6461998534847015 0.8006866034945874 0.3377648271096728 0.11055131087432316
34 0.6551032950427151 0.8630502357998358 0.3377648271096728 0.11055131087432316
34 0.6632118498312536 0.9246462548745592 0.3377648271096728 0.11055131087432316
34 0.6716516412271115 0.9604473871798076 0.33223184740221223 0.0620319902574721
34 0.16928360835926087 0.1619391181017888 0.3350216566549776 0.1323717637964224
34 0.1760205779204517 0.2344999107154626 0.34587733603812654 0.12787517856907477
34 0.18282573132901833 0.31096695332913643 0.3568148360381265 0.12806609334172717
34 0.18800020089020913 0.3835550194817606 0.3645455154212755 0.12351496103647888
34 0.1946689866040241 0.4522095620954344 0.3754830154212755 0.12370587580913121
34 0.6283793335991993 0.6751780888840908 0.3377648271096728 0.11055131087432316