34 0.38426931321064933 0.06674384844242492 0.07208637357870132 0.11284699247815262
34 0.4318345579489775 0.0696930036944167 0.06758088410204496 0.11583560015828456
34 0.40956617384693256 0.18330086262818987 0.157826452503779 0.13873955423577744
34 0.5655270184864387 0.08532166686396728 0.153138952503779 0.13860316191590932
34 0.5429401159685423 0.20439827579774045 0.1546104472421071 0.137086126022532
34 0.6996822106080482 0.1064418120868292 0.1628779735504665 0.14512594655564542
34 0.6770498054593159 0.2262996710206024 0.157826452503779 0.1387395542357774
34 0.783086973832815 0.17930030205769934 0.0959018471291678 0.25392663354437944
34 0.8327684554169636 0.18622390346962514 0.09893584186749571 0.2524550617576248
34 0.9620471607633402 0.27763381663917575 0.05388240514873246 0.12167642319868044
34 0.3908792741010464 0.4503974344149445 0.12076461021276011 0.3326426669304743
34 0.450626000423523 0.4591790525199178 0.11736659442774452 0.327864238717229
34 0.5096369793768356 0.4671566885715796 0.1145146102127601 0.3324608105039836
34 0.5676391951759687 0.4790178425699302 0.11424159442774454 0.3277733105039836
34 0.8280188981738579 0.8588320600417652 0.12877453128768232 0.2823358799164698
34 0.7649196586972015 0.8548432420159342 0.12132605233436973 0.2903135159681316
34 0.7003034218513811 0.8499367816702353 0.12959357864272897 0.3001264366595294
34 0.6332524297438888 0.8466155533778477 0.12986659442774454 0.3067688932443048
34 0.5663379455289045 0.8409505750854599 0.13041262599777567 0.31809884982908015
34 0.5032387060522481 0.836961757059629 0.12296414704446298 0.326076485880742
34 0.43549746920642773 0.8320098326073072 0.1312316733528224 0.33598033478538547
34 0.36628473762227926 0.8278846222616083 0.12976017861449413 0.3442307554767833
34 0.47701055005646975 0.07335521278647444 0.06785389988706055 0.12052310015828456
34 0.6813908820359064 0.5011094544066972 0.11204205759604165 0.31679034639736087
34 0.739620610989219 0.5090643584050477 0.1150760523343699 0.31531877461060626
34 0.7962423373116957 0.5177550482967757 0.1150760523343699 0.31531877461060626
34 0.8536453136341724 0.5264684702418149 0.1150760523343699 0.31531877461060615
34 0.9088410478491568 0.53276994602692 0.1150760523343699 0.31531877461060626
34 0.048406106866497205 0.7810657950645774 0.09681221373299441 0.3518018438900784
34 0.097147600748224 0.7908787157559753 0.13288517861449417 0.35327341567683296
34 0.16700507443986473 0.8007371005539958 0.13453868387616605 0.3548813797834556
34 0.23525454550066954 0.811331271245394 0.12819767861449416 0.35313702335696495
34 0.29812627182314627 0.8202038175636126 0.12828868387616604 0.354699523356965
34 0.6232976609751016 0.4908108004083466 0.1150760523343699 0.31531877461060626