34 0.66328125 0.06875 0.0484375 0.12265625
34 0.61640625 0.06796875 0.0453125 0.1203125
34 0.6171875 0.1859375 0.13203125 0.115625
34 0.4859375 0.06875 0.12734375 0.115625
34 0.48671875 0.1859375 0.1296875 0.11328125
34 0.3546875 0.06953125 0.13671875 0.1203125
34 0.3546875 0.1875 0.13203125 0.115625
34 0.2609375 0.12421875 0.05078125 0.2453125
34 0.2125 0.12265625 0.053125 0.2453125
34 0.0671875 0.19453125 0.04296875 0.1109375
34 0.5890625 0.44375 0.06015625 0.31484375
34 0.53046875 0.4421875 0.0578125 0.31015625
34 0.4734375 0.4421875 0.05546875 0.31484375
34 0.415625 0.44375 0.05546875 0.31015625
34 0.09453125 0.80546875 0.0671875 0.3390625
34 0.15625 0.8078125 0.06015625 0.34140625
34 0.21953125 0.809375 0.0671875 0.34375
34 0.28515625 0.8109375 0.0671875 0.34140625
34 0.35078125 0.8109375 0.0671875 0.34140625
34 0.4125 0.81484375 0.06015625 0.3484375
34 0.47890625 0.81640625 0.0671875 0.3484375
34 0.54609375 0.81875 0.0671875 0.35078125
34 0.57265625 0.0671875 0.0453125 0.11796875
34 0.303125 0.4484375 0.05546875 0.30078125
34 0.24609375 0.44765625 0.0578125 0.2984375
34 0.18984375 0.44765625 0.0578125 0.2984375
34 0.13359375 0.44765625 0.0578125 0.2984375
34 0.07890625 0.44609375 0.0578125 0.2984375
34 0.878125 0.81953125 0.07421875 0.3484375
34 0.8109375 0.8203125 0.06953125 0.353125
34 0.7421875 0.81875 0.06953125 0.353125
34 0.6765625 0.81875 0.06484375 0.353125
34 0.6140625 0.8171875 0.06484375 0.353125
34 0.36015625 0.44765625 0.0578125 0.2984375