28 0.7190664838744587 0.7093363006078677 0.09869867328319834 0.10897784639736088
28 0.8068575823028821 0.7005403106369975 0.09542812406898663 0.10576191818411544
28 0.8985549307313055 0.6916306603995708 0.10792812406898662 0.10612563103709682
28 0.6320566354460353 0.7181095585254266 0.09869867328319834 0.10897784639736088
28 0.9542420045526232 0.6853291846144656 0.029948673283198345 0.10697742570596294
28 0.21283360049984723 0.740450189100305 0.060577935070022626 0.0610571719450391
28 0.2723541497140589 0.7355975530486432 0.05759848428423435 0.06409124373179384
28 0.1476987520714238 0.7485869495251463 0.06072348428423431 0.06418217194503928
28 0.18120691894448132 0.6656918814993154 0.06802656203449331 0.05347199247815269
28 0.11532720781961081 0.673070123977468 0.06817211124870502 0.05659699247815268
28 0.046395271301846175 0.678976794668866 0.06802656203449328 0.05347199247815269
28 0.5100982063718688 0.606189883215175 0.05003854135632899 0.03578438730530316
28 0.456046407157657 0.6108833948936574 0.05955909057054072 0.039182171945039104
28 0.6285036040145039 0.5933823431651626 0.059413541356328814 0.03605717194503928
28 0.5713268048002922 0.5981667830568904 0.05628854135632881 0.03596624373179384
28 0.6849719278358215 0.5870581353267461 0.05309076674922295 0.03431281551854859
28 0.8879535326743857 0.5507245155724203 0.11145123035529281 0.08126202335696497
28 0.7726731350317506 0.5634411274091873 0.11821065260503368 0.09238137978345584
28 0.9639894937992561 0.5430507564012201 0.022388730355292808 0.07867056927947225
28 0.006248807176793058 0.6399430384006598 0.012497614353586116 0.07443771034569906
28 0.11315043176476289 0.6193002662973359 0.07002570967712844 0.06289245658477541
28 0.04730710794344532 0.6258972587754886 0.07002570967712844 0.06289245658477541
28 0.1813738928896334 0.6118538276592493 0.07307793507002262 0.06142088479802066
28 0.2706911040145039 0.6037936235817566 0.10603598428423436 0.065500631037097
28 0.3695288643535861 0.5923356348645277 0.10291098428423426 0.06540970282385157
28 0.4513974485139859 0.5766902513201482 0.05003854135632881 0.03578438730530316
28 0.6254535326743857 0.5583624854850306 0.05309076674922295 0.03431281551854859
28 0.5675318707637269 0.5623884074300698 0.05309076674922295 0.03431281551854841
28 0.5095374342459623 0.5679768293751091 0.06268409057054072 0.03927310015828454
28 0.6827031064957032 0.5520155455933027 0.053163541356328815 0.03587531551854859
28 0.06337306369163234 0.5489710459225072 0.06475601282028158 0.05025606426490725
28 0.014154429488451314 0.555454378134103 0.028308858976902627 0.048375315518548415
28 0.13241416212005577 0.5407206252311092 0.06155823821317572 0.04860263605166182
28 0.8865623147250897 0.4298353540522223 0.11672092721213971 0.09389841567683307
28 0.7800212162966662 0.4391769133025646 0.12133565260503384 0.0924723079967011
28 0.9610357758499601 0.4222070589876449 0.039794554176610576 0.08385817445232173
28 0.25025878763678444 0.4897000313410308 0.1179195541766104 0.08613137978345584
28 0.36017959719007836 0.47479879387744306 0.11450345574818703 0.0797904515702104
28 0.47624124483271346 0.4620594499873647 0.11145123035529281 0.08126202335696497
28 0.6722087162966662 0.44231393665952956 0.09538958271265763 0.07143238229073816
28 0.5727716424753486 0.44988840743006986 0.0952440334984459 0.06830738229073816
28 0.09002976302967855 0.4959226022698557 0.06199488585581085 0.05797763605166182
28 0.02833680376458028 0.5017838088546309 0.05667360752916056 0.05347199247815269
28 0.16070613606520784 0.48606421747183504 0.062067660462916716 0.05954013605166182
28 0.20821456700140123 0.8061206532069278 0.06072348428423426 0.0641821719450391
28 0.2756567781262717 0.7986969466221524 0.06399403349844598 0.06739810015828454
28 0.14631388048363658 0.8118227354185237 0.062285984284234305 0.06422763605166182