28 0.26953125 0.2671875 0.0796875 0.08984375
28 0.190625 0.2671875 0.07578125 0.0875
28 0.109375 0.2671875 0.08671875 0.0875
28 0.3484375 0.2671875 0.078125 0.08984375
28 0.03359375 0.26796875 0.0671875 0.0921875
28 0.725 0.28359375 0.04921875 0.0515625
28 0.67109375 0.2828125 0.0453125 0.05390625
28 0.78359375 0.2828125 0.0484375 0.053125
28 0.7515625 0.3546875 0.05625 0.04296875
28 0.8109375 0.353125 0.05625 0.04453125
28 0.8734375 0.3546875 0.05546875 0.04296875
28 0.45546875 0.378125 0.0421875 0.02890625
28 0.50390625 0.3796875 0.0515625 0.03125
28 0.34921875 0.3796875 0.0515625 0.02734375
28 0.40078125 0.3796875 0.0484375 0.02890625
28 0.29765625 0.38046875 0.0453125 0.0265625
28 0.11484375 0.3953125 0.0921875 0.06484375
28 0.21875 0.39453125 0.09765625 0.0734375
28 0.0265625 0.3953125 0.053125 0.06875
28 0.9421875 0.3953125 0.071875 0.06484375
28 0.81171875 0.4015625 0.0578125 0.05078125
28 0.87109375 0.4015625 0.0578125 0.05078125
28 0.75 0.403125 0.06015625 0.04921875
28 0.66953125 0.40234375 0.0890625 0.0515625
28 0.58125 0.403125 0.0875 0.05078125
28 0.5078125 0.4109375 0.04296875 0.02734375
28 0.35078125 0.41171875 0.0453125 0.0265625
28 0.40234375 0.41328125 0.0453125 0.0265625
28 0.4546875 0.41328125 0.05390625 0.0296875
28 0.29921875 0.4125 0.0453125 0.02890625
28 0.9734375 0.47109375 0.053125 0.0359375
28 0.8546875 0.4703125 0.05390625 0.03984375
28 0.915625 0.4703125 0.05390625 0.03984375
28 0.79296875 0.471875 0.0515625 0.03984375
28 0.1140625 0.5046875 0.09609375 0.07421875
28 0.209375 0.50546875 0.10078125 0.0734375
28 0.0296875 0.50390625 0.059375 0.0734375
28 0.6859375 0.50703125 0.09765625 0.0671875
28 0.5875 0.51015625 0.09609375 0.0609375
28 0.4828125 0.51171875 0.09375 0.0640625
28 0.30625 0.5125 0.078125 0.05625
28 0.3953125 0.5140625 0.078125 0.053125
28 0.83046875 0.515625 0.0515625 0.046875
28 0.890625 0.5171875 0.05625 0.04296875
28 0.95078125 0.51875 0.0609375 0.04296875
28 0.76640625 0.51875 0.0515625 0.04921875
28 0.73046875 0.225 0.0484375 0.05390625
28 0.66953125 0.2265625 0.0515625 0.05546875
28 0.7859375 0.225 0.04921875 0.05390625