28 0.21888145008602083 0.7126302337646504 0.10796823295387137 0.10029210064862326
28 0.20803367898270247 0.7968415925309482 0.10476141233702041 0.09555005357072233
28 0.19554158726253307 0.8857131777582958 0.10651482710967275 0.10651482710967279
28 0.23052410795881437 0.6276512617678275 0.10791368587597072 0.09716710064862308
28 0.186597235396094 0.9504205600635443 0.10561480032431154 0.054952327109672794
28 0.3062970442385269 0.22650754748164248 0.06353639448011297 0.06046594155801364
28 0.2974890600668395 0.2834024297868908 0.0666068474022122 0.0573954886359143
28 0.3144465093354908 0.162567778406919 0.06509889448011297 0.060493215096963926
28 0.38632546347540614 0.20836724796810985 0.05583298863591431 0.0665795738632619
28 0.3944885653418452 0.14364622889338635 0.0573954886359143 0.0666068474022122
28 0.40424144074723467 0.07738998335761323 0.05424321509696388 0.06498980032431154
28 0.3674258644516361 0.5300104228870319 0.03837275324641087 0.0506545649348082
28 0.3753571412369973 0.4785706538123085 0.04166139448011288 0.060084112012708954
28 0.35215364610826133 0.643841097805954 0.03697389448011297 0.06000229139585791
28 0.3609207199715232 0.5892899655007058 0.03848184740221221 0.0569045649348082
28 0.344921798706049 0.6999820036501527 0.03530230032431163 0.05372501785690744
28 0.33286430925935584 0.8982694991859258 0.08313187418757347 0.10923072402541756
28 0.3488905040637803 0.7860149610364788 0.09420574188232518 0.11723413879807013
28 0.3221119955423637 0.9770121079522237 0.07716251785690745 0.035711403408566864
28 0.4543056704546952 0.029811599834548935 0.07576365909060953 0.04505912986961632
28 0.44594197118604395 0.15079625567874758 0.06526253571381488 0.06986821509696392
28 0.4548726862830078 0.08687012337349928 0.06526253571381488 0.06986821509696395
28 0.43776523255012967 0.21629852475347106 0.06219208279171564 0.07293866801906326
28 0.4253004143689106 0.30360760998081865 0.0689875535707225 0.1042977621748646
28 0.412712865262415 0.39794794520816634 0.06893300649282175 0.1011727621748646
28 0.40973214123699736 0.47917067166921595 0.03681025324641087 0.05062729139585791
28 0.38725534903036063 0.6475797524323367 0.035302300324311545 0.05372501785690744
28 0.3968173096630977 0.5922610068965636 0.035302300324311545 0.05372501785690744
28 0.40484404383478506 0.5353524878218401 0.03859094155801355 0.06315456493480802
28 0.38003713839762354 0.7029394082765353 0.03842730032431154 0.053779564934808025
28 0.5255164228903272 0.11389231939573974 0.051118215096963834 0.06493525324641088
28 0.5344744115262415 0.04840368709049144 0.051118215096963834 0.06493525324641088
28 0.5180936607154626 0.1809707252399384 0.05106366801906326 0.06181025324641087
28 0.45056032386985245 0.9159536513766764 0.09571369480442442 0.11413641233702024
28 0.466422877440575 0.8130741132272294 0.09426028896022594 0.12035913879807011
28 0.4399171043086617 0.9840961306803951 0.08349433847375849 0.03180773863920976
28 0.5402259849857616 0.30092471509366864 0.08636596834337489 0.11553527110331832
28 0.5281878607981881 0.40855993709049143 0.08006142126547414 0.11230117694751698
28 0.5137241659937637 0.5208417487788888 0.08315914772652384 0.11079322402541773
28 0.4893166810112973 0.7103173060030592 0.07189436525911966 0.09185230925276536
28 0.5042752536567432 0.614455381084137 0.06876936525911966 0.0917977621748646
28 0.57103742857237 0.14750938879477477 0.057340941558013725 0.06348184740221222
28 0.581530643669334 0.08361053002847682 0.05583298863591431 0.0665795738632619
28 0.5894210101462697 0.03451451095375334 0.05068183847375849 0.039935253246410875
28 0.56435500608908 0.21694518140844857 0.06046594155801355 0.06353639448011295
28 0.24404250608907993 0.21135410592362888 0.06666139448011296 0.060520488635914305
28 0.23586576745316568 0.27685637499835236 0.06671594155801364 0.06364548863591431
28 0.2528914005691929 0.1521154736183806 0.06666139448011296 0.060520488635914305