34 0.0640625 0.4609375 0.040625 0.1875
34 0.10625 0.4609375 0.04296875 0.1875
34 0.15 0.4625 0.04296875 0.1875
34 0.1921875 0.4625 0.04296875 0.1875
34 0.234375 0.4625 0.04296875 0.1875
34 0.278125 0.4625 0.04296875 0.18984375
34 0.32421875 0.4625 0.0453125 0.1875
34 0.37109375 0.4640625 0.0453125 0.18984375
34 0.41640625 0.4640625 0.0453125 0.18984375
34 0.4609375 0.4671875 0.04296875 0.18984375
34 0.5046875 0.46796875 0.04296875 0.1921875
34 0.55 0.46953125 0.04296875 0.1921875
34 0.5953125 0.4703125 0.04296875 0.18984375
34 0.6390625 0.4703125 0.04296875 0.18984375
34 0.684375 0.4703125 0.04296875 0.18984375
34 0.728125 0.471875 0.04296875 0.18984375
34 0.7703125 0.4734375 0.04296875 0.18984375
34 0.81796875 0.4734375 0.0453125 0.1875
34 0.8640625 0.4734375 0.04296875 0.1875
34 0.9046875 0.4734375 0.04296875 0.18984375
34 0.95 0.475 0.04296875 0.1875
34 0.984375 0.475 0.02890625 0.18984375
34 0.384375 0.7390625 0.146875 0.12734375
34 0.52890625 0.728125 0.1421875 0.103125
34 0.67109375 0.7328125 0.1421875 0.10078125
34 0.3734375 0.865625 0.15859375 0.11328125
34 0.5328125 0.87421875 0.15859375 0.1078125
34 0.69609375 0.87421875 0.1609375 0.1078125
34 0.69140625 0.9625 0.1609375 0.06953125
34 0.37109375 0.9625 0.1609375 0.071875
34 0.83125 0.765625 0.165625 0.09609375
34 0.8578125 0.878125 0.165625 0.11328125
34 0.375 0.2453125 0.053125 0.19453125
34 0.428125 0.24375 0.053125 0.19921875
34 0.4828125 0.2453125 0.05546875 0.19921875
34 0.5375 0.24609375 0.05546875 0.2015625
34 0.5921875 0.2484375 0.05546875 0.196875
34 0.6484375 0.2484375 0.05546875 0.19921875
34 0.7 0.2515625 0.05078125 0.196875
34 0.753125 0.2515625 0.05546875 0.19921875
34 0.80625 0.253125 0.053125 0.196875
34 0.8578125 0.253125 0.053125 0.19453125
34 0.91328125 0.253125 0.0578125 0.19921875
34 0.96875 0.253125 0.05546875 0.19921875
34 0.021875 0.459375 0.040625 0.1875