34 0.6138821155584038 0.06399393925050381 0.20549308344622813 0.07734539202736239
34 0.6091027623244718 0.10704450525145832 0.20565685775648745 0.08047039202736236
34 0.6021024898232347 0.152466093252731 0.20565685775648762 0.08047039202736235
34 0.5965418865893028 0.1955257499204582 0.20565685775648745 0.08047039202736235
34 0.5910222269329359 0.23936665658818543 0.20565685775648745 0.08047039202736235
34 0.5855844544316987 0.28477006325591264 0.2073012449116174 0.0820510733609078
34 0.579529206240721 0.3333075605904126 0.2057387449116174 0.08203289202736234
34 0.5718295708946136 0.380300739258458 0.20738313206674713 0.0836135733609078
34 0.5664736855485062 0.42726664592618524 0.20738313206674697 0.0836135733609078
34 0.557129663047269 0.472715505927776 0.2073012449116174 0.0820510733609078
34 0.5509106405460317 0.518128003262276 0.20886374491161738 0.08206925469445317
34 0.5431291180447946 0.5635586819303213 0.20886374491161738 0.08206925469445317
34 0.5369919826986871 0.6105336792648213 0.2073012449116174 0.0820510733609078
34 0.5315132666198851 0.6551558359325486 0.2073012449116174 0.0820510733609078
34 0.5254170748513425 0.7029120832670486 0.2073012449116174 0.0820510733609078
34 0.5183758587725403 0.7475524212683211 0.2073012449116174 0.0820510733609078
34 0.5120340055386086 0.7906211686028211 0.2073012449116174 0.08205107336090797
34 0.5044572009251957 0.8399580972708665 0.2057387449116174 0.08203289202736244
34 0.49914225915665317 0.8877052539385938 0.20565685775648762 0.08047039202736243
34 0.4942810187675916 0.9291933199395483 0.2073012449116174 0.08205107336090763
34 0.48678942333557595 0.9652399079408209 0.20311171189493055 0.06170221069381689
34 0.2847899163266293 0.34768133263050166 0.1669019742194024 0.17527381468808995
34 0.27710797037421525 0.4994256459659561 0.1399300384437537 0.16715223201781731
34 0.2534325322237173 0.644320522636865 0.13828565128862397 0.16557155068427196
34 0.15408214891377475 0.31480629264800086 0.15497518430531074 0.1860658640197263
34 0.12509841304726893 0.4777426446530916 0.148643297150181 0.1844306386855445
34 0.10421378222371729 0.6460568399904549 0.15036957146044044 0.18757382001909004
34 0.048543636362160254 0.6279431866645455 0.040421361374532214 0.17536362667090888
34 0.06798419662978261 0.2978284253262276 0.08565197421940245 0.17432838534372683
34 0.200066272046952 0.80441368531191 0.1379514586155702 0.1889908693507266
34 0.09730976424503586 0.8126449033259094 0.11944712008095948 0.19346019334818115
34 0.7983821048158115 0.4222229678946866 0.2141244549975257 0.09306129869508961
34 0.7934356552453528 0.47700137456241387 0.22045634215265544 0.09469652402927142
34 0.785405149252459 0.5325973938972319 0.22053822930778502 0.09625902402927125
34 0.7774155868371301 0.58897466323205 0.22210072930778502 0.09627720536281678
34 0.7670822744218011 0.6453792045671864 0.21733134215265543 0.09466016136218051
34 0.760737099161602 0.7033007925684591 0.2205382293077852 0.09625902402927142
34 0.7502400124360136 0.7565803339035954 0.217085680687266 0.08997266136218052
34 0.7444713692879901 0.8105865812380953 0.2205382293077852 0.09625902402927125
34 0.7356186697175313 0.8654104412396861 0.21724945499752568 0.09309766136218052
34 0.729027832991943 0.9186445292409587 0.2141244549975255 0.09306129869508979
34 0.7217818990253164 0.9593786172422314 0.2206267605154494 0.06815220536281678
34 0.6204696302577248 0.029794398631456165 0.20343926051544958 0.05958879726291233