34 0.9786637928418488 0.49595638342148424 0.038672656321270794 0.2035277917231141
34 0.9559711814055303 0.5010190196721027 0.08402151775758923 0.2121525192218769
34 0.9113944796101322 0.5064977357509048 0.08870901775758924 0.21239818068726599
34 0.8675899374556545 0.5135798954072718 0.08870901775758924 0.21239818068726618
34 0.8230041453011768 0.5206211114860739 0.08870901775758915 0.21239818068726599
34 0.7768513079671593 0.5283616904097462 0.09028969847574828 0.21560506784239591
34 0.7275734706331417 0.5359384950231589 0.09184310811666876 0.2141244549975255
34 0.677518928478664 0.542693106059007 0.09342378883482798 0.21733134215265543
34 0.6290223411446465 0.5503108542499847 0.09342378883482798 0.21733134215265543
34 0.5821109797083281 0.554104239596092 0.09028969847574828 0.21560506784239591
34 0.5351814375538504 0.5610226249421995 0.09029878883482798 0.21716756784239594
34 0.4874751905789124 0.567118816710742 0.09029878883482798 0.21716756784239594
34 0.4389831484244347 0.5739553149017198 0.09028969847574833 0.21560506784239591
34 0.392834856269957 0.580914643825392 0.09028969847574846 0.21560506784239591
34 0.3451195189359395 0.5885733355939348 0.09028969847574846 0.21560506784239591
34 0.2974132719610016 0.5946695273624772 0.09028969847574846 0.21560506784239591
34 0.25283657016560357 0.6001482434412793 0.09028969847574837 0.21560506784239591
34 0.20199623283158602 0.6076431608995623 0.09184310811666876 0.2141244549975255
34 0.1534996454975685 0.6152609090905401 0.08870901775758915 0.21239818068726618
34 0.110471808163551 0.6231652623244719 0.09028969847574837 0.21560506784239591
34 0.06198885636815291 0.6284392605154496 0.08870901775758917 0.21239818068726618
34 0.032052934136004796 0.6345730738352897 0.06410586827200959 0.20977114767057933
34 0.6026335997288536 0.25039938545764906 0.18534766842151917 0.17685018430531071
34 0.4523745244950844 0.28706946856519294 0.1742647226762452 0.1512769742194024
34 0.3006574883907309 0.30568891451760705 0.174246541958086 0.1481519742194024
34 0.5870227561483201 0.11282082032878671 0.1946499455488823 0.16484150723608923
34 0.4173324248644268 0.13127981399720862 0.19305108411256366 0.15850962008095948
34 0.24368130142605576 0.15890908977780618 0.19618517447164327 0.160235894391219
34 0.2324216145595764 0.07938868611433303 0.1785704275949013 0.08589763568479172
34 0.5709892108705844 0.04789850519992431 0.17989657825883115 0.04535452283992146
34 0.12408589803165129 0.29799816598794504 0.19612154195808595 0.149298394391219
34 0.08565115368899204 0.18184754353213634 0.17130230737798408 0.1668200870642727
34 0.7207048053348807 0.7762768899802049 0.10126355991206673 0.22242827792830405
34 0.6651496969236242 0.7882136459730986 0.10286242134838534 0.22876016508343397
34 0.6072781095896067 0.7953400712332979 0.10598742134838535 0.2289239393936935
34 0.5494019770760494 0.8032477464934971 0.10600560206654457 0.23204893939369348
34 0.49074913974203194 0.8103332281761313 0.10440674063022612 0.22571705223856356
34 0.43130141686939494 0.8197215162812007 0.10598742134838535 0.2289239393936935
34 0.37500141989445707 0.8253673286965297 0.09971015027114652 0.22390889077317447
34 0.32024119702182013 0.8350012782669884 0.10598742134838535 0.2289239393936935
34 0.2631554048673424 0.8413873971047525 0.10128174063022613 0.22555327792830432
34 0.20761847717424525 0.8501991530976463 0.10126355991206688 0.22242827792830405
34 0.14972870912206854 0.8604505783578456 0.10754992134838534 0.22900582654882307
34 0.09184348624943159 0.8699207536180447 0.10441583098930571 0.22727955223856355