34 0.2752861226573198 0.33512207670272565 0.07646687476889084 0.15864884134309049
34 0.25262620948776915 0.20052890070018026 0.07247805674305985 0.12892497867599956
34 0.2048252069804867 0.22184027936027148 0.07311455423577735 0.15079997867599956
34 0.1566150275136001 0.22908915802036273 0.07485891066226813 0.15706816000954502
34 0.1298970663099713 0.3576408720162266 0.08110891066226812 0.15714088534372675
34 0.1058337775136001 0.22849826468013573 0.07596676959604132 0.14146134134309046
34 0.08104202916295275 0.369568160009545 0.06985316191590936 0.14607611600890866
34 0.05920883010002485 0.2365465746737724 0.06663723370266399 0.14291475334181775
34 0.040621617642754806 0.3761266953373635 0.06360316191590934 0.14600339067472695
34 0.028163418579826915 0.24321419800286348 0.04641566191590933 0.14580339600572698
34 0.679275221495456 0.8794838880887687 0.08285326708875881 0.16340906667727212
34 0.6231843458686355 0.8842981100811326 0.07981919530200407 0.16649770401018102
34 0.5702866664017489 0.8914924447405875 0.07981919530200407 0.16649770401018138
34 0.5174117189881736 0.8994680294000424 0.07981919530200425 0.16649770401018102
34 0.4644685754146643 0.9050998640594973 0.07825669530200408 0.16647952267663585
34 0.41315612800108903 0.9130936300524976 0.07825669530200426 0.16647952267663585
34 0.36487775237426845 0.9179987587125888 0.07490437476889085 0.15863066000954512
34 0.31740335880075915 0.9233613240173402 0.07476798244902269 0.15327735196531975
34 0.26519600112062724 0.9261545146801357 0.08405205423577736 0.14769097063972864
34 0.2152641972805612 0.9282437260104995 0.07141566191590931 0.14351254797900098
34 0.16694035754711795 0.9318499840069997 0.07743834138279593 0.13630003198600066
34 0.11468753576036331 0.9346749920034998 0.07569398495630521 0.13065001599300033
34 0.651839228621592 0.6612696900859051 0.08285326708875881 0.16340906667727212
34 0.6261536038527012 0.5032117420830416 0.07986465940862679 0.16806020401018137
34 0.57178435259906 0.5135128954089511 0.07986465940862679 0.16806020401018137
34 0.5981830312080169 0.6692361840785873 0.07807483887551356 0.16022952267663584
34 0.5484330837944416 0.6772481314051331 0.07651233887551356 0.16021134134309048
34 0.5220344051854848 0.5215248427354968 0.0783021594086268 0.16804202267663584
34 0.4682645475053528 0.525585086728179 0.07991012351524951 0.16962270401018137
34 0.4946632261143096 0.6813083753978152 0.07802937476889085 0.15866702267663585
34 0.41538960009177756 0.5335606713876339 0.07986465940862679 0.16806020401018137
34 0.44176554664742296 0.6885027100572702 0.07972826708875883 0.1633727040101814
34 0.39047583128715907 0.6972777260502705 0.07981919530200417 0.16649770401018138
34 0.36407715267820234 0.5415544373806342 0.07972826708875883 0.1633727040101814
34 0.3500326877136498 0.7030550113780889 0.06860891066226812 0.1569954346753633
34 0.32303461553118373 0.55357263204168 0.06548391066226814 0.15695907200827222
34 0.2746880437444291 0.5561340107017712 0.07981919530200425 0.16649770401018138
34 0.3010639903000746 0.7110760493714073 0.07802937476889085 0.15866702267663585
34 0.24885663261994262 0.7151544746976348 0.07798391066226813 0.15710452267663583
34 0.22330740017091982 0.5617840266947715 0.07807483887551347 0.16022952267663584
34 0.17208588097058994 0.5729027926877718 0.08298965940862688 0.1680965666772721
34 0.19297034547292405 0.7269999466899989 0.06204066191590938 0.14598520934118148
34 0.12001491561032603 0.5816687180139993 0.07490437476889077 0.15863066000954512
34 0.14772604163285807 0.7288164380171811 0.07623955423577736 0.1508363413430903
34 0.09645905832590548 0.7383727040101814 0.0762395542357774 0.1508363413430903
34 0.07102348614343944 0.5889085060073178 0.07972826708875884 0.1633727040101814
34 0.5816210391920826 0.28792254941117823 0.07798391066226813 0.15710452267663583
34 0.5598787683424 0.15802596407540564 0.07046091567683313 0.11328179734245411
34 0.5322348046314888 0.308434496737724 0.07256898495630519 0.13204997867599957
34 0.510469801728495 0.17775666140195137 0.07596676959604132 0.14146134134309046
34 0.4790416084715548 0.3054725813971789 0.07623955423577744 0.15083634134309049
34 0.4581487837818063 0.177928836728179 0.07256898495630537 0.13204997867599957
34 0.42763823284473423 0.3103413473901792 0.07633048244902274 0.15396134134309047
34 0.40679087226160837 0.18436010272117934 0.07247805674305977 0.12892497867599956
34 0.37628032132453626 0.3167726133831795 0.0763304824490227 0.15396134134309047
34 0.3546517107414104 0.19078227804740694 0.07247805674305985 0.12892497867599956
34 0.3257263918576496 0.3239942200429526 0.07807483887551347 0.16022952267663593
34 0.30400685306127845 0.19487888470717998 0.07234166442319179 0.12423747867599957