34 0.3351197468996281 0.2737697943802192 0.17773120181924557 0.09824407095872498
34 0.19289801364885112 0.2459771549946579 0.1476798287837163 0.08939486061443871
34 0.22338818837979146 0.19421375835270246 0.16970037799792798 0.0932837524470707
34 0.2383261377178377 0.14143349873405564 0.17446065260503385 0.09500994355406327
34 0.3838398449137667 0.11529260626845148 0.17638702564056316 0.10287700725639412
34 0.24634199896654269 0.08655502577589765 0.1604709272121397 0.09608137023308556
34 0.40421015694826 0.06310262369164663 0.16635705417661054 0.08848712504240899
34 0.2627332863939301 0.03931794378573136 0.1599615049623987 0.07863588757146273
34 0.41867507134011817 0.029208806445936715 0.1626498573197636 0.05841761289187343
34 0.2756164301076239 0.01687498675315608 0.16126713978475227 0.03374997350631216
34 0.8491157028572122 0.7261481944807355 0.14946065260503394 0.09413692431676957
34 0.8628914125343405 0.6648287485644196 0.15414815260503403 0.09430061542376222
34 0.8788289356937042 0.6073337070946073 0.15414815260503403 0.09430061542376222
34 0.895584096156621 0.5490301337736296 0.15258565260503404 0.09424605172143127
34 0.9051988447088789 0.4933158471131408 0.14462760339082195 0.0908482332097769
34 0.9148499805646899 0.4368203104526519 0.13056510339082195 0.09035715988879929
34 0.9259544545098419 0.38261396008983223 0.11315927956950453 0.08506945916315986
34 0.9345332419372294 0.3323957052805088 0.10065927956950453 0.0846329495445131
34 0.9433667404894873 0.2767087004711854 0.0886687018192454 0.09513393992586625
34 0.9513826017381923 0.22183022751302736 0.07714900496239885 0.08225199400955019
34 0.9599977764691326 0.17083072270370397 0.06501287799792799 0.08962798439090336
34 0.9681227996284963 0.11360849974554596 0.05400260339082195 0.08768353847458736
34 0.6314402053384114 0.6939706446582209 0.18590757485477488 0.10632938947037936
34 0.46294707051605793 0.6608555882122842 0.19044952564056317 0.10336808057737183
34 0.4828272309789746 0.6024428874866448 0.19044952564056317 0.10336808057737183
34 0.6489766158013281 0.6356397894860777 0.1825642510334573 0.10153276206571746
34 0.6655862270500332 0.5804612161650999 0.18085620181924575 0.0983531983633867
34 0.5001817049241267 0.5480182823145017 0.18874147642635145 0.10018851687504089
34 0.5130306153870434 0.4898511182493511 0.19208480024766886 0.10498514427970278
34 0.6776538875129499 0.5223213339511149 0.17943925103345731 0.10142363466105593
34 0.5297857758499601 0.43154754492837333 0.19044952564056317 0.10336808057737183
34 0.6944090479758667 0.4640177606301371 0.18576202564056316 0.10320438947037935
34 0.7125811592245717 0.40878462360682866 0.18732452564056318 0.10325895317271012
34 0.5464317744022181 0.3755877216073956 0.18576202564056316 0.10320438947037935
34 0.7247750982235356 0.36467995954167803 0.17573205417661059 0.08881450725639421
34 0.5664382134011821 0.33121023903059077 0.17565927956950453 0.08725200725639422
34 0.5774335254356754 0.27934763866777107 0.18732452564056318 0.10325895317271012
34 0.7412755475615819 0.3118451362207003 0.17943925103345731 0.10142363466105593
34 0.7548329334173927 0.25521319030438433 0.17624147642635143 0.09975200725639422
34 0.5909909112914862 0.22271569275145509 0.1825642510334573 0.10153276206571756
34 0.6114703852366383 0.16818196017465023 0.1905950748547749 0.10649308057737183
34 0.7756035057909683 0.19442945772757952 0.16450345574818695 0.08218256134007813
34 0.6289704083960022 0.1106323550025071 0.18071065260503402 0.09522819836338671
34 0.7857084059148027 0.14493788921592526 0.17155397642635145 0.09958831614940157
34 0.8031720417706136 0.08816953404378211 0.17155397642635145 0.09958831614940158
34 0.6447259950376012 0.05704356353269483 0.18576202564056316 0.10320438947037928
34 0.23613416749673927 0.60715770245492 0.17624147642635143 0.09975200725639403
34 0.09700104694240932 0.580037185664697 0.13205482878371627 0.08884922359113023
34 0.26595225413833845 0.5530778376641299 0.14931510339082216 0.09101192431676956
34 0.12678274628045555 0.526738570873907 0.1604709272121397 0.09608137023308565
34 0.2709522772977022 0.4959647421106337 0.17155397642635145 0.09958831614940156
34 0.13565263213626644 0.4702703160645836 0.14931510339082216 0.09101192431676956
34 0.2852181385464072 0.4408680143431523 0.17297092721213972 0.09651787985173246
34 0.1507725179920773 0.41358380644593673 0.1476798287837163 0.08939486061443876
34 0.30033802440221813 0.3841815047245054 0.17297092721213972 0.09651787985173241
34 0.16663726654433522 0.35765126497612443 0.1476798287837163 0.0893948606144388
34 0.315421522954476 0.32827624510585857 0.1825642510334573 0.10153276206571756
34 0.1786321524001461 0.3010738827621393 0.14150260339082213 0.09073910580511528