34 0.7015625 0.7015625 0.05078125 0.14921875
34 0.7015625 0.83359375 0.05078125 0.1203125
34 0.75234375 0.81953125 0.0484375 0.1421875
34 0.80078125 0.81875 0.0484375 0.146875
34 0.8484375 0.696875 0.05546875 0.146875
34 0.85 0.825 0.053125 0.13203125
34 0.89765625 0.69140625 0.0453125 0.1390625
34 0.896875 0.8234375 0.04296875 0.134375
34 0.94296875 0.690625 0.0484375 0.13671875
34 0.94140625 0.821875 0.0484375 0.13671875
34 0.3984375 0.1203125 0.05546875 0.15390625
34 0.453125 0.1234375 0.053125 0.15625
34 0.50625 0.1234375 0.053125 0.15625
34 0.559375 0.121875 0.053125 0.15625
34 0.6109375 0.1234375 0.05078125 0.15625
34 0.6625 0.121875 0.05078125 0.15625
34 0.71171875 0.1234375 0.0484375 0.14921875
34 0.75859375 0.1234375 0.0484375 0.14453125
34 0.81015625 0.121875 0.0578125 0.14921875
34 0.86015625 0.1265625 0.0453125 0.14453125
34 0.9078125 0.1234375 0.053125 0.146875
34 0.959375 0.1265625 0.05078125 0.14453125
34 0.3890625 0.3359375 0.05546875 0.15390625
34 0.3875 0.49375 0.053125 0.15859375
34 0.4421875 0.490625 0.053125 0.15859375
34 0.4421875 0.33515625 0.053125 0.1515625
34 0.4921875 0.33359375 0.05078125 0.1515625
34 0.4921875 0.4890625 0.05078125 0.15859375
34 0.5453125 0.49140625 0.053125 0.1609375
34 0.5453125 0.3375 0.053125 0.14921875
34 0.5984375 0.490625 0.053125 0.15859375
34 0.5984375 0.3359375 0.053125 0.15390625
34 0.65 0.334375 0.053125 0.15625
34 0.65 0.4890625 0.053125 0.15390625
34 0.690625 0.334375 0.04296875 0.14921875
34 0.6921875 0.4828125 0.040625 0.14921875
34 0.7390625 0.4859375 0.053125 0.15625
34 0.7390625 0.3328125 0.053125 0.14921875
34 0.790625 0.334375 0.053125 0.146875
34 0.790625 0.48671875 0.053125 0.1515625
34 0.8421875 0.4828125 0.05546875 0.15859375
34 0.846875 0.33046875 0.03828125 0.1390625
34 0.89453125 0.48046875 0.0484375 0.1515625
34 0.8921875 0.33359375 0.053125 0.1421875
34 0.94375 0.33203125 0.053125 0.1421875
34 0.94375 0.4796875 0.053125 0.15390625
34 0.3953125 0.7078125 0.053125 0.146875
34 0.3953125 0.8375 0.053125 0.10546875
34 0.446875 0.69375 0.05078125 0.12265625
34 0.446875 0.8234375 0.053125 0.13203125
34 0.4984375 0.70390625 0.053125 0.1421875
34 0.496875 0.8296875 0.05078125 0.12265625
34 0.5484375 0.7046875 0.05078125 0.14453125
34 0.5484375 0.83046875 0.05078125 0.1203125
34 0.6 0.7046875 0.05078125 0.14453125
34 0.6 0.83046875 0.05078125 0.1203125
34 0.6515625 0.70546875 0.053125 0.1515625
34 0.6515625 0.8328125 0.053125 0.115625