34 0.4974503686106214 0.39659761007158584 0.18503225576575133 0.37995905773721594
34 0.6491290552907814 0.4373653651920833 0.18659475576575132 0.3800500629988878
34 0.7233854268420788 0.45726761249066017 0.18659475576575132 0.3800500629988878
34 0.801711822703636 0.4805223729434168 0.18815725576575124 0.3801410682605596
34 0.874569468565193 0.5034586149803217 0.18478659430036187 0.37527155773721604
34 0.485887585366792 0.800155249576477 0.17006899705932382 0.36195251038216936
34 0.5483433197629598 0.817812457412515 0.16998710990419424 0.3603900103821694
34 0.6107990541591276 0.8276600813441523 0.16842460990419425 0.3446798373116956
34 0.6725144821328601 0.8360980602621713 0.16702588421445377 0.3278038794756576
34 0.7332029986412036 0.8452262839185183 0.16965956128367504 0.30954743216296343
34 0.7960305472617225 0.8532963891519554 0.1690044640426372 0.29340722169608924
34 0.8621059266149362 0.8638012496470642 0.1681037053362097 0.27239750070587154
34 0.9206864727490643 0.8734338548805012 0.15862705450187137 0.25313229023899775
34 0.07535296132910368 0.2637509578360381 0.14235343283497268 0.3681269156720761
34 0.12925588930283632 0.2816888867328809 0.19300853007601065 0.38353908404557524
34 0.20441634158682848 0.30398038666229377 0.18503225576575116 0.379959057737216
34 0.2764927374483855 0.3268711260683629 0.18182536861062143 0.37821454721387227
34 0.3477059961548128 0.34815386284359606 0.19136414292088091 0.3818855787839034
34 0.4222080291714995 0.372743610142173 0.18503225576575116 0.379959057737216
34 0.5733920708946136 0.41893461263183457 0.18470470714523213 0.3737090577372161
34 0.0498128872666714 0.6532538026167185 0.049347061283675164 0.3471326052334369
34 0.0809776780852743 0.6683096552193195 0.1105302227490644 0.355369310438639
34 0.11543124321413671 0.6866725183452642 0.16998710990419416 0.3603900103821694
34 0.17632447761030448 0.7042387209196305 0.16998710990419416 0.3603900103821694
34 0.23812179273916687 0.7241941761248325 0.16842460990419417 0.3602990051204976
34 0.2999191078680292 0.7441496313300346 0.17023277136958334 0.3650775103821694
34 0.3630742051090673 0.7602898417969086 0.17179527136958334 0.3651685156438411
34 0.4240902702379296 0.7801997943712748 0.1717952713695834 0.3651685156438411