34 0.6379238873822723 0.40885344272621477 0.36988313206674694 0.08976001633625028
34 0.641535809024427 0.5632681857923606 0.37004690637700666 0.09288501633625028
34 0.641470532000634 0.6389585168144092 0.37004690637700666 0.09288501633625028
34 0.6404602306665815 0.7177920316320481 0.3701287935321364 0.09444751633625029
34 0.6396546472203534 0.792719296449687 0.365195632066747 0.08965091356270846
34 0.2328845053155253 0.49943172986402756 0.3553293091359686 0.0800577080156252
34 0.23347432553277034 0.5626220608860761 0.3537668091359686 0.08002134042444471
34 0.2332828957500154 0.625830575703715 0.3536030348257091 0.07689634042444471
34 0.23231021596726045 0.6890572743169442 0.35812676051544956 0.07388044319798634
34 0.2336812861845055 0.7522294215434026 0.3537668091359686 0.08002134042444471
34 0.23344891282418567 0.8162191863610415 0.3553293091359686 0.0800577080156252
34 0.2321896279984766 0.8849146349742707 0.3537668091359686 0.08002134042444453
34 0.23199819821572162 0.9481231497919094 0.3537668091359686 0.08002134042444453
34 0.6483246353461075 0.03987554511850675 0.371773180687266 0.0797510902370135
34 0.6473962211671848 0.10899891309093697 0.36988313206674717 0.08976001633625029
34 0.6443287748760864 0.18241822929534668 0.3697193577564876 0.08663501633625029
34 0.6443863285849881 0.2557648103173953 0.3716912935321364 0.09448388392743086
34 0.6411960515611951 0.331527876521805 0.36988313206674717 0.08976001633625028
34 0.6377767232033497 0.4861062737482634 0.3653594063770065 0.09277591356270865
34 0.24284924129357272 0.015587979198437471 0.34851274310259506 0.031175958396874943
34 0.2413376509499397 0.05524597198024286 0.3537668091359686 0.08002134042444475
34 0.24102339043449011 0.12079823679788174 0.3537668091359686 0.08002134042444475
34 0.24009165422930004 0.1832436854111109 0.3537668091359686 0.08002134042444475
34 0.2375564744465451 0.2465067516155206 0.3536030348257091 0.07689634042444471
34 0.23662473824135502 0.3089522002287498 0.3582905348257091 0.07700544319798644
34 0.23713267130347032 0.3737050312507984 0.3584543091359686 0.08013044319798635
34 0.2354606286758451 0.4353874136596179 0.3584543091359686 0.08013044319798648