34 0.5828125 0.6578125 0.10078125 0.43984375
34 0.684375 0.6578125 0.10078125 0.43984375
34 0.78359375 0.6578125 0.0984375 0.43984375
34 0.88203125 0.659375 0.0984375 0.43984375
34 0.965625 0.6578125 0.06484375 0.43984375
34 0.08984375 0.18984375 0.1734375 0.3171875
34 0.2703125 0.18203125 0.18515625 0.3296875
34 0.45625 0.18359375 0.18515625 0.3171875
34 0.6421875 0.18125 0.18515625 0.31953125
34 0.8296875 0.1890625 0.19453125 0.33671875
34 0.184375 0.6515625 0.10078125 0.43984375
34 0.2828125 0.6546875 0.10078125 0.43984375
34 0.3828125 0.6578125 0.10078125 0.43984375
34 0.4828125 0.6578125 0.10078125 0.43984375
34 0.0828125 0.653125 0.103125 0.43984375