34 0.3854816400958058 0.3633149715619631 0.17218477498762805 0.4574440901291547
34 0.2833868735874624 0.3705160546314888 0.17218477498762805 0.4574440901291547
34 0.18281366350155417 0.3785438518076372 0.16905977498762806 0.4573531619159093
34 0.08383721082107728 0.38425063103709695 0.16767442164215457 0.45735316191590936
34 0.033119037200558275 0.39327863855894435 0.06623807440111655 0.4521822771178887
34 0.8830261889434674 0.7979630370140045 0.1707307383528967 0.3403929824490227
34 0.7277688008838264 0.8192660725116705 0.24029960990419424 0.3580184031404208
34 0.5393270985998344 0.8295213301000249 0.2380820126631562 0.3409573397999502
34 0.35088539631584226 0.836949733702664 0.23783635119776694 0.3261005325946719
34 0.16091881558314763 0.8364519770387464 0.24852818973237767 0.3270960459225073
34 0.7897087946637902 0.3390844790173035 0.17218477498762788 0.4574440901291547
34 0.6901215524657063 0.3432287582467632 0.17218477498762805 0.4574440901291547
34 0.5881496166900575 0.3480860913162889 0.17218477498762805 0.4574440901291547
34 0.48761735018171415 0.35533263849243735 0.17218477498762805 0.4574440901291547
34 0.893488891904828 0.3295851100544004 0.17374727498762824 0.4574895542357774