34 0.7210045361971528 0.534375 0.4867609339354164 0.1578125
34 0.7365154635091471 0.64296875 0.4867609339354164 0.1578125
34 0.7511632952676454 0.74921875 0.48508930653075455 0.1546875
34 0.7623872050292176 0.85390625 0.4752255899415648 0.1546875
34 0.7685392459084668 0.94140625 0.46292150818306654 0.1171875
34 0.16655507213985135 0.09375 0.33190974282842384 0.153125
34 0.1815501334799295 0.2546875 0.35349705534962833 0.234375
34 0.19782744182478276 0.45234375 0.3675049916472975 0.2328125
34 0.2235343138719669 0.6515625 0.37062999164729754 0.2328125
34 0.25942471777031645 0.8515625 0.39143356496827514 0.246875
34 0.6546279910143253 0.11015625 0.4867609339354164 0.1578125
34 0.6731275090704927 0.21484375 0.4867609339354164 0.1578125
34 0.6909276226801563 0.321875 0.4867609339354164 0.1578125
34 0.7063567044386545 0.428125 0.4867609339354164 0.1578125
34 0.6443601244094368 0.03984375 0.4793452488188736 0.0796875