34 0.3965055667170431 0.3573982607149552 0.29994655068427195 0.1401091671451935
34 0.347043010741542 0.5396676128918735 0.29531359468490825 0.14463297603820102
34 0.4098226320416799 0.2928446873939775 0.30158177601845365 0.14641373084752426
34 0.426319241366953 0.23286948666833807 0.30156359468490823 0.14485123084752435
34 0.4396999413589988 0.17378466334736037 0.30156359468490823 0.14485123084752435
34 0.458540300684272 0.11372761706822468 0.30161813868554466 0.1495387308475243
34 0.4757908880092268 0.06229412495759099 0.30158177601845365 0.12458824991518198
34 0.48869942067154526 0.03004462014826757 0.3023988413430905 0.06008924029653514
34 0.7603889900938594 0.6651338273276929 0.3740567600254533 0.20048616115474366
34 0.7880589094127691 0.5578743988345721 0.3708953973583625 0.19725203375008196
34 0.8127129167329514 0.460099097746113 0.37091357869190783 0.19881453375008196
34 0.8258914326861809 0.35481139702047354 0.3482171346276381 0.20446433302444253
34 0.8393721300127266 0.2605703236994959 0.3212557399745467 0.2159821863824872
34 0.8536249866724998 0.15927071852735272 0.29275002665500055 0.21650797603820088
34 0.24991675612663053 0.924464253543379 0.2855567866804539 0.11149309382421571
34 0.25564858812058533 0.8797147487340556 0.29998291335136285 0.14323416714519333
34 0.4107446207829038 0.8422544103521353 0.11186474801081765 0.0835615228654909
34 0.4218815681094495 0.7918451825846541 0.11024770401018139 0.07881945916315977
34 0.43458101543599525 0.7413813911148418 0.11024770401018139 0.07881945916315977
34 0.2910133761139039 0.829241033580446 0.127544292011454 0.08879465988879928
34 0.30367646077335875 0.7756522421106338 0.12127611067790856 0.08701390507947586
34 0.31789295476604085 0.7212276369384906 0.12127611067790856 0.08701390507947586
34 0.18678895277685856 0.8055257697854479 0.1150079293443631 0.08523315027015244
34 0.2009690841024498 0.7479761646133047 0.11653406667727226 0.08216271397248338
34 0.21443160009545012 0.695922591292327 0.11497156667727226 0.08210815027015243
34 0.3163753607574503 0.657973668789656 0.29843859468490824 0.14474210344286256
34 0.3305464014162689 0.5996428136175128 0.29845677601845366 0.14630460344286256
34 0.7087463161202672 0.8615475250581074 0.3740567600254533 0.20048616115474366
34 0.051396345440767786 0.7899330300370668 0.08675675469445325 0.20763393992586626
34 0.09252713872531548 0.42897568266947206 0.17741811736154417 0.21392363466105588
34 0.12579253003658925 0.2652479993670278 0.19297039202736235 0.2082192716843644
34 0.16839655868077208 0.10267856669755575 0.19616811736154416 0.2053571333951115
34 0.05328446741722341 0.6163591207812397 0.0945328920273624 0.2047817584375206
34 0.6782053881285395 0.9235762991047245 0.37311133068109026 0.11923616115474367
34 0.7364616887730406 0.7581943465649866 0.3740567600254533 0.20048616115474366
34 0.3642754167329515 0.4757588803150686 0.3000192760184538 0.1463591671451935
34 0.37762884472467917 0.41433030699409096 0.30156359468490823 0.1448512308475244