34 0.4046875 0.6359375 0.05546875 0.290625
34 0.590625 0.6390625 0.0625 0.28359375
34 0.340625 0.6390625 0.0625 0.290625
34 0.278125 0.6375 0.06015625 0.290625
34 0.21875 0.6390625 0.06015625 0.290625
34 0.1578125 0.6359375 0.06484375 0.290625
34 0.09375 0.634375 0.06484375 0.290625
34 0.03125 0.6390625 0.06015625 0.29296875
34 0.61875 0.2109375 0.09609375 0.353125
34 0.509375 0.209375 0.09375 0.35078125
34 0.4109375 0.209375 0.09609375 0.35078125
34 0.303125 0.209375 0.10078125 0.35546875
34 0.20625 0.20625 0.11328125 0.353125
34 0.103125 0.203125 0.115625 0.353125
34 0.9828125 0.6390625 0.03359375 0.28359375
34 0.93515625 0.64375 0.0578125 0.290625
34 0.865625 0.50390625 0.05546875 0.0984375
34 0.8140625 0.50546875 0.05078125 0.0984375
34 0.7625 0.50546875 0.05078125 0.0984375
34 0.8796875 0.621875 0.05546875 0.11328125
34 0.825 0.62265625 0.05546875 0.1078125
34 0.7703125 0.62265625 0.05546875 0.1078125
34 0.8796875 0.728125 0.05546875 0.10078125
34 0.821875 0.728125 0.053125 0.103125
34 0.76875 0.728125 0.053125 0.10078125
34 0.709375 0.63984375 0.06015625 0.2859375
34 0.6515625 0.63984375 0.0625 0.2859375
34 0.8171875 0.2125 0.09609375 0.353125
34 0.91171875 0.91875 0.1703125 0.15859375
34 0.54296875 0.9203125 0.1734375 0.15390625
34 0.3765625 0.9203125 0.165625 0.15390625
34 0.2046875 0.9203125 0.178125 0.15390625
34 0.73828125 0.9375 0.1734375 0.12265625
34 0.9203125 0.215625 0.09375 0.35546875
34 0.7125 0.2109375 0.09609375 0.353125
34 0.525 0.6375 0.0625 0.28828125
34 0.4625 0.640625 0.06015625 0.290625