34 0.3825949130790427 0.39736848145549164 0.14698106524648952 0.3164172953411587
34 0.5678984017103362 0.3532886900710619 0.15297639726171183 0.3104948439616776
34 0.3175429160447923 0.40799172094004205 0.1548572322426839 0.31838923111680734
34 0.25580691999912497 0.423466234734852 0.15329473224268392 0.3183073439616777
34 0.1954424229648745 0.43433513568479165 0.15329473224268392 0.3183073439616777
34 0.13455134391540158 0.4514130930571665 0.1580458992388783 0.32011550542706696
34 0.08140909786973427 0.46733798620519007 0.13773339923887828 0.31905097241038016
34 0.04819734984690062 0.4749524123699004 0.07029123125410074 0.3092798247398008
34 0.7298107416714051 0.787425751920564 0.2094120810638202 0.39452900723608925
34 0.6208959980971958 0.8082506705105008 0.20615974707143145 0.3834986589789985
34 0.5219783370325004 0.8184799629687838 0.209348414067626 0.3630400740624323
34 0.4139575899982499 0.8292448439616777 0.21295357513232122 0.3415103120766446
34 0.31609309296399946 0.840564124264831 0.22430756920082215 0.3188717514703381
34 0.21360476292594335 0.8534459045679842 0.2261592292769344 0.2931081908640315
34 0.9481032134596035 0.27108918023298084 0.09615339429596262 0.29348440637700657
34 0.9123248809500897 0.2731120256649966 0.15010606524648934 0.3165810696514182
34 0.8852569980600148 0.43150770182970694 0.08746019072219084 0.1184025192218769
34 0.8334225840295698 0.4412644821328602 0.08277269072219048 0.1181568577564875
34 0.7824330869953193 0.4526247060135784 0.08277269072219048 0.11815685775648763
34 0.8630398053606576 0.30716944312327965 0.09122186068413426 0.13419129353213632
34 0.8073946418245045 0.31906525553860854 0.09103085969555132 0.12950379353213642
34 0.7533119782883512 0.3310429551090673 0.08940469269935694 0.12785940637700666
34 0.829772366121342 0.19862328075337923 0.08758752471457924 0.12152751922187685
34 0.7718152860832859 0.21117751243601351 0.0876511917107738 0.12309001922187687
34 0.7184820390490354 0.22241490558403712 0.08602502471457943 0.12144563206674712
34 0.686873894790254 0.3267815010160528 0.14997873125410077 0.3134560696514182
34 0.6289168147521979 0.3393357326986871 0.1531037312541006 0.3136198439616777
34 0.9122194281363456 0.7424795013547371 0.17556114372730888 0.3928846200809595
34 0.7972397559314991 0.06984650553860858 0.18510451186299814 0.06583079715018096
34 0.4374946828135252 0.09932712912607103 0.21561436562705044 0.16409787878738674
34 0.2694277737259962 0.12637987279449295 0.20850220258518865 0.18087594301173798
34 0.10568095011373073 0.16379358435073926 0.20550453657757745 0.1838371687014785
34 0.6287125904181794 0.06647144278459537 0.20430018083635879 0.07775094301173799
34 0.963488132927256 0.7132733582067134 0.0730237341454881 0.3907688421526553
34 0.8232914862341977 0.7665986748059139 0.2094120810638202 0.39452900723608925
34 0.502256155664669 0.36855848597804747 0.15479356524648952 0.3168267311168075
34 0.4395797421285157 0.38008580619529253 0.1517322322426839 0.31822545680654796