28 0.2814828459182245 0.30045567491454006 0.16179199375348405 0.15155780298213611
28 0.26197029751723083 0.43854670830063486 0.15239881303532482 0.14816001834240003
28 0.33236304810640604 0.05312133683044943 0.12722609621281206 0.10624267366089886
28 0.3166203943192182 0.16191000046221843 0.12260222872636942 0.1285462003165691
28 0.45901190651766244 0.058531284706243095 0.06768746974937905 0.08789245658477526
28 0.44471812324197935 0.15349444371915857 0.06455337939029934 0.08623902837152993
28 0.3826979714978948 0.9093329182506225 0.13054199375348405 0.15064852084968267
28 0.40771563133520694 0.7773327604913483 0.1274715359079618 0.15993259263643722
28 0.43500431829988206 0.6327644065721401 0.11966812626704137 0.16126777210332383
28 0.46314243295765445 0.4998920705996204 0.09757495764913067 0.12313127461060631
28 0.500786836941234 0.2550054679340534 0.10386131908544911 0.1295631310370969
28 0.48194645423128496 0.3743237692668369 0.10541472872636941 0.12804609514371962
28 0.5220618732419793 0.15124397044133583 0.08806360226293641 0.09942098997087019
28 0.5379317920562819 0.05857909732179769 0.08495678298109546 0.1024550617576248
28 0.6196413760706496 0.2695189458307296 0.044140885440423536 0.06846049498543509
28 0.6099078277678519 0.34247071252377703 0.03786361436318479 0.06359113855894431
28 0.564201980671277 0.8134113498290801 0.0990738251355733 0.11223923871722903
28 0.5453297817045494 0.9272609011618638 0.09597609621281222 0.11683581050398359
28 0.5831287217924824 0.7089367984962966 0.09588519262201593 0.10121081050398359
28 0.5989577339909268 0.6092406753767585 0.09432269262201594 0.10116534639736088
28 0.6888175811856975 0.07216056103270897 0.10695904800821018 0.12496655925034232
28 0.6691595870394299 0.18525159441880382 0.10693177693097126 0.1202790592503423
28 0.6377697282353901 0.4307375906578801 0.07231133723582168 0.07709134890464338
28 0.6257878787029283 0.5201638035108616 0.0739011083130606 0.08182431301126591
28 0.662342481358648 0.35657266495191725 0.044122704722264317 0.065335494985435
28 0.6751873941228264 0.28118622004562444 0.04728406615858276 0.07167642319868044
28 0.11316359621281209 0.11078908432316696 0.13688289734428025 0.16645537727617327
28 0.13373465056573405 0.023218539654301016 0.12996930113146812 0.04643707930860203
28 0.7103553388861417 0.9537144379131709 0.09404998184962743 0.05429034639736088
28 0.7752384328594586 0.5556657313283955 0.11327268052176756 0.13608591567683312
28 0.8204680778660478 0.27148930812971506 0.12272949375348396 0.15042120031656916
28 0.7511565591264999 0.7142056570343585 0.0926329275949012 0.07924488229073816
28 0.7225417214978949 0.8994444750601893 0.09414088544042354 0.06991534639736088
28 0.7307945830324092 0.8406006724737646 0.09259656615858276 0.07299488229073817
28 0.7978896167990717 0.41982751972905535 0.12272040339440445 0.14885870031656906
28 0.7437349445669235 0.7816204775674718 0.09257838544042354 0.06986988229073816
28 0.762516239942855 0.6521459262346883 0.09571247579950323 0.0715233105039836
28 0.8461942648307229 0.12696641831712951 0.11649767447164336 0.1533643438900784
28 0.06502764070498085 0.5669541677884041 0.1020715601084586 0.09045516693047428
28 0.05458556527482002 0.6524286665347628 0.09893746974937898 0.08880173871722885