28 0.3265625 0.2578125 0.11875 0.13359375
28 0.4578125 0.259375 0.11796875 0.12734375
28 0.07578125 0.26875 0.1109375 0.103125
28 0.19375 0.2703125 0.10234375 0.10078125
28 0.08046875 0.3890625 0.0734375 0.05390625
28 0.1703125 0.3890625 0.071875 0.05078125
28 0.88359375 0.43828125 0.1296875 0.1046875
28 0.7546875 0.4421875 0.13203125 0.10078125
28 0.61640625 0.44765625 0.1359375 0.0921875
28 0.490625 0.45546875 0.10234375 0.0765625
28 0.2578125 0.45625 0.10703125 0.08046875
28 0.371875 0.4546875 0.10546875 0.08203125
28 0.159375 0.4609375 0.08046875 0.06953125
28 0.0703125 0.4625 0.08515625 0.06640625
28 0.2578125 0.56953125 0.05859375 0.0328125
28 0.3265625 0.5703125 0.05546875 0.02734375
28 0.76875 0.59453125 0.09140625 0.0796875
28 0.884375 0.59375 0.109375 0.07421875
28 0.6703125 0.596875 0.08046875 0.078125
28 0.575 0.59765625 0.08203125 0.0765625
28 0.065625 0.6046875 0.10234375 0.08515625
28 0.17265625 0.603125 0.0984375 0.084375
28 0.4046875 0.609375 0.0625 0.05859375
28 0.4890625 0.61015625 0.06640625 0.0578125
28 0.3328125 0.62109375 0.05625 0.0328125
28 0.2609375 0.621875 0.0625 0.03515625
28 0.17109375 0.0640625 0.1390625 0.128125
28 0.04921875 0.06484375 0.0984375 0.1296875
28 0.9578125 0.74921875 0.053125 0.0796875
28 0.89296875 0.75234375 0.0578125 0.0796875
28 0.5046875 0.7546875 0.11171875 0.08984375
28 0.234375 0.75625 0.125 0.09765625
28 0.6546875 0.7546875 0.06015625 0.078125
28 0.83046875 0.7546875 0.0515625 0.08046875
28 0.775 0.75390625 0.05546875 0.0796875
28 0.37578125 0.75625 0.1234375 0.09765625
28 0.71796875 0.75703125 0.0515625 0.0796875
28 0.5953125 0.75625 0.053125 0.08203125
28 0.096875 0.7609375 0.12890625 0.08984375
28 0.6 0.09375 0.06953125 0.08515625
28 0.68125 0.0953125 0.06875 0.08203125