28 0.353398537675744 0.7873291605254857 0.15633623119538154 0.16759015634451407
28 0.4886373557015749 0.7545140476839579 0.15302937476889084 0.16126742116215276
28 0.09433577474362023 0.8362985630702777 0.13654055674305987 0.1312162452503472
28 0.2138586645562058 0.8069721261405555 0.13024509263643713 0.12950827488562516
28 0.07529392122012339 0.7126071431423957 0.08959134890464333 0.07391158510611114
28 0.1672684725529069 0.6909483890583331 0.08632995658477527 0.06915134992375016
28 0.8943634846271008 0.46791474572850617 0.16020537727617318 0.1395742591180557
28 0.7616275409744493 0.49520655718326323 0.16011444906292774 0.13644925911805572
28 0.6171501152684863 0.5235523755718745 0.1645746285298145 0.12874586189159737
28 0.4853545459890142 0.5453572532310412 0.12326766693047428 0.10436280452090294
28 0.24559571252377702 0.6016845608860761 0.13121655925034229 0.10923214247680572
28 0.3627066561764286 0.5747564253431247 0.12969952335696497 0.11075827488562524
28 0.14277458940423887 0.6204728881084026 0.09942098997087015 0.08975479065319458
28 0.05105924858175657 0.6398060759880555 0.10211849716351314 0.08830139342673622
28 0.22320153846716678 0.48587837614055535 0.07011392319868044 0.04847517401194459
28 0.29474992953339363 0.46859865074184004 0.06363660266556703 0.04051720364722229
28 0.7467336298499627 0.33628615207302015 0.115500631037097 0.10574346656500015
28 0.8661883235026142 0.3093034651432979 0.13259720282385165 0.10301851006798621
28 0.6438443105704905 0.35741822929534667 0.10281877461060632 0.09920252583555564
28 0.5463782771843958 0.37998551994854124 0.10438127461060631 0.09923889342673622
28 0.04044182891289062 0.4942214722645833 0.08088365782578125 0.10843205547083343
28 0.12914766158670493 0.47167236540697904 0.1218415592503423 0.10901393692972228
28 0.3682843694251215 0.4098944915475344 0.07874477711788863 0.07678201196784737
28 0.4555714207579049 0.3883448402370135 0.08182431301126591 0.07529224715020835
28 0.2916309412118761 0.4148015035153817 0.06694345909205772 0.04683993882958344
28 0.21700301425227195 0.43059146409645815 0.07332985141192579 0.05167290919430556
28 0.22714461157406968 0.9674913988419789 0.16560827962517113 0.05694359707395833
28 0.1134314525611542 0.9849717992025692 0.09755696159934021 0.025692290653194762
28 0.9087575713910432 0.13421189295496452 0.06669941818411544 0.09211607123840282
28 0.8459847867513071 0.1450415966021868 0.0793358105039836 0.09709451196784728
28 0.4435751891003051 0.23716419994440932 0.1377393438900784 0.11875261284152787
28 0.1645947312618885 0.2998694473789582 0.15372805674305984 0.13161628875333342
28 0.5992174353393813 0.20075130841753422 0.08080738229073817 0.09400587955902787
28 0.780800055951637 0.1582696016361799 0.07147784639736088 0.0953501740119445
28 0.7234050930986555 0.17209701871427024 0.0762108105039836 0.09702177678548618
28 0.3107937813410308 0.26601851139916644 0.15216555674305984 0.13157992116215295
28 0.6637800405122308 0.1820727371791314 0.07147784639736088 0.0953501740119445
28 0.5371804365930226 0.21312532826916622 0.0762108105039836 0.09702177678548614
28 0.04997360477713808 0.3292140681042708 0.09994720955427616 0.12282186379145843
28 0.6674262822654676 0.8885402895158327 0.09201766693047428 0.1036354526972918
28 0.7500258335982511 0.8670997409788536 0.09036423871722903 0.10047408510611114