35 0.23828125 0.10076904115728717 0.4328125 0.19924524197094126
35 0.253125 0.1843594691310198 0.475 0.2717686951594446
35 0.67734375 0.20815433174874745 0.509375 0.2235702125722991
35 0.64609375 0.11511033864615239 0.5015625 0.18878577679665037
35 0.26328125 0.4606729856393632 0.5265625 0.24009597127872642
35 0.25546875 0.36338854986371444 0.5015625 0.2387857767966503
35 0.7234375 0.3746325028250751 0.515625 0.22389776119281812
35 0.74296875 0.477999842264197 0.5140625 0.22694087403768837
35 0.265625 0.5732958163720578 0.434375 0.16026462912607115
35 0.65234375 0.5841878872666715 0.390625 0.14078428878243798
35 0.31875 0.8229549796464694 0.6359375 0.2583280721378092
35 0.79140625 0.8149133440732192 0.3921875 0.2143036759375679
35 0.7796875 0.7142991904097462 0.4265625 0.2051676933504222
35 0.303125 0.7151048580951719 0.60625 0.24270971619034382