35 0.778125 0.0875 0.44140625 0.171875
35 0.759375 0.17890625 0.478125 0.1984375
35 0.3421875 0.153125 0.46015625 0.15
35 0.3765625 0.06484375 0.45703125 0.1296875
35 0.73359375 0.4328125 0.5328125 0.16328125
35 0.74609375 0.34375 0.5046875 0.16484375
35 0.2890625 0.3015625 0.46640625 0.15
35 0.25859375 0.39453125 0.4734375 0.1515625
35 0.69609375 0.53515625 0.3953125 0.0984375
35 0.34140625 0.5015625 0.3546875 0.0875
35 0.63125 0.75859375 0.57578125 0.1671875
35 0.1875 0.6984375 0.375 0.15390625
35 0.2046875 0.60703125 0.40859375 0.1421875
35 0.665625 0.66328125 0.57421875 0.1546875