35 0.9253100969984704 0.27783239344049526 0.14845250567874757 0.45252926959604134
35 0.8625646351479175 0.290076329175588 0.2476536647693571 0.49914350831327015
35 0.8520348693229002 0.7142041509623427 0.19757184415250606 0.4930011569013445
35 0.9259769297934813 0.6874347139736086 0.13337297645775442 0.4833246285298145
35 0.5975708806836906 0.2909639131030436 0.21576846509366873 0.5513137620741938
35 0.691443611608967 0.28666050950040445 0.21371504139256245 0.5231432979675713
35 0.6942263234628154 0.7522703398980455 0.1976809383083074 0.49545932020390904
35 0.593871767456461 0.7613396314328084 0.2007786647693571 0.47732073713438333
35 0.4885953011383858 0.3096791576927672 0.1385320348997407 0.4210064849563052
35 0.4915064724071552 0.6802644423325033 0.12214337580913118 0.37680184389007854
35 0.2517714111224997 0.35359532759274237 0.22469918019063256 0.6156035826073073
35 0.27430356128795075 0.8079309976905733 0.19102974350388296 0.3841380046188534
35 0.37057458929112796 0.7965065901291547 0.18220021428288974 0.40698681974169054
35 0.3538248348236058 0.3284254945232167 0.212144633112732 0.6121148697543259