35 0.635109752045064 0.8003828595655099 0.7297804959098719 0.3992342808689802
35 0.626498247821922 0.6740416033454735 0.6846838547106311 0.3681877510160527
35 0.5838440833987301 0.5485569244672297 0.6465473572179136 0.34434745929293875
35 0.5799485420950765 0.4414847308896648 0.5050752595669113 0.2542470024863908
35 0.5258089598834805 0.37702276119281813 0.4767229390337981 0.24496053369405538
35 0.22821987219510134 0.6586291287873868 0.27617736975432583 0.21572897783744693
35 0.2581694481384911 0.7764274604245925 0.2596430876218722 0.18366010628614954
35 0.3001416509623427 0.8784746393028364 0.25205790815498563 0.19106317051050076
35 0.1311486439027137 0.6199993187469071 0.17685933135366608 0.2339256999091429
35 0.07018005166198792 0.6425460261192818 0.10751829796757122 0.21001016508343398
35 0.20354882963780643 0.5613889586155703 0.14007473370266402 0.14931168249628843
35 0.2979520475053528 0.5351340750784852 0.1560179824490227 0.1610680540475858