35 0.7685807562052529 0.36433631848804937 0.4628384875894941 0.7286726369760987
35 0.6070610593484063 0.3669706073509275 0.36937527791236563 0.6941952470304991
35 0.48024169417075974 0.4096702358807421 0.34582646194893074 0.6576212495377816
35 0.3708303068672068 0.4136339733443298 0.25639147270229773 0.5130241518867795
35 0.30511110752916054 0.4678190196625483 0.24563375516728653 0.48306386724704337
35 0.594498823411542 0.7706950009244368 0.21742305624352518 0.2793932979675713
35 0.7129234917323416 0.7407226929277357 0.18551808477957224 0.26442151583511764
35 0.816305356909988 0.6987050259972615 0.1914042117440431 0.25679087226160835
35 0.555539023163873 0.8701327112701358 0.2362029813887503 0.18007525956691134
35 0.5800081761831917 0.9310558394042389 0.21254284946188076 0.10760922618081636
35 0.49500609160850706 0.7962154896416658 0.1533519400324213 0.143336126022532
35 0.46826811724907025 0.7002497717741194 0.1635274607105858 0.16079641066226813