35 0.60390625 0.165625 0.7921875 0.290625
35 0.571875 0.34375 0.63671875 0.20078125
35 0.559375 0.4703125 0.603125 0.18515625
35 0.58046875 0.57421875 0.4734375 0.1296875
35 0.54375 0.6453125 0.44609375 0.12734375
35 0.18671875 0.4203125 0.2390625 0.15234375
35 0.1890625 0.303125 0.23046875 0.12265625
35 0.20546875 0.1984375 0.2203125 0.13203125
35 0.10078125 0.47265625 0.1296875 0.1984375
35 0.03359375 0.46015625 0.0671875 0.1921875
35 0.1859375 0.51796875 0.11171875 0.1203125
35 0.28359375 0.528125 0.1265625 0.12734375