34 0.7662348521524771 0.39254504667745416 0.2513142510334573 0.09962171915415378
34 0.7606612483473703 0.32785130114168104 0.24499147642635144 0.09795012499835236
34 0.7527438945422633 0.26319846591433343 0.24506425103345714 0.09951262499835237
34 0.7517486288264974 0.20076664976170927 0.25294952564056317 0.10121149269310406
34 0.7412328138965201 0.14162347484278714 0.24186647642635145 0.0978955779204517
34 0.738929759305625 0.07375018222911334 0.24833480024766902 0.10269217207625303
34 0.7327739586436712 0.029029386365733368 0.24695208271265762 0.058058772731466736
34 0.10132478970369903 0.6453652727281713 0.20264957940739806 0.0706785129856435
34 0.0987370409442987 0.6056169801144977 0.1974740818885974 0.07062396590774292
34 0.09767540488134545 0.5674039139618735 0.1953508097626909 0.07062396590774292
34 0.0945247299432627 0.5183351684261004 0.1890494598865254 0.07062396590774292
34 0.09664267483563885 0.4784914184261003 0.1932853496712777 0.07226828652459379
34 0.09370068837979147 0.43722153612085196 0.18740137675958293 0.07226828652459397
34 0.1446144474805286 0.6828555900986115 0.17954625889134013 0.06714440990138844
34 0.14275869499932925 0.7226993400986116 0.17954625889134018 0.06714440990138844
34 0.14242905521457694 0.7632970665596612 0.1841609842842343 0.0656637305182393
34 0.1469688519475893 0.7999067224038598 0.17783820967712843 0.06399213636243797
34 0.15154503598415459 0.8357351282480586 0.18416098428423427 0.0656637305182393
34 0.49552401427253284 0.9421394922926576 0.24826202564056316 0.10112967207625304
34 0.48753388586032004 0.87904915706531 0.25138702564056314 0.10118421915415361
34 0.4803250074481073 0.8159451850684871 0.24826202564056316 0.10112967207625304
34 0.47460585442878866 0.754376439532714 0.25138702564056314 0.10118421915415379
34 0.46984988792723464 0.6888878072274658 0.25138702564056314 0.10118421915415361
34 0.46413073490791606 0.6273190616916926 0.2481892510334573 0.09956717207625303
34 0.4610828176205738 0.5586781558474939 0.23190927956950452 0.0852319366867496
34 0.45589020347638465 0.5025645235422457 0.24826202564056316 0.10112967207625304
34 0.44846300124285426 0.4441480515454228 0.2481892510334573 0.09956717207625303
34 0.44448828474130025 0.37864578247069935 0.2513142510334573 0.0996217191541536
34 0.43724301902553464 0.3163230604738766 0.25138702564056314 0.1011842191541537
34 0.4323415033097689 0.25395942816862827 0.2481892510334573 0.09956717207625303
34 0.4265131883797915 0.19473443263285514 0.2481892510334573 0.09956717207625303
34 0.42310139805691993 0.1339060267886565 0.2481892510334573 0.09956717207625303
34 0.4150748823411542 0.07159694156130889 0.24826202564056316 0.10112967207625304
34 0.4141331205543299 0.02945390056919287 0.2436087588913402 0.05890780113838574
34 0.8120051929324147 0.901487624194164 0.2499700748547749 0.10428194561520314
34 0.8064679764308605 0.836012628658391 0.25138702564056314 0.10118421915415361
34 0.8001131226257538 0.771332519892093 0.25153257485477487 0.10430921915415378
34 0.7960656315170939 0.7073927508173694 0.25138702564056314 0.10118421915415361
34 0.785768140408434 0.6435620758984474 0.24826202564056316 0.10112967207625304
34 0.7824291246926683 0.5811711700542487 0.2513142510334573 0.0996217191541536
34 0.7783088589769026 0.5187939009795253 0.25138702564056314 0.10118421915415361
34 0.7718812305646898 0.45567629221322725 0.24826202564056316 0.10112967207625304