34 0.3896546472203534 0.8211645754811713 0.12453741180407354 0.23296091567683314
34 0.447388582091491 0.8392757294795219 0.12264736318355456 0.2266654515702104
34 0.5052453476953233 0.8550431334778723 0.1242098631835546 0.22671091567683313
34 0.5581280082562013 0.8761428951563548 0.1277442989592032 0.2346143438900783
34 0.613064491747858 0.8876808225781774 0.12256547602842467 0.22463835484364517
34 0.6714977894638657 0.8963116764973857 0.12906113749381412 0.2073766470052285
34 0.7319439665330874 0.9065732265765281 0.12807849163225704 0.18685354684694389
34 0.7877026436023089 0.9167665804957362 0.12709584577069996 0.1664668390085275
34 0.8333869578266601 0.9254428985215671 0.09971447421940241 0.14911420295686567
34 0.4546012115562463 0.17910510761362494 0.0924751843053107 0.18678459765100208
34 0.4900473886254678 0.1895257820659466 0.09239329715018094 0.18522209765100212
34 0.5222866785395596 0.20141802830502292 0.09239329715018094 0.18522209765100212
34 0.5670669120312162 0.21289273739708067 0.09239329715018094 0.18522209765100212
34 0.5999236776350484 0.22793271568946832 0.09411957146044045 0.18839256175762475
34 0.6369732982818348 0.23761760424841266 0.09411957146044045 0.18839256175762478
34 0.40329101707417025 0.20265025620169913 0.08672315128862387 0.16633570533113406
34 0.369653001470338 0.18758754585600018 0.08672315128862396 0.16633570533113406
34 0.3367552922889409 0.17332881756361254 0.08540631275401322 0.1709777412245114
34 0.3028306716421546 0.16373485721791353 0.0835162641334942 0.16468227711788871
34 0.2704276074178033 0.15496761097883724 0.08540631275401322 0.17097774122451134
34 0.049415744572933074 0.4055656898917279 0.09883148914586615 0.2298813797834558
34 0.09215768600279137 0.42128762978345574 0.12609991180407354 0.23300637978345567
34 0.1492741451841885 0.43625105172849493 0.12593613749381402 0.22988137978345566
34 0.20396496721045584 0.45270877751360017 0.12609991180407354 0.23300637978345579
34 0.26165795850402856 0.47160118151195063 0.12609991180407354 0.23300637978345579
34 0.31630783695273107 0.4888401572970558 0.12281113749381403 0.2297904515702104
34 0.37548144109117404 0.509340525402029 0.10949226594251646 0.21380173871722902
34 0.4263069566950063 0.5249033409205776 0.12593613749381394 0.22988137978345585
34 0.4787768594539683 0.5389491205457487 0.12281113749381412 0.2297904515702104
34 0.5364698507475409 0.5578415245440992 0.12445552464894369 0.2313984156768331
34 0.5927641163513732 0.5735634644358271 0.12609991180407362 0.23300637978345567
34 0.6473730512225109 0.5915836902209323 0.12281113749381412 0.2297904515702104
34 0.700542316826343 0.6072147018994147 0.12281113749381412 0.2297904515702104
34 0.7535887516974806 0.6251894635778973 0.12281113749381412 0.2297904515702104
34 0.8099239608788779 0.6401301534696252 0.12593613749381385 0.22988137978345585
34 0.8636697585948856 0.659690147201419 0.12593613749381377 0.22988137978345585
34 0.915235580621153 0.6760569447732788 0.11335425033868418 0.2279551669304743
34 0.0006805941888202839 0.6848296410662268 0.0013611883776405678 0.22903428213245364
34 0.029177408413171523 0.7012957270387464 0.058354816826343046 0.23071645407749292
34 0.05888704121508764 0.7182619181841156 0.11777408243017529 0.2346598079967011
34 0.10929211782171125 0.7363276080758434 0.12609991180407354 0.23300637978345584
34 0.16797107700310834 0.7513364941275051 0.12593613749381402 0.22988137978345585
34 0.22258001187424595 0.7693567199126103 0.12445552464894379 0.2313984156768331
34 0.27640769674538357 0.7873542136444043 0.12609991180407346 0.23300637978345584
34 0.3326610187716509 0.8038574035361321 0.12593613749381402 0.22988137978345585