34 0.509375 0.1890625 0.05546875 0.21640625
34 0.56875 0.1890625 0.05546875 0.21171875
34 0.62734375 0.190625 0.0578125 0.21171875
34 0.68359375 0.1859375 0.0578125 0.21875
34 0.7390625 0.190625 0.05546875 0.209375
34 0.8 0.18671875 0.06015625 0.2140625
34 0.8609375 0.18515625 0.06015625 0.2140625
34 0.91875 0.1828125 0.06015625 0.21171875
34 0.97421875 0.18203125 0.0484375 0.2140625
34 0.37578125 0.8046875 0.0359375 0.178125
34 0.41171875 0.8046875 0.0359375 0.17578125
34 0.44609375 0.803125 0.0359375 0.17578125
34 0.49140625 0.8046875 0.0359375 0.17578125
34 0.5265625 0.8 0.03828125 0.178125
34 0.5640625 0.8015625 0.03828125 0.178125
34 0.33515625 0.76875 0.0359375 0.15625
34 0.29921875 0.7734375 0.0359375 0.15625
34 0.2640625 0.77734375 0.03359375 0.1609375
34 0.2296875 0.7765625 0.03359375 0.15625
34 0.196875 0.77578125 0.03359375 0.1609375
34 0.05234375 0.47734375 0.0578125 0.2140625
34 0.11015625 0.478125 0.0578125 0.21640625
34 0.16796875 0.48046875 0.0578125 0.2140625
34 0.22421875 0.4796875 0.0578125 0.21640625
34 0.28359375 0.478125 0.0578125 0.21640625
34 0.340625 0.47890625 0.05546875 0.2140625
34 0.40234375 0.47578125 0.0453125 0.2015625
34 0.45390625 0.47578125 0.0578125 0.2140625
34 0.5078125 0.47734375 0.05546875 0.2140625
34 0.5671875 0.475 0.05546875 0.21640625
34 0.62421875 0.4765625 0.0578125 0.21640625
34 0.68125 0.47578125 0.05546875 0.2140625
34 0.7359375 0.47578125 0.05546875 0.2140625
34 0.790625 0.47421875 0.05546875 0.2140625
34 0.84765625 0.47578125 0.0578125 0.2140625
34 0.90390625 0.47265625 0.0578125 0.2140625
34 0.96328125 0.471875 0.0578125 0.21640625
34 0.04375 0.19140625 0.06015625 0.2140625
34 0.10390625 0.190625 0.0578125 0.21640625
34 0.1625 0.190625 0.06015625 0.21640625
34 0.22109375 0.1890625 0.0578125 0.21640625
34 0.28046875 0.19296875 0.0578125 0.2140625
34 0.3375 0.190625 0.05546875 0.21640625
34 0.39296875 0.1890625 0.0578125 0.21640625
34 0.45078125 0.18984375 0.0578125 0.2140625