35 0.2892804264973857 0.3248055365278891 0.09782035220334855 0.3562148181812191
35 0.36930890729705584 0.3351333360414218 0.11969535220334863 0.35659664772652383
35 0.46735160220334865 0.34670998985702556 0.1018426109788372 0.2797614123370204
35 0.49600648495630517 0.12265883523064289 0.07074572367353404 0.23080571509696393
35 0.783390756993122 0.7046592629922341 0.12562710345698988 0.3457682418823252
35 0.6961946338735838 0.689766694403978 0.10375210345698989 0.3453864123370204
35 0.625563885127225 0.6800565036567432 0.09750210345698988 0.3452773181812191
35 0.6250588021242064 0.313472975653566 0.11311038308216101 0.39864778003177215
35 0.6977976201500373 0.34190589286185047 0.0992919239901033 0.35311709172016936
35 0.7744965124699054 0.34525698945328376 0.09942831630997126 0.3578045917201694
35 0.7016283476510021 0.07433704505095343 0.08731344655564541 0.14867409010190685
35 0.62842652837153 0.057783654831548834 0.08640416442319179 0.11556730966309767