35 0.66171875 0.68125 0.3296875 0.06953125
35 0.65390625 0.6078125 0.3296875 0.08984375
35 0.64375 0.51484375 0.25703125 0.0796875
35 0.8546875 0.4890625 0.21484375 0.053125
35 0.3140625 0.2171875 0.31875 0.09609375
35 0.3265625 0.2984375 0.31875 0.07578125
35 0.334375 0.365625 0.31875 0.07109375
35 0.678125 0.3671875 0.36875 0.08203125
35 0.65234375 0.3 0.3265625 0.071875
35 0.65 0.228125 0.33203125 0.071875
35 0.9171875 0.29765625 0.16328125 0.0734375
35 0.9328125 0.36640625 0.134375 0.0734375