35 0.7069968293389858 0.67734375 0.10834987294739165 0.3609375
35 0.6257559196980653 0.67578125 0.13024305366555106 0.3640625
35 0.5257650100571449 0.67421875 0.11102944535249044 0.284375
35 0.5159031549655383 0.8921875 0.0778169695529872 0.215625
35 0.17532569028432485 0.346875 0.13485783079291397 0.3515625
35 0.2643563740275462 0.35234375 0.11297374043383437 0.35
35 0.3369989884889268 0.3546875 0.10827715007475476 0.3484375
35 0.3700053685665972 0.72421875 0.12579190300162102 0.4046875
35 0.29512808841417204 0.703125 0.11145669222923242 0.3578125
35 0.21775706733693317 0.7078125 0.11149305366555096 0.3640625
35 0.31245090203867204 0.9484375 0.08966246369925476 0.103125
35 0.38815488398649534 0.96171875 0.0879454275949012 0.0765625