34 0.6654118543863909 0.8969493709898957 0.39972552616718493 0.17216674904859772
34 0.33149989995764767 0.04188906965793275 0.4036247999152954 0.0837781393158655
34 0.3193408051769673 0.0816286961408075 0.405884520905513 0.163257392281615
34 0.3093658366764112 0.16202652022877403 0.4077200366905286 0.17561008402956985
34 0.29791937343752695 0.24785127368881515 0.4077200366905286 0.17561008402956982
34 0.28573716282947864 0.33448911064695347 0.4077200366905286 0.17561008402956987
34 0.2749354416980866 0.4179382806088974 0.40570251038216937 0.16773391703337542
34 0.2635344810900383 0.5045442840689385 0.4103900103821694 0.16792491802195855
34 0.2551675152203182 0.5894604535365908 0.40579351564384114 0.16929641703337542
34 0.24032303619641843 0.6707250409890207 0.4057935156438412 0.16929641703337558
34 0.23084859663505752 0.7635173774528674 0.3821585945689189 0.19171524509426519
34 0.22698712024199366 0.8451175459319366 0.36406104195220046 0.17538990813612684
34 0.21991734386304723 0.9119694649052974 0.33936487884037314 0.1260610701894052
34 0.7639098525320138 0.07872656543786374 0.3947650103821694 0.1574531308757275
34 0.7551788656156063 0.15247517631337243 0.39320251038216936 0.1672245810638203
34 0.7482378918533785 0.2349839287848304 0.3947650103821694 0.1672882480600147
34 0.7406521759836583 0.3198682647543855 0.3947650103821694 0.1672882480600147
34 0.7258076969597586 0.4011328522068155 0.3947650103821694 0.16728824806001472
34 0.7165229731975306 0.48373710517256485 0.39798101564384114 0.16897808205240347
34 0.7049855046969744 0.5679993586326061 0.39798101564384114 0.16897808205240353
34 0.6940927783039107 0.64988602859455 0.3979810156438413 0.16897808205240353
34 0.6840723071725187 0.7333033650583968 0.39798101564384114 0.16897808205240353
34 0.6786938334102907 0.8157484505336601 0.39972552616718493 0.1721667490485978