34 0.6144843112549758 0.09748769191600386 0.40336903361182797 0.16399305872054298
34 0.28677062737850534 0.972762601289002 0.4019100098858317 0.05152942138763379
34 0.2766435522833651 0.9338364612905927 0.40978085969555134 0.12970896538827006
34 0.2646648171121127 0.8636966839592747 0.4128713676042167 0.1672271467218156
34 0.25176025190280427 0.7779500879615018 0.41287136760421667 0.1672271467218156
34 0.23816993718778737 0.6898688326305017 0.4128713676042167 0.1672271467218156
34 0.22520170498228453 0.6056847366327288 0.4110541996194391 0.16095896538827006
34 0.21239264026726762 0.517594390634956 0.41574169961943913 0.16101350938890652
34 0.2040541706847908 0.4325926819700923 0.4081083413695816 0.16095896538827023
34 0.19521038783299074 0.34922619863941035 0.3904207756659815 0.16092260272117934
34 0.18331256570360005 0.25485858064131933 0.3666251314072001 0.18403283871736134
34 0.17699624011416826 0.1729182373090466 0.3539924802283365 0.16666352538190682
34 0.16667816403044486 0.0918045973106374 0.3333563280608897 0.1413908053787252
34 0.7278386377586287 0.918434896562732 0.3944105276803288 0.1357771520528157
34 0.7197024855911819 0.8498121658975503 0.3984905326232447 0.15925101471990652
34 0.7113899198875819 0.7663547758991409 0.4016155326232447 0.15928737738699753
34 0.7016103546782734 0.6805718172342773 0.4016155326232447 0.15928737738699753
34 0.6854534554765761 0.5979865839035954 0.4016155326232447 0.15928737738699753
34 0.6739840562748789 0.5153468065722772 0.4031780326232447 0.15930555872054306
34 0.6610476575674732 0.43038146057450427 0.40317803262324486 0.15930555872054303
34 0.648015758365776 0.3477598645767314 0.40317803262324486 0.15930555872054297
34 0.6366736931564676 0.26199508724541315 0.4031780326232447 0.15930555872054297
34 0.6290787104566731 0.18009110658023125 0.40336903361182797 0.16399305872054298