34 0.13515625 0.69921875 0.0796875 0.3578125
34 0.928125 0.275 0.084375 0.365625
34 0.84921875 0.275 0.0765625 0.365625
34 0.76875 0.2765625 0.08203125 0.365625
34 0.6875 0.2765625 0.08203125 0.365625
34 0.6046875 0.2765625 0.08203125 0.365625
34 0.5265625 0.2765625 0.07421875 0.365625
34 0.44375 0.27734375 0.07421875 0.3703125
34 0.3640625 0.2796875 0.07421875 0.365625
34 0.2859375 0.2765625 0.07421875 0.365625
34 0.19453125 0.265625 0.0984375 0.365625
34 0.11875 0.271875 0.084375 0.353125
34 0.0375 0.26953125 0.071875 0.3484375
34 0.91640625 0.6875 0.0765625 0.35546875
34 0.84140625 0.6890625 0.0765625 0.353125
34 0.76328125 0.69375 0.0765625 0.35546875
34 0.68359375 0.696875 0.0765625 0.35546875
34 0.60546875 0.69375 0.0765625 0.35546875
34 0.52734375 0.69453125 0.0765625 0.3578125
34 0.44765625 0.69453125 0.0765625 0.3578125
34 0.36953125 0.69453125 0.0765625 0.3578125
34 0.28984375 0.69609375 0.0765625 0.3578125
34 0.21328125 0.70078125 0.0796875 0.3578125