34 0.5953125 0.7921875 0.13671875 0.34375
34 0.1421875 0.353125 0.1875 0.553125
34 0.290625 0.3578125 0.1875 0.553125
34 0.4484375 0.3578125 0.15390625 0.553125
34 0.603125 0.35078125 0.15390625 0.5359375
34 0.7625 0.35234375 0.17578125 0.5359375
34 0.90859375 0.3484375 0.1828125 0.55078125
34 0.07578125 0.784375 0.1515625 0.34609375
34 0.17890625 0.7890625 0.1515625 0.33671875
34 0.3265625 0.790625 0.14921875 0.33203125
34 0.86484375 0.7859375 0.1734375 0.35546875
34 0.45546875 0.7953125 0.1390625 0.334375
34 0.725 0.7828125 0.15390625 0.353125