34 0.7944552406110935 0.4140247186692244 0.3532351826861809 0.14579533079291399
34 0.33686617588323264 0.8621743097156751 0.5648272106938169 0.20327252926866243
34 0.3456519245703681 0.7114339663315334 0.5648272106938169 0.20327252926866243
34 0.35064051125877616 0.5512958970496926 0.5644272213558171 0.16889752926866244
34 0.3477711446133206 0.39501862597245385 0.5488022213558171 0.16880662567786614
34 0.35434041263527416 0.23332714704969265 0.5490567600254533 0.19068162567786617
34 0.3528517326543642 0.0926839663315334 0.5630465346912716 0.18451343890958277
34 0.7704593785407785 0.9291027344819061 0.3548158640197263 0.14179453103618797
34 0.7786269618873689 0.8342735861556673 0.3456044960216353 0.1613748789975161
34 0.785041688574186 0.685863357232906 0.3408988146880899 0.1597851079202771
34 0.7952932239815463 0.14057358313060503 0.36460903469127165 0.1833589633064713
34 0.7935910799252308 0.5554355138487643 0.34233404535327183 0.1488566982793566
34 0.7889694039624563 0.2811713120533662 0.3628283586887262 0.16459987294739173