34 0.8229765664429852 0.5943470271858077 0.32513169530200436 0.17121607548481954
34 0.40843697413575253 0.09311044074393941 0.6268760517284949 0.1827298685022353
34 0.4045497930195133 0.2267041907439394 0.6320014724198929 0.251534415580136
34 0.39008281307777304 0.4015405495102374 0.6293478338609485 0.2140071420411857
34 0.36791699340258943 0.5723342905817836 0.6090353338609484 0.21365258603483123
34 0.35574829935422647 0.7487740596565071 0.6112797954602888 0.23711735957378152
34 0.3372757810118264 0.8942136501621558 0.6264956185006847 0.21157269967568837
34 0.8476957024281402 0.06716691841950977 0.30406302586424727 0.09120129301741561
34 0.8481072278966761 0.1336140787279353 0.30223976458147633 0.18955697240056463
34 0.8418164608079174 0.29608680518898495 0.30527383636823097 0.18648651947846523
34 0.7916139400247418 0.8923848277169331 0.3420751543940618 0.2152303445661338
34 0.8353127450519422 0.4390146448805594 0.3096430876218722 0.1756308400953163
34 0.8039501186336986 0.7378379285657795 0.34139319279472174 0.19336381087432314