35 0.473338645165945 0.9629259597280552 0.31482878742738746 0.057273518236111445
35 0.7676173380938505 0.9279820363817006 0.30963617328319837 0.11334168028020883
35 0.8266327731638731 0.8672978030992006 0.2683947431755744 0.13267225531833376
35 0.20711433168370963 0.9652203840243401 0.23706766046291666 0.06326763867708358
35 0.2302778498806747 0.9873129363610413 0.22870719685684682 0.017809668312361283
35 0.9111942493808275 0.22461868740788118 0.16087334160399785 0.13641289152687514
35 0.8943106563290876 0.3022715619329159 0.13485449710451575 0.11395601006798621
35 0.895888003104881 0.6370277684299298 0.15189644789030438 0.11123105357097245
35 0.6914960254356753 0.28358003258197856 0.1427397717116218 0.115700348023889
35 0.7735465461138398 0.2645014178405896 0.13819782092583352 0.11871624525034737
35 0.6071402961138398 0.26837456630131895 0.11297949710451594 0.11344686379145844
35 0.6684735167537322 0.8951714960128466 0.1280565334984459 0.06853440729444457
35 0.7652118153442622 0.19211792477444378 0.11072348428423417 0.06500936379145843
35 0.6790003335412272 0.21675620849378413 0.08819351282028158 0.05043771751493065