35 0.9394525473776302 0.5712246611930445 0.08735139726171184 0.3035613372358217
35 0.9338524406850095 0.28674966724316875 0.12159906326932343 0.3006363251355733
35 0.8938587934604787 0.19430763718893945 0.157247403193211 0.3320863130353248
35 0.9111060769979444 0.8258076220636289 0.09373404844057553 0.23017837939029953
35 0.9354030814465688 0.8048502274498232 0.049602046463409266 0.22054884933607005
35 0.2817845577949346 0.12276183089110985 0.14612953657757738 0.174246541958086
35 0.3549846358558244 0.1481936229473917 0.1194741946765232 0.13347609621281215
35 0.5052804076046542 0.04591857152133595 0.1331891847906915 0.08669199980360827
35 0.6819437252854206 0.12118271281549198 0.1260372124710205 0.2178692769309713
35 0.3111205948296226 0.3425157946885605 0.12441636266130089 0.13975336729005097
35 0.30339827813743947 0.2635459121750031 0.12741402866891213 0.1366465480082102
35 0.2851854945256115 0.422852734481906 0.11702035672980174 0.11159200585373252
35 0.8964068374152487 0.38108547452295694 0.07540585969555132 0.12540906615858277
35 0.23286294365075905 0.26860559601642037 0.07151685574121862 0.10664088544042354
35 0.2450817593543591 0.35229024960721655 0.05662668479069151 0.08624657220870695