35 0.5137783076312076 0.2013305214035422 0.1167819456152035 0.24662155601527208
35 0.5664493400986116 0.1831895960773146 0.12796490746575645 0.26081132535009016
35 0.46533330479183377 0.42503110339749706 0.12659332223840886 0.2717306440165448
35 0.5167867106360324 0.4318810874044967 0.11543763392680617 0.2591033746817265
35 0.5700344415613089 0.4254680027450418 0.13158083116686256 0.28897268801718107
35 0.5152888457839497 0.6967612000715876 0.1461069813290184 0.3156988200190899
35 0.506069984178278 0.9081959500318166 0.10955009821299111 0.18360809993636665
35 0.4493660166456821 0.8890823233609078 0.12114216314779931 0.2218353532781844
35 0.4618189724071552 0.6711339440642697 0.12171490746575628 0.2607386000159083
35 0.21717112541198 0.8988027686982711 0.10332737175194148 0.19178860534690828
35 0.17791375649941235 0.8647453946928625 0.08255122158978567 0.16498974801081764
35 0.5681102881560375 0.9804845753699756 0.09138865909060953 0.03903084926004894
35 0.7602503384770538 0.4511236254375861 0.15035810470581304 0.2907533640197263
35 0.7002515957806544 0.2175656907622229 0.11888991639421018 0.27788973734881744
35 0.7949561696439164 0.16396907077494957 0.16008766071216735 0.31117495202099904
35 0.9452605381527424 0.5064122041294941 0.09769675486796885 0.3166976986791813