35 0.75703125 0.434375 0.2203125 0.08984375
35 0.7921875 0.47734375 0.23203125 0.0984375
35 0.5375 0.43125 0.24296875 0.09609375
35 0.55390625 0.47734375 0.2328125 0.0890625
35 0.5765625 0.521875 0.25703125 0.10078125
35 0.31484375 0.521875 0.2828125 0.11328125
35 0.1046875 0.5609375 0.203125 0.08671875
35 0.1078125 0.50859375 0.21484375 0.0953125
35 0.31640625 0.4734375 0.2328125 0.09375
35 0.053125 0.3015625 0.10546875 0.08203125
35 0.053125 0.25859375 0.10625 0.0640625
35 0.059375 0.6296875 0.08203125 0.08046875
35 0.628125 0.69375 0.259375 0.11640625
35 0.8125 0.5984375 0.24765625 0.08984375
35 0.878125 0.66953125 0.24375 0.1234375
35 0.6671875 0.89765625 0.28984375 0.1390625