35 0.17162466660126988 0.5154908120954345 0.25721676959604134 0.14504331330995512
35 0.14193115492278738 0.5698879857965405 0.2715975183424001 0.15622627516050827
35 0.406627803906573 0.46297591802235855 0.28253501834239997 0.15641718993316048
35 0.39726952428140183 0.5162372857171103 0.2713701978092867 0.14841377516050808
35 0.380121476709542 0.5688537711066137 0.2984328029821361 0.1660649253226639
35 0.6606189704413359 0.5092979444039779 0.32862040815498583 0.18377062256272048
35 0.8801956845479586 0.5039035121814551 0.21323944906292774 0.13646715421934558
35 0.8716534103330638 0.4486120401846324 0.23387019780928647 0.14775921022570007
35 0.6504005359598843 0.4579399959461055 0.27150659012915473 0.1531012751605081
35 0.8978906160599092 0.21780237094775315 0.12027905925034225 0.1082955154212755
35 0.8898795392585896 0.1710910121814552 0.11821645407749273 0.09108074188232518
35 0.94163563822974 0.5660801838539664 0.08581313103709683 0.10457049756436802
35 0.35573392748832955 0.7629310535740178 0.3051829081549856 0.18336151947846524
35 0.14355818791317082 0.7018237784102144 0.28079066191590935 0.15013991639421018
35 0.12085882231548006 0.7842095844165687 0.21736465940862687 0.17089670129724616
35 0.34751694754658924 0.9379856006519184 0.3313529515702104 0.11666494317957117