35 0.2529290155242786 0.3843875937769252 0.25156747840045357 0.1358112767345796
35 0.2062524229660072 0.4237137141902341 0.26601192431676957 0.1468305899662962
35 0.48208823666833805 0.4205467658126816 0.2785664880191005 0.14846581283893306
35 0.45394338930074324 0.46601380191703506 0.26412204210278445 0.1374464996072165
35 0.42041163748664473 0.5091689042781672 0.29279267912609297 0.15323512607064965
35 0.6937201627143882 0.5560065010801545 0.3215724435540633 0.17214875253408266
35 0.8786283868536724 0.6291344079906004 0.18065477767481405 0.11821471057599667
35 0.8852256164352525 0.5744196369133615 0.19202878729346082 0.13077834308955402
35 0.7025520148913065 0.5044030944642962 0.2658482332097771 0.14214308996629618
35 0.969799056994091 0.3669384141389204 0.037703385842182156 0.09551248789975161
35 0.975314936212851 0.3208219382412214 0.029290685116542647 0.07827953610435348
35 0.918759824332468 0.7101344231159109 0.06884425843752026 0.09256929508134384
35 0.3293079439325814 0.6799768288480064 0.2980803798517324 0.1704498971478884
35 0.15824645418420047 0.5458432442444634 0.2798561695074462 0.14066240319801276
35 0.10804807985958165 0.6094744730690287 0.2160961597191633 0.17480105386194253
35 0.24398053522490848 0.8866813468019874 0.3350545901960187 0.20034647540671963