35 0.18358849073040617 0.4788663856847917 0.24322383601209036 0.10175500904511167
35 0.17121521272277013 0.4220022320213186 0.255832924013363 0.11178510628614954
35 0.40401062607413296 0.5669340309805218 0.26829656134627217 0.10931520352718742
35 0.4166918920671333 0.5160675717991248 0.2588306546785448 0.10101138059640906
35 0.4160555453930427 0.4613800717991248 0.28395792401336306 0.11325907507848498
35 0.683498131405133 0.5644043317487475 0.3106658746817265 0.12715115671569083
35 0.903799351368544 0.611270444932302 0.19240129726291216 0.1010246687014785
35 0.8814476387054301 0.6655108876053557 0.2371047225891399 0.10956750904511167
35 0.6520577747453601 0.6135068950685876 0.25888519867918125 0.10569888059640906
35 0.8536951894493583 0.8989065637700658 0.1884454293443632 0.09107645861557004
35 0.8142696101209035 0.9327559413142573 0.16326361600890885 0.07414126413349428
35 0.9816243593650441 0.5622398026887895 0.036751281269911826 0.08971095318850324
35 0.4654181040340439 0.27501984791840656 0.28575678134945387 0.13365346223361482
35 0.2212595713717255 0.2942357581406004 0.27445565467854494 0.10183025214770662
35 0.169251081357408 0.18610567559888347 0.32485564401654465 0.13882564111185863
35 0.5427783933402269 0.0791960928300239 0.31680678668045387 0.11810370533620988