35 0.2140625 0.48984375 0.21640625 0.0765625
35 0.203125 0.4390625 0.228125 0.08515625
35 0.41328125 0.5546875 0.2390625 0.08203125
35 0.42421875 0.509375 0.2296875 0.07421875
35 0.4234375 0.459375 0.25390625 0.08515625
35 0.665625 0.5359375 0.27734375 0.09609375
35 0.88671875 0.5640625 0.2171875 0.078125
35 0.86171875 0.61484375 0.2453125 0.0828125
35 0.63671875 0.58203125 0.2296875 0.0796875
35 0.81953125 0.8265625 0.1671875 0.07109375
35 0.784375 0.859375 0.14453125 0.05546875
35 0.95859375 0.51484375 0.0828125 0.0796875
35 0.46640625 0.2890625 0.2546875 0.10234375
35 0.24765625 0.321875 0.2453125 0.07421875
35 0.196875 0.228125 0.29921875 0.10546875
35 0.53671875 0.08984375 0.2828125 0.1234375