35 0.8578125 0.50234375 0.26171875 0.2234375
35 0.86875 0.39453125 0.26171875 0.2328125
35 0.8796875 0.2578125 0.23046875 0.20546875
35 0.28046875 0.325 0.1984375 0.18359375
35 0.79921875 0.684375 0.3109375 0.31875
35 0.56796875 0.5 0.2453125 0.25703125
35 0.37421875 0.80546875 0.1984375 0.2484375
35 0.2484375 0.571875 0.18046875 0.16796875
35 0.234375 0.6453125 0.18046875 0.16796875
35 0.41875 0.696875 0.18046875 0.16796875
35 0.5671875 0.90078125 0.2125 0.1984375
35 0.5421875 0.73828125 0.07578125 0.0890625
35 0.534375 0.80078125 0.07578125 0.0890625