35 0.8764550540260897 0.5214923059050461 0.24708989194782055 0.26552604781181854
35 0.8882641633513628 0.4075025287776831 0.22347167329727427 0.2747556020665446
35 0.910156797342454 0.2599780889843375 0.17968640531509195 0.24167948165323566
35 0.3061885547024074 0.26504477966144585 0.2385010680299077 0.22168514422102223
35 0.8202146920353165 0.7133389174395605 0.35957061592936695 0.37867146330647117
35 0.5986049633990879 0.4878247912707149 0.2972953600413618 0.30639648750696813
35 0.359199754773995 0.7926612404338343 0.24555104670590727 0.2904715056573407
35 0.24672483740449672 0.5256186652982612 0.21482721069381688 0.20123628883482797
35 0.224196404081769 0.6036073099120669 0.21482721069381688 0.20123628883482816
35 0.41804694875872306 0.6805112192583996 0.21482721069381688 0.20123628883482816
35 0.557320176121858 0.8988834484757484 0.2523817546944532 0.2022331030485031
35 0.54764408943345 0.740636173882468 0.0918431493475449 0.10521474082661779
35 0.5320105461091313 0.8069469751121321 0.09184314934754471 0.10521474082661797