35 0.11517327398793331 0.6380134098887993 0.23034654797586662 0.29790181977759855
35 0.09840745905795589 0.5224876136096637 0.19681491811591179 0.30435022721932725
35 0.06694344334219018 0.37753721215838476 0.13388688668438037 0.26444942431676954
35 0.6423500500427812 0.3213542549789595 0.27258143713693705 0.25911213828925295
35 0.1881163143108049 0.8059871051721432 0.3762326286216098 0.38802578965571366
35 0.3674783668347855 0.5778125529873757 0.3487501389561828 0.35380956859647233
35 0.6439872471090251 0.8489608501311515 0.29097187220695986 0.30207829973769684
35 0.7311598771738677 0.5819048637792996 0.24968759263745532 0.23647324645662096
35 0.7620416960327865 0.6581052652305786 0.24968759263745516 0.23647324645662096
35 0.5727907973566941 0.7563542483555376 0.24968759263745516 0.23647324645662096
35 0.44732410877201484 0.935989607619214 0.26592471463952716 0.12802078476157205
35 0.4464958170014012 0.8301959977225654 0.11163532092583353 0.11933533175849824
35 0.46925692080650816 0.8959400488110244 0.11163532092583353 0.11933533175849824