34 0.5736958700668151 0.5186410696829792 0.08030785471036168 0.32544095574818693
34 0.026279261457630647 0.9163527460710587 0.032631781349453805 0.12020549214211726
34 0.029294078771449728 0.7728210698923761 0.04269767202418071 0.18001713978475226
34 0.9347970020687242 0.5495145039244322 0.0833964920432706 0.32246150496239867
34 0.8722606394016331 0.5434785196401979 0.0833964920432706 0.3224615049623988
34 0.8120407547342241 0.5352079472666225 0.0818158107097254 0.3208262303552928
34 0.7518663234006787 0.5308436248930469 0.08027149204327078 0.32231595574818706
34 0.6932816640674514 0.5288958271265772 0.08027149204327078 0.32231595574818694
34 0.6346424607335879 0.5222605293601076 0.07869081070972524 0.3206806811410811
34 0.5134396227323151 0.5072454973094036 0.08030785471036168 0.3254409557481871
34 0.4563992820655424 0.5038079741500399 0.07718285471036168 0.3252954065339752
34 0.3985231473981334 0.4956465636871231 0.08343285471036169 0.3255865049623988
34 0.3360231473981334 0.4927355794028888 0.08181581070972524 0.3208262303552928
34 0.2758214440642698 0.48602750702931335 0.08343285471036169 0.32558650496239866
34 0.2156015593968607 0.4777569346557378 0.08343285471036159 0.32558650496239866
34 0.15538167472945166 0.46948636228216234 0.08343285471036163 0.32558650496239866
34 0.0928634933959062 0.465012877997928 0.08343285471036163 0.3255865049623988
34 0.038939062062360766 0.460939654052776 0.07096921737745251 0.3281293081055519
34 0.07697760077176789 0.7773844454091048 0.07389312802354438 0.17678513192686934
34 0.07163721479149425 0.9223694596771285 0.0716942813494538 0.12202485731976367
34 0.14186680410563152 0.7843108416039979 0.07551017202418069 0.18154540653397538
34 0.13418266812535787 0.9291866939613627 0.0716942813494538 0.12202485731976367
34 0.1957190574474493 0.849285178245597 0.08463172803945271 0.2944092795695045
34 0.25982701078131293 0.8553029109796453 0.0814703653723619 0.2893941780407093
34 0.3192292827816311 0.8570944471664331 0.07994422803945271 0.2858111056671337
34 0.38332814544872196 0.8601488266121032 0.07994422803945271 0.2797023467757935
34 0.4419764394493583 0.8646565441471145 0.07834536537236189 0.270686911705771
34 0.501360530116131 0.8660210680303493 0.07992604670590726 0.26795786393930143
34 0.5623162114496765 0.8690026728689135 0.07988968403881636 0.26199465426217294
34 0.62408041478354 0.8743280277074778 0.08136127737108918 0.25134394458504444