34 0.584375 0.5 0.053125 0.28828125
34 0.0890625 0.92890625 0.06015625 0.1421875
34 0.0890625 0.7796875 0.06015625 0.15859375
34 0.03125 0.92890625 0.06015625 0.1421875
34 0.03125 0.78359375 0.06015625 0.1609375
34 0.9109375 0.49609375 0.05546875 0.2859375
34 0.8546875 0.49609375 0.05546875 0.2859375
34 0.8 0.4953125 0.05546875 0.28359375
34 0.7453125 0.49609375 0.053125 0.2859375
34 0.6921875 0.49921875 0.053125 0.2859375
34 0.6390625 0.4984375 0.053125 0.28359375
34 0.5296875 0.4953125 0.053125 0.28828125
34 0.478125 0.496875 0.05078125 0.28828125
34 0.4265625 0.4953125 0.05546875 0.28828125
34 0.3703125 0.4984375 0.05546875 0.28359375
34 0.315625 0.496875 0.05546875 0.28828125
34 0.2609375 0.4953125 0.05546875 0.28828125
34 0.20625 0.49375 0.05546875 0.28828125
34 0.15 0.4953125 0.05546875 0.28828125
34 0.096875 0.496875 0.05546875 0.290625
34 0.04140625 0.49375 0.0578125 0.290625
34 0.146875 0.778125 0.05546875 0.15390625
34 0.14765625 0.92890625 0.0578125 0.1421875
34 0.20546875 0.7796875 0.0578125 0.15859375
34 0.20390625 0.92890625 0.0578125 0.1421875
34 0.25625 0.85078125 0.06015625 0.2953125
34 0.31484375 0.85234375 0.0578125 0.2953125
34 0.36875 0.85078125 0.05546875 0.2953125
34 0.4265625 0.85078125 0.05546875 0.2953125
34 0.4796875 0.853125 0.05546875 0.29296875
34 0.534375 0.85078125 0.05546875 0.2953125
34 0.5890625 0.85078125 0.05546875 0.2953125
34 0.64453125 0.853125 0.0578125 0.290625