34 0.4484640859323741 0.39631533966693633 0.33028436068413447 0.13914403417751764
34 0.9502640774922361 0.8465884051189778 0.03644151878308044 0.09001724623907634
34 0.8552407375683483 0.875110558721617 0.19176568874502423 0.11014319279472176
34 0.8696414771882249 0.9248066818411551 0.1860595168059141 0.08500680047485361
34 0.37771382311797386 0.05948527790931152 0.32582235376405233 0.10624060596427232
34 0.3883993137264337 0.10438024076229295 0.3304116946765232 0.14226903417751768
34 0.39929305136914406 0.16336043566858577 0.3272230276803289 0.14061560596427233
34 0.4109362055137572 0.22314461262818988 0.32872186068413445 0.13909857007089502
34 0.425831693650759 0.27989471780103936 0.32872186068413445 0.13909857007089502
34 0.4351947647915666 0.33804819860070945 0.3255331936879401 0.13744514185764958
34 0.4553560730807928 0.4575256243066724 0.33028436068413447 0.13914403417751764
34 0.46715839471589193 0.5134035512662765 0.3301570266917457 0.13601903417751765
34 0.4765851328528939 0.5699945320659466 0.33197419467652334 0.14231449828414036
34 0.4905402034994098 0.6306281551854849 0.32722302768032885 0.1406156059642722
34 0.5005890241459257 0.6911481180384662 0.3319741946765232 0.14231449828414036
34 0.5106696782905388 0.7508868308914476 0.3319741946765232 0.14231449828414036
34 0.5207503324351519 0.8106255437444292 0.33197419467652334 0.14231449828414036
34 0.5338923195835706 0.872017684810656 0.33197419467652334 0.14231449828414036
34 0.5448497242224754 0.9291276992607835 0.3335366946765232 0.14174460147843285
34 0.5518199658195184 0.9585723326073072 0.32888368676785795 0.08285533478538554
34 0.8429118339180267 0.8129598997087015 0.1853246877564409 0.10527383636823098
34 0.9458113408381088 0.7831025666391757 0.050440351786885884 0.08886392319868044
34 0.8314596807619967 0.7484882227490972 0.19007585475263547 0.10697272868809904
34 0.9412631036896901 0.7219604781593736 0.06450285178688589 0.08927310015828453
34 0.8521661115983555 0.6818235599752581 0.24740819368794006 0.1351719365265156
34 0.8485264584423255 0.6175792035487675 0.2597808596955513 0.13241064937949715
34 0.8438190538034209 0.5603433650689654 0.27377969269935687 0.13125732633910125
34 0.8393344836511965 0.49763877658916333 0.28784219269935685 0.13166650329870536
34 0.8331282460084862 0.4387949740027386 0.2909035257031626 0.13019493151195075
34 0.8206401748676788 0.38055056498982304 0.29409219269935677 0.13184835972519604
34 0.8089970207230657 0.32076638803021895 0.2940921926993568 0.13184835972519604
34 0.799793117072744 0.25870665723054886 0.2910308596955513 0.13331993151195062