34 0.34296875 0.89140625 0.0453125 0.1734375
34 0.29921875 0.9015625 0.0453125 0.18046875
34 0.25390625 0.90859375 0.0484375 0.1828125
34 0.20546875 0.9109375 0.0484375 0.17578125
34 0.16328125 0.91328125 0.0484375 0.1734375
34 0.1140625 0.915625 0.053125 0.165625
34 0.0609375 0.9171875 0.05078125 0.15859375
34 0.0203125 0.9203125 0.040625 0.15625
34 0.5265625 0.68359375 0.03828125 0.1703125
34 0.490625 0.68359375 0.03828125 0.1703125
34 0.446875 0.69140625 0.040625 0.1734375
34 0.4078125 0.69140625 0.040625 0.1734375
34 0.36875 0.69765625 0.040625 0.1734375
34 0.328125 0.703125 0.040625 0.178125
34 0.2859375 0.7078125 0.04296875 0.178125
34 0.24375 0.7078125 0.04296875 0.178125
34 0.1984375 0.71953125 0.03828125 0.1734375
34 0.159375 0.7203125 0.03828125 0.178125
34 0.1203125 0.721875 0.03828125 0.178125
34 0.08125 0.7234375 0.03828125 0.18046875
34 0.03984375 0.725 0.0453125 0.18046875
34 0.5265625 0.49140625 0.03828125 0.1734375
34 0.490625 0.49296875 0.03828125 0.1734375
34 0.453125 0.4921875 0.03828125 0.17578125
34 0.4140625 0.49375 0.040625 0.178125
34 0.3734375 0.49609375 0.04296875 0.1828125
34 0.33125 0.496875 0.04296875 0.18515625
34 0.2890625 0.4984375 0.04296875 0.18515625
34 0.25234375 0.51875 0.0359375 0.15390625
34 0.21640625 0.5203125 0.0359375 0.15390625
34 0.18046875 0.521875 0.0359375 0.15390625
34 0.14296875 0.521875 0.0359375 0.15859375
34 0.1109375 0.5234375 0.03359375 0.15859375
34 0.0734375 0.525 0.04296875 0.15859375
34 0.4328125 0.0328125 0.02421875 0.0625
34 0.01328125 0.153125 0.0265625 0.134375
34 0.0359375 0.52265625 0.03828125 0.1609375
34 0.5453125 0.32734375 0.02421875 0.1296875
34 0.52109375 0.32734375 0.0265625 0.1296875
34 0.4921875 0.32421875 0.02890625 0.1296875
34 0.328125 0.321875 0.02890625 0.134375
34 0.2984375 0.3203125 0.02890625 0.13671875
34 0.26875 0.31953125 0.02890625 0.1390625
34 0.240625 0.31953125 0.02890625 0.1390625
34 0.2109375 0.3171875 0.03125 0.14453125
34 0.1796875 0.3171875 0.03125 0.14453125
34 0.1484375 0.315625 0.03125 0.14453125
34 0.115625 0.315625 0.03359375 0.14453125
34 0.0828125 0.315625 0.03359375 0.146875
34 0.05 0.3140625 0.03359375 0.146875
34 0.0171875 0.3140625 0.03125 0.146875
34 0.603125 0.1890625 0.02421875 0.11796875
34 0.58125 0.1875 0.02421875 0.115625
34 0.5578125 0.1859375 0.02421875 0.11796875
34 0.5359375 0.18359375 0.02421875 0.1203125
34 0.5109375 0.1828125 0.02421875 0.12265625
34 0.48671875 0.1796875 0.0265625 0.12265625
34 0.2765625 0.19375 0.09140625 0.07421875
34 0.2765625 0.12109375 0.09140625 0.0765625
34 0.1859375 0.18984375 0.09375 0.0765625
34 0.1859375 0.11484375 0.09375 0.0765625
34 0.096875 0.1890625 0.08671875 0.06953125
34 0.09453125 0.121875 0.0890625 0.07421875
34 0.0359375 0.1546875 0.03125 0.134375
34 0.384375 0.88671875 0.04296875 0.1734375