34 0.42527032931142744 0.04922099276391077 0.0838343413771451 0.09844198552782155
34 0.38101189782308176 0.042554912935727295 0.08172620435383653 0.08510982587145459
34 0.33524553003706686 0.034408220262673574 0.08263393992586625 0.06881644052534715
34 0.28635416225105204 0.026302471167184725 0.08041667549789597 0.05260494233436945
34 0.24360366706037545 0.021157947761436376 0.07841766587924912 0.04231589552287275
34 0.19234126742319516 0.013956279398642158 0.0809424651536097 0.027912558797284315
34 0.5643154380269497 0.2535002204898162 0.08618058057737184 0.19011374491161737
34 0.5271155383897693 0.24687176221293025 0.08618058057737184 0.19011374491161737
34 0.4840203028177396 0.2304146025565633 0.09097720798203354 0.19348440637700656
34 0.44372268503172474 0.22316866858993684 0.09097720798203354 0.19348440637700665
34 0.4052058220550333 0.20959084746818063 0.09097720798203354 0.19348440637700656
34 0.3651264590783419 0.1960949135015542 0.09275796279135698 0.19981629353213637
34 0.322676064250485 0.18350306026762236 0.09593752649368784 0.20154256784239588
34 0.2784994783156356 0.1756805941888203 0.09593752649368784 0.20154256784239583
34 0.23554065199943303 0.15531718453245333 0.08785220798203355 0.19332063206674716
34 0.19605156606458357 0.14724905698826202 0.08963296279135698 0.19965251922187685
34 0.15658976198089952 0.1383996794440707 0.08963296279135698 0.19965251922187685
34 0.11556545789721555 0.12963218905500912 0.08968752649368783 0.20121501922187685
34 0.08308034011120068 0.1219768193127339 0.07702383538669529 0.19587242198083882
34 0.5112648159797655 0.4551346415661438 0.08785220798203355 0.19332063206674702
34 0.47409219819375065 0.4477249332892579 0.08785220798203355 0.19332063206674716
34 0.4361110485565704 0.4411374185899368 0.08796133538669526 0.19644563206674714
34 0.3950867444728864 0.43236992820087516 0.09275796279135698 0.19981629353213637
34 0.3533357540915333 0.4220808813893786 0.0961012176006804 0.2062300678423959
34 0.3107489500078492 0.41339527815544674 0.09771828130301126 0.2078744549975257
34 0.26740817777533066 0.40396936849907983 0.09771828130301126 0.20787445499752555
34 0.23565966997078233 0.3752202487568046 0.07933037985173241 0.17259869629109836
34 0.1992955840359329 0.3669883469023537 0.07933037985173241 0.17259869629109828
34 0.16215024810108347 0.35879738862546773 0.07933037985173241 0.17259869629109836
34 0.12336056661273773 0.3530320675037116 0.08105657095872498 0.17736808344622812
34 0.09087544882672287 0.34537669776143637 0.07943950725639412 0.17572369629109835
34 0.052976144743038855 0.3364454330621153 0.09048613466105586 0.17942190637700667
34 0.28682031045265194 0.9199728267759657 0.04151786660488854 0.07235967887824372
34 0.027666153813531536 0.3340950390095806 0.05533230762706307 0.1749048247398008
34 0.4848411813187097 0.6311991745828307 0.05954366950744614 0.14192855042954128
34 0.4600321542768677 0.6270406190649067 0.06272323320977691 0.1436548247398008
34 0.4296998135326948 0.6247311685899368 0.06584823320977709 0.1438185990500603
34 0.2598610286863045 0.5977603120766447 0.06762898801910042 0.15015048620519006
34 0.22880200164446252 0.5939293051792397 0.06930061542376213 0.15335737336031982
34 0.19779753830495136 0.5885357982818348 0.06935517912609299 0.15491987336031982
34 0.16910954311427479 0.5838007106517351 0.06935517912609299 0.15491987336031982
34 0.13726926607243278 0.5800106473318951 0.07264387023308556 0.15977114767057934
34 0.10470230273292165 0.5746990275896199 0.07264387023308558 0.15977114767057934
34 0.07288930754224507 0.5701277142697798 0.07264387023308558 0.15977114767057934
34 0.03800587605389934 0.5641576752601992 0.07426093393541644 0.16141553482570908
34 0.02055800354337906 0.5570788376300996 0.04111600708675812 0.1639673247398008
34 0.0034523490968753423 0.5525108463365269 0.006904698193750685 0.16060330732694617
34 0.5058654655321279 0.7884008429456248 0.05759922359113005 0.13090916327441154
34 0.48334562478795495 0.7856819566950064 0.05598215988879929 0.12926477611928178
34 0.45848203404378207 0.7830859011770823 0.05759922359113005 0.1309091632744117
34 0.43518094329960927 0.7804079585040286 0.057653787293461004 0.13247166327441154
34 0.40956338440660184 0.7770715965636694 0.05776291469812271 0.13559666327441153
34 0.38389126181126354 0.7752977346233104 0.06094247840045366 0.13732293758467087
34 0.1712846236068286 0.7224947184536512 0.11593751324684395 0.10433337516934209
34 0.1514507840437821 0.7991767271600786 0.11604664065150563 0.10745837516934209
34 0.07659960618363346 0.7095210849165661 0.11917164065150562 0.10762214947960161
34 0.05774424569642174 0.7885877872005583 0.11548849139284348 0.10762214947960161
34 0.019174063617512845 0.6921532004749699 0.03834812723502569 0.09694359905006031
34 0.010161162166234016 0.7628751362506186 0.02032232433246803 0.09924972749876275
34 0.4679935426509386 0.05510582259209425 0.08276291469812272 0.1102116451841885