34 0.5510689374787955 0.06790239371385046 0.09473712504240908 0.1358047874277009
34 0.5935565378416152 0.058203167119598796 0.09413692431676957 0.11640633423919759
34 0.639950388204435 0.04842205337021739 0.09509922359113006 0.09684410674043478
34 0.6879067385672546 0.03855905246570624 0.09293652286549073 0.07711810493141248
34 0.7311210252277435 0.030381382293889713 0.0908829495445131 0.060762764587779426
34 0.7783506892928941 0.01903776854450831 0.09329862141421189 0.03807553708901662
34 0.8309945396557137 0.009010993329737654 0.08801092068857264 0.018021986659475308
34 0.864861108167368 0.00005207315792112588 0.06715278366526398 0.00010414631584225175
34 0.4105803136175129 0.301327968114967 0.0875248257680484 0.18394563206674713
34 0.44759916398033256 0.2908098699694178 0.0875248257680484 0.18394563206674713
34 0.49044142840830285 0.26984891678091455 0.09075895317271013 0.18723440637700664
34 0.5298585924734533 0.2576454879026707 0.09075895317271013 0.18723440637700664
34 0.5679042294967619 0.24005519617955667 0.09075895317271013 0.18723440637700656
34 0.6082936165200705 0.22234207372374798 0.09253970798203355 0.1935662935321364
34 0.649464253543379 0.20458800769037447 0.09410220798203354 0.19364818068726608
34 0.6927876676085296 0.1921798609243063 0.09410220798203354 0.19364818068726608
34 0.734985091292327 0.16735360131336788 0.08919645317271012 0.18715251922187687
34 0.773648287208643 0.15440986601268894 0.09097720798203354 0.19348440637700662
34 0.8130927331249589 0.14142518713444513 0.09097720798203354 0.19348440637700656
34 0.8525644608924404 0.12765925825620134 0.09103177168436431 0.1950469063770066
34 0.8943799386599217 0.11377049864526292 0.09733633538669509 0.1969369549975256
34 0.45227919637965214 0.49175821630594463 0.08919645317271012 0.18715251922187687
34 0.48859864229596817 0.4789373117379604 0.08919645317271012 0.1871525192218769
34 0.5263987426587878 0.46837827001484633 0.08930558057737184 0.1902775192218769
34 0.5658431885751039 0.45539359113660255 0.09253970798203355 0.19356629353213642
34 0.6069046981937507 0.44076452510322905 0.0942658990890262 0.19833568068726604
34 0.6495014259612322 0.42683482191472566 0.09588296279135697 0.1999800678423959
34 0.6913169037287135 0.4129460623037873 0.09588296279135697 0.19998006784239591
34 0.7236036140729998 0.38162081920119223 0.08072918874473985 0.16799308344622813
34 0.7606770281381504 0.36954022105564305 0.08072918874473985 0.16799308344622813
34 0.7962152240544663 0.35676026006522366 0.08072918874473985 0.16799308344622813
34 0.8340153244172861 0.3462012183421096 0.0824553798517325 0.17276247060135788
34 0.866373956631271 0.33514753166194966 0.07927581614940138 0.17103619629109837
34 0.9035019343987527 0.3215044335164005 0.08875994355406328 0.1746525192218768
34 0.6458952100898323 0.9097325310961228 0.037847229581580065 0.05657090456798421
34 0.9412474710592414 0.31250789179328653 0.08563494355406327 0.1744887449116174
34 0.46904256652791976 0.6593208525565633 0.06099704210278443 0.13888543758467123
34 0.4934795713372431 0.6518016016520521 0.06417660580511537 0.14061171189493055
34 0.5233034805930703 0.6463394957045868 0.06573910580511537 0.14069359905006032
34 0.6887027913001763 0.5994600944159629 0.06746529691210804 0.14546298620519008
34 0.7201437642583343 0.5923536013133679 0.06751986061443879 0.14702548620519007
34 0.7500768009188231 0.5837664953659025 0.06919148801910033 0.15023237336031983
34 0.778447337579312 0.5752612765735671 0.06919148801910033 0.15023237336031983
34 0.80910706053747 0.5681957270485369 0.07253474282842376 0.15664614767057933
34 0.8406298790491242 0.5587454839459418 0.07253474282842376 0.15664614767057933
34 0.8720981338584476 0.5508577408433468 0.07253474282842376 0.15664614767057933
34 0.9059919842212674 0.5405034170080572 0.07565974282842376 0.15680992198083885
34 0.9398312708817563 0.5317115931727675 0.07571430653075453 0.15837242198083884
34 0.9588540893934105 0.5229164473112105 0.04758930653075453 0.15689845318850323
34 0.4410390736994959 0.8136332163059447 0.05749009618646852 0.12778416327441144
34 0.463050482955323 0.808580546134128 0.057380968781806804 0.12465916327441144
34 0.48740564221115007 0.8034050452296171 0.05749009618646852 0.12778416327441144
34 0.5101983014669773 0.7983114314802355 0.05910715988879929 0.1294285504295413
34 0.5353892744251352 0.7915324869981596 0.059161723591130054 0.1309910504295413
34 0.5596898699786316 0.7879194860936485 0.062341287293461 0.1327173247398008
34 0.7690400773276929 0.7106631880389562 0.11275794954451293 0.10260710085908258
34 0.7852528651693081 0.7823367921773993 0.11437501324684404 0.10425148801421233
34 0.8618823417556631 0.687081845886301 0.11599207694917482 0.1058958751693421
34 0.8780132840437821 0.7610992000247438 0.11599207694917482 0.1058958751693421
34 0.9377007972906259 0.6597137624400728 0.07821925843752027 0.09611808344622812
34 0.9439210262392338 0.7272321330868592 0.06119544954451293 0.09990482473980081
34 0.5109796508183067 0.07595723315297234 0.0936656983633867 0.15191446630594468