34 0.23937565703600056 0.8407103693163094 0.11988005437207461 0.25972164772652384
34 0.0255969303048862 0.7897443384737585 0.0511938606097724 0.25761367694751697
34 0.058481720323914244 0.8054199314117438 0.11696344064782849 0.25670574188232537
34 0.11917324498272204 0.8167216700476582 0.11831755437207461 0.25969437418757335
34 0.1788519925112641 0.8294904512972462 0.11669138737588018 0.2581046006486232
34 0.033508883878658045 0.4585079752432337 0.06701776775731609 0.2951409504864674
34 0.06409767414483189 0.4717443607948928 0.12819534828966378 0.2942602889602259
34 0.12798314817593304 0.4853898494308071 0.12896589429596245 0.2911080154212755
34 0.1883794787082807 0.49973476744987033 0.1305920612921568 0.2926977889602259
34 0.2511195592406284 0.5141205957773591 0.1306557282883512 0.2942602889602259
34 0.31008072376536483 0.5253132402574721 0.12896589429596245 0.29110801542127546
34 0.3713538047920041 0.5373280450460105 0.12740339429596242 0.2910807418823252
34 0.9215527815602995 0.6571664013733812 0.11614755931499054 0.2830773271096728
34 0.9393556827763441 0.33537322199023223 0.10677255931499019 0.2829136858759707
34 0.9694105973010807 0.3460613059997638 0.04538939034162972 0.27091251785690745