34 0.40732572726258703 0.09851830789277316 0.122848545474826 0.19703661578554632
34 0.10413440167315517 0.06937411974227521 0.08860619665368964 0.13874823948455042
34 0.14990981669218323 0.07649057892367232 0.12830536661563352 0.15298115784734465
34 0.2183733152093085 0.0816793679332529 0.12575336958138303 0.1633587358665058
34 0.28361631323214215 0.08921190694283349 0.11714237353571573 0.17842381388566697
34 0.3458934787454617 0.09304291384023845 0.11758804250907655 0.1860858276804769
34 0.03898956273785053 0.3414981032339318 0.07797912547570106 0.3013787935321363
34 0.07229817536197033 0.3493615128902988 0.13885023026551757 0.3081953595655099
34 0.13809958889812363 0.36072505879728434 0.1371603962731288 0.30498847241038013
34 0.20090333642666564 0.3691273790145294 0.13872289627312873 0.3050703595655099
34 0.26520591695901335 0.3790103120766447 0.13885023026551754 0.3081953595655099
34 0.32482099749136106 0.38913890660414924 0.1371603962731287 0.30498847241038013
34 0.38749741102751434 0.4006662268213943 0.1371603962731288 0.30498847241038013
34 0.9357837193167405 0.4904281739054621 0.09608972729976806 0.29192190637700666
34 0.8208975710664455 0.8036042825664609 0.1289658942959626 0.29520403663473127
34 0.8735132350968904 0.8133201192920492 0.11602022532260178 0.2836114393936932