34 0.3421875 0.1265625 0.0625 0.24765625
34 0.0296875 0.12265625 0.05546875 0.2453125
34 0.0859375 0.1234375 0.071875 0.246875
34 0.1546875 0.12265625 0.06953125 0.2453125
34 0.2203125 0.1265625 0.06015625 0.25
34 0.28125 0.125 0.06015625 0.25
34 0.0296875 0.4484375 0.05546875 0.28828125
34 0.0875 0.4484375 0.06484375 0.28359375
34 0.153125 0.4484375 0.0625 0.28125
34 0.215625 0.446875 0.06484375 0.28125
34 0.2796875 0.446875 0.06484375 0.28359375
34 0.3390625 0.446875 0.0625 0.28125
34 0.4015625 0.4484375 0.0625 0.28125
34 0.9671875 0.446875 0.06015625 0.27421875
34 0.91484375 0.7625 0.0578125 0.27421875
34 0.96953125 0.76328125 0.0484375 0.2640625