35 0.7390625 0.1671875 0.259375 0.05546875
35 0.740625 0.2125 0.259375 0.05078125
35 0.73671875 0.4515625 0.2515625 0.053125
35 0.73828125 0.578125 0.2515625 0.053125
35 0.75625 0.62890625 0.25390625 0.0515625
35 0.7625 0.6796875 0.25390625 0.05546875
35 0.9265625 0.5875 0.146875 0.04453125
35 0.95 0.671875 0.09765625 0.06875
35 0.1390625 0.7953125 0.12109375 0.13359375
35 0.0453125 0.8 0.08984375 0.134375
35 0.153125 0.59453125 0.10078125 0.1453125
35 0.05 0.58984375 0.1 0.1453125
35 0.171875 0.40546875 0.10078125 0.1453125
35 0.065625 0.40234375 0.084375 0.1453125
35 0.025 0.175 0.05 0.134375
35 0.07421875 0.1734375 0.0515625 0.13359375
35 0.94375 0.2140625 0.11171875 0.04921875
35 0.4890625 0.45 0.24296875 0.06015625
35 0.3140625 0.4 0.109375 0.053125
35 0.3109375 0.4515625 0.109375 0.053125
35 0.346875 0.5421875 0.17421875 0.03984375
35 0.31875 0.59375 0.21015625 0.05390625
35 0.5171875 0.66328125 0.22734375 0.0609375
35 0.525 0.603125 0.20546875 0.04921875
35 0.5265625 0.56328125 0.20078125 0.0453125
35 0.253125 0.6640625 0.24609375 0.06484375
35 0.5125 0.8625 0.22734375 0.08046875
35 0.528125 0.7859375 0.21171875 0.06484375
35 0.4828125 0.2140625 0.25625 0.046875
35 0.2296875 0.215625 0.24765625 0.04921875
35 0.2296875 0.1625 0.24765625 0.053125
35 0.74765625 0.86875 0.2359375 0.05390625
35 0.75546875 0.81875 0.2359375 0.06953125
35 0.93046875 0.8703125 0.1390625 0.08203125
35 0.73984375 0.7578125 0.2078125 0.03515625