35 0.2917516360211103 0.9195316554404567 0.28405030452090285 0.1252217370110614
35 0.2803608475521173 0.8720935937520595 0.28234233415618065 0.11894446347211093
35 0.23296374316305504 0.6269271440763712 0.27452983415618065 0.11880809577735932
35 0.20473225323104124 0.4977851148553779 0.27452983415618065 0.11880809577735914
35 0.1746096485576385 0.4498930856343847 0.2760923341561806 0.11883536931630942
35 0.15780466147541633 0.40020673133231366 0.27776393692972234 0.12355014285525985
35 0.045016986797881735 0.5288011099841139 0.09003397359576347 0.07052278003177222
35 0.01244152935093733 0.44813749107154627 0.02488305870187466 0.08185001785690744
35 0.7788672695672915 0.12228709375535482 0.160104964665139 0.168352353895034
35 0.8740349524129514 0.09329329464885927 0.12402199430041669 0.16147506249917618
35 0.806806512349097 0.33108934943739765 0.14153680262104196 0.17583757142762996
35 0.913511107238854 0.30970349878877457 0.13681293502986094 0.1741932508107789
35 0.827169644473576 0.5298717228141923 0.14153680262104168 0.17583757142762976
35 0.9323844745456942 0.5053881457045195 0.11486519984750032 0.17068642126547412
35 0.9588878506862493 0.7423290381560376 0.05036628875333378 0.1508182061685101
35 0.09578517259024229 0.9174857345787245 0.07649107123840282 0.0653716298696164
35 0.4905775278323259 0.5638605336885154 0.2668264369297223 0.1233592280826075
35 0.682510454694062 0.5714433883976235 0.12689111474138884 0.08343188311602709
35 0.6743901365897912 0.5177007796313255 0.126891114741389 0.08343188311602709
35 0.6185414865135412 0.4343349005724882 0.1909899823325695 0.08611259821299111
35 0.6355666387739927 0.37390591518298477 0.23056162860909737 0.1086694366867496
35 0.4165990864372914 0.35351909740550747 0.25116506933854177 0.12152399269310407
35 0.4205767651988886 0.4174861400191814 0.2257650258355557 0.10390011606989868
35 0.42664427403260374 0.4587696590939048 0.21936955547083342 0.09754102191409722
35 0.689165723880104 0.28550588839762353 0.2716594072944446 0.12969104869945847
35 0.3784126746775346 0.14880036972664187 0.2562889804327084 0.14035581330995503
35 0.3788471261405554 0.23079070941821636 0.2355400693385418 0.12125125730360065
35 0.5474405511993397 0.8049570921305017 0.277545731382639 0.1141751428552599
35 0.8082338872553813 0.7394921846647453 0.2697695989738194 0.11560127516050826
35 0.8194610215640619 0.7939614963531426 0.27140483415618066 0.11875354869945838
35 0.1335534631465276 0.2007112918028949 0.2588320989738196 0.11541036038785579
35 0.1354237812507984 0.2545629947249942 0.26235714247680564 0.13265240746575646
35 0.01266169452916659 0.23958465137997176 0.02532338905833318 0.10520569724005649
35 0.1645287465815275 0.3126249107154626 0.22387521751493064 0.08981034253094826