35 0.20355087737875546 0.15491182224170413 0.27544095574818706 0.08130809577735913
35 0.2028937518620268 0.20254079870275374 0.27522263192686947 0.07662059577735916
35 0.2124527266357484 0.44982885592692423 0.26911818114108116 0.0796365016215578
35 0.21418854694240932 0.5801612382321725 0.26911818114108116 0.0796365016215578
35 0.19679768569370432 0.6351078368522007 0.27053513192686945 0.07653877516050808
35 0.19123473635565807 0.6875061339301014 0.27075345574818704 0.08122627516050826
35 0.04898211673008699 0.605899398133561 0.09796423346017398 0.055225062499176046
35 0.025305945204217018 0.6952891806009649 0.050611890408434036 0.07778980925276535
35 0.843210305214577 0.7510648843404338 0.1412158130679507 0.14922052434972918
35 0.9269132171252359 0.7472620000065906 0.0818408130679508 0.1481841298696164
35 0.8223841906561031 0.5445654683499654 0.12290246071058561 0.158268241882325
35 0.92374763751295 0.5303063250876685 0.10883996071058562 0.15802278003177203
35 0.7986321292407823 0.3506069626679225 0.12290246071058579 0.1582682418823252
35 0.9092978014905233 0.3377466781719235 0.10571496071058561 0.15796823295387147
35 0.9446146790741665 0.0990426883181933 0.06450776385373871 0.14475912094116258
35 0.8945782917706137 0.10069669156460417 0.06912248924663303 0.1432784415580136
35 0.02677436166298977 0.21976702922099323 0.05354872332597954 0.05734094155801357
35 0.4703936592245716 0.42581110876959327 0.2599615049623988 0.08416036038785571
35 0.6507575554194647 0.3578718120987297 0.11860875889134022 0.06608074188232518
35 0.6560957187778655 0.41086044440397795 0.11860875889134022 0.06608074188232518
35 0.6203700804408554 0.5074996651829847 0.18684933664159917 0.056343277596140065
35 0.650781018406362 0.5584894208650276 0.22522263192686937 0.07574784253094827
35 0.446742027711987 0.648699183850671 0.2427012303552928 0.08229785145940198
35 0.43637176199622124 0.586431008931749 0.2186087588913402 0.06782624837514692
35 0.4335764017809735 0.5458878295486 0.2153382096771285 0.06464670129724617
35 0.7210528229972573 0.6251763145343616 0.26486732878371627 0.08892968100470675
35 0.4559221668775667 0.853840651383267 0.2452825748547749 0.10420012499835245
35 0.43768589723285956 0.7760974809285719 0.2288570541766104 0.08673988960884885
35 0.47088177254019126 0.1806895235422456 0.27187930810555194 0.07187854869945846
35 0.7334010432183556 0.15893370576806368 0.26250430810555175 0.07171490746575646
35 0.7328231544670606 0.10430075284596436 0.2627954065339754 0.07796490746575642
35 0.21182541046742592 0.8823004366900449 0.25185790653397533 0.07777399269310407
35 0.2016905851983663 0.8317373750016476 0.25414815260503393 0.09342626623205427
35 0.049627394956548 0.8993630259745824 0.099254789913096 0.09420574188232536
35 0.21639309408970644 0.7674703234595202 0.21966183664159916 0.05691602191409721