34 0.61953125 0.5015625 0.0484375 0.23828125
34 0.66796875 0.50546875 0.0484375 0.2328125
34 0.71484375 0.5015625 0.0453125 0.23828125
34 0.76015625 0.5015625 0.0453125 0.23828125
34 0.8140625 0.5 0.05078125 0.23828125
34 0.9171875 0.5 0.05546875 0.23828125
34 0.8640625 0.4984375 0.05078125 0.23828125
34 0.515625 0.15625 0.05078125 0.25234375
34 0.5671875 0.15546875 0.053125 0.2546875
34 0.6203125 0.15625 0.05078125 0.25234375
34 0.66953125 0.1578125 0.0484375 0.24765625
34 0.7203125 0.159375 0.053125 0.24765625
34 0.7734375 0.1578125 0.053125 0.25
34 0.8265625 0.1546875 0.053125 0.25234375
34 0.878125 0.15625 0.053125 0.25234375
34 0.93125 0.15625 0.053125 0.25234375
34 0.978125 0.15234375 0.04296875 0.2546875
34 0.32421875 0.50625 0.0484375 0.23828125
34 0.371875 0.50546875 0.05078125 0.2359375
34 0.421875 0.50546875 0.05078125 0.2359375
34 0.4703125 0.50546875 0.05078125 0.2359375
34 0.51875 0.50390625 0.05078125 0.2328125
34 0.56953125 0.5015625 0.0484375 0.23828125