34 0.6228068204443876 0.5117064364673052 0.08686699344127931 0.25881449400955014
34 0.6732195782463037 0.520511006793058 0.08653944482076029 0.25256449400955017
34 0.7231376910911741 0.5238195452676454 0.0837419934412793 0.25870536660488846
34 0.7713704732033497 0.5294172700399018 0.0837419934412793 0.25870536660488846
34 0.8281970053155252 0.5353150951749781 0.0884294934412793 0.2588690577118811
34 0.9347369323847466 0.5484277087846416 0.09007388059640889 0.2604861214142119
34 0.8811991745828307 0.5395140110542271 0.0884294934412793 0.2588690577118811
34 0.5629802775896199 0.14488846949959694 0.08621189620024125 0.24631449400955022
34 0.6173811725466657 0.1522669490811769 0.08950067051050077 0.24954862141421197
34 0.6734264546588413 0.15813749236508773 0.08621189620024125 0.24631449400955022
34 0.7247432931934521 0.16462559454200595 0.08464939620024126 0.2462599303072194
34 0.778362938150498 0.1719767922724205 0.08950067051050077 0.2495486214142119
34 0.8351075831075437 0.17943711740749674 0.08950067051050077 0.24954862141421197
34 0.8911938087972843 0.18452641069140752 0.08933689620024125 0.24642362141421198
34 0.9448134537543302 0.19187760842182205 0.08941878335537119 0.24798612141421192
34 0.9766399858665057 0.1969024143196046 0.04246189620024125 0.24478671034428628
34 0.31075387777133395 0.4773289141499686 0.08686699344127931 0.25881449400955014
34 0.3621526034610745 0.4822545163268869 0.0882657191310198 0.2557440577118811
34 0.4150319419956852 0.4887971822061359 0.0882657191310198 0.25574405771188113
34 0.4655675305302959 0.4952580025318888 0.0882657191310198 0.2557440577118811
34 0.5169662562200364 0.500183604708807 0.08810194482076028 0.2526190577118811
34 0.5699274819097769 0.5051637705880561 0.08686699344127931 0.25881449400955014