34 0.3855077914671067 0.485577539109603 0.06871468032537571 0.26641322625188946
34 0.33237370110802705 0.4809208602127601 0.06711581888905727 0.26007222099021765
34 0.2816333577238853 0.484994439208425 0.06558058996629619 0.2646687157285459
34 0.23242824326250472 0.48447152346576183 0.06558058996629616 0.2646687157285459
34 0.17308051433974359 0.4857008235222315 0.0718396803253758 0.2665952367752332
34 0.061398125776062074 0.4854439473126943 0.07652718032537578 0.2668682525602488
34 0.11842028541698246 0.4872031393637168 0.07183968032537578 0.2665952367752332
34 0.5197025469280556 0.8620161826666288 0.07193058391617199 0.27596763466674223
34 0.4650286824666751 0.8607914642719535 0.07351126463433122 0.2784170714560929
34 0.40645311318483435 0.8614516169310242 0.07193058391617199 0.2770967661379514
34 0.35332811318483437 0.8609191733528224 0.06877831283893307 0.2773507262518894
34 0.29786390836437415 0.8584697365634717 0.07346581283893308 0.277623742036905
34 0.2393019746211528 0.8604663341161624 0.07347490319801278 0.27906733176767523
34 0.1815303812370111 0.8615171117752333 0.073493083916172 0.2769657764495335
34 0.1252894715960907 0.86066026706514 0.07349308391617196 0.27867946586972003
34 0.06749515231424993 0.8605391697242106 0.07349308391617196 0.27892166055157863
34 0.031580378211948985 0.8628185184158514 0.03284990319801272 0.2743629631682971
34 0.7064697312604522 0.481622870383168 0.06871468032537571 0.26641322625188946
34 0.654934502337691 0.48330719674799705 0.07183058996629618 0.2650327367752332
34 0.6002606378763105 0.48246576258948226 0.07183058996629618 0.26503273677523326
34 0.5479350685944697 0.48254208632347534 0.07183058996629618 0.26503273677523326
34 0.49483279449216877 0.48335415742663246 0.07024081888905727 0.2602542315135613
34 0.4393958607489473 0.4855922206372818 0.06871468032537571 0.26641322625188957