34 0.9014702571261359 0.19683917952409646 0.13714361348611986 0.25926851006798624
34 0.8290269557933524 0.21804333871840206 0.14491064937949708 0.257887848023889
34 0.720069492940371 0.23307088630545078 0.1303025801000249 0.238810539703264
34 0.6547483698208328 0.2509863913394439 0.12226275956691132 0.23081620174736123
34 0.5949414608079173 0.2672121098043051 0.11886497492717538 0.22136846656500014
34 0.28825560781314596 0.9332787465815275 0.06454588479802066 0.07176720364722229
34 0.3368211399455996 0.9009195350505206 0.07781877461060623 0.09862064437666689
34 0.1851920392585896 0.18228190387597207 0.08267141066226813 0.15806837955902786
34 0.2121409841648824 0.16838240482590258 0.08432483887551348 0.16122974715020838
34 0.2484194649645525 0.1558272002287498 0.08298965940862688 0.16900587955902785
34 0.280101373977468 0.14025609840513864 0.08312605172849494 0.17369337955902786
34 0.31341397915031743 0.12230487899034696 0.08794994404836291 0.1784899823325695
34 0.3939652971761484 0.09081233719659706 0.09272837226160835 0.18162467439319413
34 0.43966424208244115 0.082081882124479 0.09254651583511767 0.164163764248958
34 0.49067281261555457 0.07374205205236092 0.10302937476889085 0.14748410410472185
34 0.5432893472552907 0.06376698679788174 0.1040463054894186 0.1275339735957635
34 0.6014428280549609 0.051375436361041436 0.10336434389007838 0.10275087272208287
34 0.6736588088546309 0.03889296694624974 0.11518238229073816 0.07778593389249948
34 0.7910736293877443 0.029734866072569137 0.11785274122451135 0.059469732145138274
34 0.8539146101874145 0.017143293884235772 0.09217077962517095 0.034286587768471544
34 0.25829325547678333 0.3531197743169442 0.08432483887551348 0.16122974715020835
34 0.2783554220780532 0.8710515035153816 0.06959709765100212 0.08437630642076392
34 0.23330969503930682 0.9166010460684373 0.07125052586424747 0.0875376740119446
34 0.22510840162408208 0.8496499354111109 0.0675344924781526 0.06715243882958362
34 0.20716839535587592 0.7954170303008679 0.06914245658477532 0.06875130642076392
34 0.29608877216983076 0.34209070212861087 0.08450669530200425 0.16747974715020836
34 0.3291285927029442 0.3335144827138191 0.08625105172849494 0.173766114741389
34 0.36214568118274626 0.3257195132990275 0.08625105172849494 0.17376611474138892
34 0.4053872158224824 0.31534440454156215 0.09755226458147633 0.18652068787965287
34 0.44782476840890706 0.3057687295796871 0.09759772868809904 0.18808318787965286
34 0.4927424633151999 0.29145100323104123 0.10402958511458973 0.19447865824437507
34 0.4480949237274059 0.7257902888502427 0.07623955423577726 0.15167290919430557
34 0.3520466378340285 0.7264643957078469 0.07454066191590929 0.14694904160312508
34 0.9377043076674967 0.4809589531754506 0.10249582884638357 0.24909342306201393
34 0.778846133215175 0.5205695798846868 0.11197847743445788 0.19934799620027785
34 0.5430152479549359 0.28091224031326345 0.11064329796757129 0.2071241286090973
34 0.726365990895307 0.5264753941892355 0.09451819279472176 0.1895729526972918
34 0.6723688126820615 0.5308550760849646 0.10848976458147633 0.1867752610179167
34 0.6208063126820615 0.532055206593923 0.08616012351524951 0.17064111474138882
34 0.5786188126820615 0.5330371315557981 0.09236465940862679 0.16922408510611114
34 0.5332153844688163 0.5372167917000342 0.090665767088759 0.16450021751493066
34 0.4957381165221276 0.5373083638883676 0.08896687476889084 0.15977634992375017
34 0.45265570625557083 0.5422147226458329 0.06994409012915473 0.14996493882958345
34 0.4267835280423255 0.5459397879003122 0.06998955423577743 0.15152743882958325
34 0.3932352421489482 0.5451591911106941 0.074586126022532 0.1485115416031249
34 0.3506555663764783 0.10348149059760388 0.08652383636823106 0.18314111474138897
34 0.36191704598901414 0.5482302929343053 0.0727963054894186 0.1406626740119446