34 0.9625 0.3375 0.07421875 0.24296875
34 0.88671875 0.33828125 0.0796875 0.2359375
34 0.78125 0.325 0.06953125 0.22109375
34 0.715625 0.32421875 0.0625 0.2140625
34 0.65625 0.32421875 0.0625 0.2046875
34 0.22734375 0.88203125 0.0484375 0.0578125
34 0.2796875 0.8640625 0.05546875 0.084375
34 0.2875 0.1375 0.04296875 0.146875
34 0.315625 0.13125 0.04296875 0.14921875
34 0.3515625 0.128125 0.040625 0.15859375
34 0.384375 0.121875 0.03828125 0.16328125
34 0.4203125 0.1140625 0.040625 0.16796875
34 0.50390625 0.09765625 0.0453125 0.1828125
34 0.55078125 0.0921875 0.0484375 0.184375
34 0.6015625 0.08984375 0.059375 0.1796875
34 0.6546875 0.08671875 0.0625 0.1734375
34 0.715625 0.0828125 0.06484375 0.165625
34 0.78828125 0.0796875 0.0796875 0.15625
34 0.90390625 0.0875 0.0796875 0.16796875
34 0.96953125 0.0828125 0.0578125 0.165625
34 0.3203125 0.3203125 0.04296875 0.14921875
34 0.2296875 0.8203125 0.05078125 0.06953125
34 0.178125 0.853125 0.05078125 0.07421875
34 0.184375 0.7859375 0.053125 0.053125
34 0.1796875 0.7296875 0.05546875 0.053125
34 0.3578125 0.31875 0.040625 0.15625
34 0.390625 0.31875 0.040625 0.16328125
34 0.4234375 0.3203125 0.040625 0.16328125
34 0.46640625 0.32109375 0.0484375 0.1734375
34 0.50859375 0.3234375 0.0484375 0.17578125
34 0.5546875 0.321875 0.05546875 0.18046875
34 0.42109375 0.72578125 0.0359375 0.1421875
34 0.33046875 0.7015625 0.0359375 0.13671875
34 0.95625 0.6234375 0.084375 0.228125
34 0.7765625 0.61484375 0.06015625 0.1828125
34 0.60390625 0.32421875 0.0578125 0.1921875
34 0.72578125 0.60625 0.0453125 0.178125
34 0.6734375 0.59609375 0.06015625 0.1703125
34 0.625 0.584375 0.04296875 0.15859375
34 0.58515625 0.575 0.0484375 0.15625
34 0.54140625 0.56640625 0.0484375 0.1515625
34 0.50546875 0.5578125 0.0484375 0.146875
34 0.4640625 0.55078125 0.03125 0.1421875
34 0.4390625 0.546875 0.03125 0.14453125
34 0.40703125 0.53828125 0.0359375 0.1390625
34 0.459375 0.10546875 0.03828125 0.1734375
34 0.37734375 0.5328125 0.0359375 0.13203125