34 0.22763691818411552 0.10241675033868428 0.2757849131695506 0.14862336499257683
34 0.2501544273553155 0.17926253335537104 0.2697167695960413 0.1545458163720578
34 0.2644108071387713 0.2938982434412793 0.25212009263643714 0.13958255766563052
34 0.28127770988348055 0.364207421415012 0.2424723079967011 0.129716234734852
34 0.29791729209507645 0.4267040993887446 0.23144387978345565 0.12601802464894388
34 0.978039049616924 0.7757290926028813 0.04392190076615208 0.06898237336031983
34 0.9545758117243712 0.7251182609656756 0.09084837655125746 0.08344766508343397
34 0.20421538552293644 0.8523857728399215 0.16642663354437942 0.08984815128862386
34 0.19011578160372822 0.8235647320213186 0.16798913354437942 0.0899300384437538
34 0.1765473750980952 0.7861908847802805 0.1789266335443794 0.09050324852966192
34 0.16228864680570756 0.7519010939616777 0.18205163354437942 0.09066702283992142
34 0.1456179723533859 0.7151447224103802 0.18205163354437945 0.09066702283992142
34 0.11814017854244978 0.6286782779283041 0.1743300617576248 0.09338258706427265
34 0.10340407713052398 0.5779822371097012 0.17129598997087014 0.09634381275401331
34 0.09248329750535281 0.5243659141789226 0.15750627461060623 0.10498182835784534
34 0.08153978582687031 0.46996834124814424 0.1388017387172289 0.10556168249628843
34 0.06800247156196307 0.40685418758467107 0.11536423871722892 0.10433337516934209
34 0.05410144444407437 0.33124003392119794 0.09238137978345573 0.11873006784239584
34 0.04274274412750525 0.20895559814554918 0.07684730799670107 0.12103619629109834
34 0.02902357343610728 0.13959144448207603 0.05259145407749283 0.09168288896415207
34 0.3847319481384911 0.7830603199901024 0.16798913354437942 0.0899300384437538
34 0.9300528083259056 0.7851173807079507 0.08798338479802084 0.07481629353213641
34 0.9655647875094765 0.8336268017842784 0.06887042498104705 0.0766244549975255
34 0.9059082661643221 0.8400162426483098 0.0691424565847754 0.07070864767057934
34 0.8494453174971056 0.8565586114860739 0.07079588479802083 0.07391553482570927
34 0.37343909547292403 0.743465553481759 0.1773641335443794 0.09042136137453216
34 0.36462638512722506 0.7086811177061103 0.18205163354437942 0.09066702283992142
34 0.35815742478152607 0.6740195126631562 0.1820516335443795 0.09066702283992142
34 0.34590146568946833 0.6281338025772479 0.19647784639736088 0.10390400723608924
34 0.33757448865072187 0.583234060379164 0.19960284639736087 0.10406778154634874
34 0.3229065833987301 0.5348817695605611 0.2045176669304743 0.11212594301173802
34 0.7787988822242312 0.6001171817033188 0.15985838479802048 0.07858310266810484
34 0.7786290491547054 0.7015159073930594 0.15360838479802047 0.07825555404758582
34 0.5279718873053032 0.07603347127872637 0.2621937746106063 0.11046826775153881
34 0.5671888146606187 0.24424123869158093 0.20938702335696496 0.11862160447712729
34 0.3120085358268703 0.48204669662978256 0.21876202335696499 0.11911292740790565
34 0.5719505224990351 0.30065501300184044 0.19951191818411546 0.10094278154634875
34 0.5759309803374517 0.357027843734535 0.19523359514371955 0.11475962008095948
34 0.5759597240692456 0.41163345657940537 0.17901756175762476 0.09362824852966196
34 0.5780139690546806 0.45542440015697017 0.17915395407749274 0.09831574852966192
34 0.5809631243066724 0.5031625373120999 0.17290395407749273 0.0979881999091429
34 0.5813184769722394 0.5421840937345351 0.16817098997087018 0.09618003844375381
34 0.5857619360642972 0.5876603680447946 0.1582049565847754 0.07537621551297527
34 0.5889013079301941 0.6151269487774892 0.16137542069139812 0.07710248982323478
34 0.5883844823825157 0.6509825616223595 0.15673338479802065 0.07841932835784533
34 0.13198136968781887 0.6754271251693421 0.17571070533113403 0.0872144742194024
34 0.5916602465682808 0.683136642355054 0.14731292069139795 0.07636550542706697