35 0.28267579859053 0.7001080425472612 0.23532537799792808 0.08884537314378349
35 0.6888894112869771 0.6969632991865605 0.21846320967712848 0.062191969552987204
35 0.7338722715022247 0.6560655884141721 0.25723461124870506 0.056169228529977744
35 0.06772073262709524 0.665411376561629 0.07649403349844601 0.06605224687674216
35 0.7054432487571457 0.4483621727231274 0.2784204065339754 0.0750374031980126
35 0.7034590636871231 0.3889826275435876 0.2879409557481871 0.07821694535249044
35 0.48464275123834505 0.48950129889197297 0.22300516046291677 0.05909424063022613
35 0.4708499249358281 0.4450382265850701 0.20581766046291677 0.05899424668035032
35 0.23801815425766373 0.4292006449083933 0.2528382096771285 0.062391957452738823
35 0.24101902977439238 0.4768523497288535 0.2669007096771285 0.06247377068445541
35 0.22765004259467397 0.5253807533196497 0.24985875889134013 0.0654987767345796
35 0.2297111945805353 0.368294961165172 0.2944820541766105 0.08450330678880888
35 0.7546789995857152 0.14643151318040293 0.29201202564056317 0.09854762607064967
35 0.7321554902800903 0.23330479928475642 0.2539298287837163 0.08582945745273882
35 0.4762479385846793 0.19181323263519431 0.27446065260503383 0.09063513212077386
35 0.4410853422231704 0.37644276268942356 0.12798375889134023 0.06478972872636941
35 0.41613896194893085 0.6461921813073344 0.13684933664159918 0.053906770880847076