35 0.7471616745260526 0.3771950776409603 0.23841614474715095 0.12979888243296428
35 0.3613012572387103 0.29259199558855675 0.21842897642635145 0.10247237847863158
35 0.30828326509659315 0.3217409847141418 0.2544392510334573 0.10549921939110263
35 0.9414339052956302 0.4579052026595507 0.08190927956950453 0.08443334980971962
35 0.28248909077993756 0.5226349812541008 0.27569782092583345 0.12663939034162972
35 0.2673692049241267 0.5783756452845455 0.28365587014004506 0.1300827253226018
35 0.5012754780834905 0.5307671107213154 0.2214084272121397 0.09947471247102051
35 0.5030712644774207 0.5762387782118015 0.205637877997928 0.09571304250907656
35 0.7184565159251626 0.6405890741809191 0.2499700748547749 0.1099957184025195
35 0.7291971168347855 0.5948454926599883 0.2624700748547749 0.1105050543720747
35 0.7546359185301965 0.5528317476029041 0.24691784946188075 0.11143088441013074
35 0.7110035808551401 0.699773073192336 0.2933947431755744 0.13827722729976805
35 0.15781646071509495 0.7962077910262018 0.2924872146395272 0.1522760603035735
35 0.20055407837394074 0.7188932159310616 0.2556764193542569 0.13206171939110262
35 0.43178049959022446 0.8128500988583174 0.27479029238978614 0.14063822334543524
35 0.5138225198541042 0.6479055311775511 0.13190927956950455 0.08647069368794007
35 0.6068256189017001 0.39887246497965945 0.13772263192686934 0.07735036167271767