35 0.721875 0.290625 0.22109375 0.071875
35 0.32734375 0.31171875 0.2078125 0.0484375
35 0.284375 0.353125 0.24609375 0.040625
35 0.9484375 0.3140625 0.103125 0.06015625
35 0.31328125 0.55390625 0.2640625 0.0578125
35 0.3140625 0.6109375 0.27265625 0.06015625
35 0.5265625 0.503125 0.21171875 0.04453125
35 0.540625 0.546875 0.19609375 0.04453125
35 0.765625 0.5515625 0.24140625 0.046875
35 0.76328125 0.5046875 0.2546875 0.04453125
35 0.7765625 0.4578125 0.23671875 0.04921875
35 0.77421875 0.6109375 0.2796875 0.06484375
35 0.2671875 0.85 0.27421875 0.08046875
35 0.2875 0.7640625 0.240625 0.06875
35 0.5359375 0.79296875 0.259375 0.0734375
35 0.5703125 0.6125 0.11796875 0.05625
35 0.5921875 0.3484375 0.12890625 0.04453125