34 0.6351406790459376 0.14094809941913242 0.32060605357097227 0.15056581070972533
34 0.6566903303564585 0.2278941160884505 0.33183449430041667 0.16319308004454341
34 0.6819657001318407 0.3742424047580867 0.344407229482778 0.16646353071290693
34 0.7022256083762157 0.4728889900938594 0.34113675911805574 0.16017716804581603
34 0.7214678772779172 0.5613702347628593 0.3333606267092364 0.16164876137808867
34 0.7776847757386465 0.7283855594366316 0.33328789152687505 0.15852376137808885
34 0.8098465783596882 0.9021503234404495 0.33485039152687507 0.15854194271163422
34 0.7921668094579868 0.8136872601049951 0.3332515239356944 0.15696126137808902
34 0.18225925370281293 0.5152630153564535 0.34458906743868073 0.17427603071290693
34 0.20415439712954914 0.6170527820257716 0.34920383225631957 0.1712055747135434
34 0.22248812946211866 0.7000561860279987 0.34284472948277794 0.16644534937936156
34 0.2611720358066327 0.8520277660327713 0.3331787887533334 0.15383626137808867
34 0.28019609916125077 0.9286704400063635 0.3330333183886112 0.14265911998727318
34 0.2991285903275355 0.970185778007636 0.32954333605604164 0.05962844398472811
34 0.6178791374428125 0.07045378608367797 0.32013327488562504 0.1302533107097253