34 0.83046875 0.678125 0.0796875 0.29296875
34 0.7453125 0.678125 0.09140625 0.30078125
34 0.6046875 0.6703125 0.09375 0.31484375
34 0.509375 0.6671875 0.08671875 0.31015625
34 0.42265625 0.665625 0.0890625 0.303125
34 0.2578125 0.68125 0.08671875 0.303125
34 0.0890625 0.6734375 0.08671875 0.30546875
34 0.175 0.6765625 0.084375 0.30546875
34 0.56796875 0.16796875 0.0984375 0.3171875
34 0.46875 0.16796875 0.09609375 0.3171875
34 0.3875 0.1671875 0.09375 0.3125
34 0.2390625 0.1703125 0.08203125 0.30546875
34 0.1578125 0.1703125 0.08203125 0.30546875
34 0.071875 0.1703125 0.09375 0.303125
34 0.9078125 0.6796875 0.08203125 0.29296875