34 0.6597551659770919 0.18030034374546897 0.33096019334818116 0.11512971671852172
34 0.6664767859643653 0.27418671144022067 0.3405170066836355 0.13091835795222373
34 0.6654399026098208 0.43045034820969585 0.3561601880171811 0.13275359334172715
34 0.6696814125955033 0.5360145555960221 0.3513999626829992 0.12642177272487612
34 0.6724786012492311 0.6313952394433979 0.3436056440165448 0.1278479050301243
34 0.7008292258911869 0.8139583234529295 0.3435874626829992 0.1262854050301243
34 0.7005008672024605 0.9695757090078839 0.33986247867599956 0.060848581984232195
34 0.7005559585455511 0.9045969602224047 0.34511360001590835 0.12318767856907478
34 0.1459284759707286 0.4986847362002823 0.2918569519414572 0.13486947240056466
34 0.14918019796309262 0.6097176935866084 0.29836039592618524 0.13182629301741572
34 0.15050305657227708 0.6980807642034594 0.2998920066836356 0.13020924593951494
34 0.15952242588323265 0.8631154289761118 0.29816587468172656 0.11611947240056467
34 0.16398211187146045 0.9471068250810779 0.2981113306810902 0.10578634983784418
34 0.16737928453218803 0.9909113721589786 0.29240567600254536 0.01817725568204267
34 0.6568488893220914 0.09429465989809313 0.3325590560152719 0.11828199025747206