34 0.562143894298425 0.7789712527528824 0.06601275956691133 0.22950696846486132
34 0.10533028998350542 0.5879922689017014 0.13125262932123732 0.43245143692972227
34 0.20289561177026005 0.5871402433504862 0.1315254139609734 0.4418264369297223
34 0.30112852329045803 0.5824001515948614 0.12407662681395486 0.4541445989738195
34 0.39963553411101066 0.8017333394745142 0.08130279044572379 0.2720217767854862
34 0.45788830331134056 0.791378374143785 0.08075722116625172 0.25327177678548624
34 0.5147376968848498 0.7864557912218755 0.07267193652651542 0.24371493882958345
34 0.6080330558186231 0.7730128466927089 0.06100701082055267 0.2184603656913195
34 0.7036003054229116 0.6229966225282645 0.1542642319868044 0.47202308320625014
34 0.8142877528364869 0.616984971502084 0.14300848324044574 0.4608310100679862
34 0.9147052899835053 0.6068306811332299 0.13639477038746434 0.4481855397032639
34 0.37346652454409923 0.5731537445847572 0.04844952335696497 0.10886716014423606
34 0.41487277454409915 0.574117485751042 0.050102951570210365 0.11202852773541672
34 0.4539125424907879 0.5742454255305559 0.04706887978345566 0.11508079255305556
34 0.49214832838416517 0.5735739315144797 0.047159807996701095 0.11820579255305574
34 0.5249835604374765 0.5751189009292712 0.04408027210332381 0.11969555737069441
34 0.5577278642775425 0.5735388703440629 0.04408027210332364 0.11969555737069441
34 0.5873926322242312 0.5734486045764935 0.037966664423191784 0.12423758700597229
34 0.6139551322242311 0.5740668536265631 0.038057592636437224 0.1273625870059721
34 0.648023626022532 0.16185844756638942 0.11479725204506401 0.29622299620027787
34 0.7461656093294846 0.1539933558107645 0.10483121865896923 0.27569229065319456
34 0.8382621811162393 0.15301404369041738 0.10464936223247853 0.2694422906531945
34 0.9233275029029938 0.15187107740975772 0.10603000580598768 0.2632286582443751
34 0.3634620725781774 0.30981794319798645 0.08787103919208264 0.28310474715020834
34 0.42807850204506404 0.3035146982319795 0.08778011097883724 0.27997974715020835
34 0.4943028956185733 0.2988103208571532 0.0846551109788372 0.2799070119678473
34 0.5588965930321486 0.2917258258911463 0.0909051109788372 0.2800524823325695
34 0.09262908386094855 0.2051434013105209 0.07723976458147637 0.18604790919430564
34 0.15349838770101454 0.2042179873665626 0.07576819279472176 0.18913654160312507