34 0.5711332775479855 0.7428764731210917 0.09139263867708358 0.23837760339082212
34 0.0967171186380203 0.6393278655919312 0.18376589589527817 0.4518279813887503
34 0.19471886075423556 0.6199357026478152 0.18551023385118093 0.45971325599585616
34 0.29361095564399253 0.5958196524001461 0.17795230698944486 0.47028688296032667
34 0.40832349981256877 0.7972836449565479 0.11272343123013914 0.2830736732831983
34 0.4665542271111452 0.7766222344936313 0.11228702013597243 0.26432367328319833
34 0.5239127854317702 0.7599034613342674 0.10269381458888915 0.2545120256405632
34 0.6167367182774299 0.728266009515022 0.08648693313000014 0.2287842795695047
34 0.7034041829425689 0.5587839553384115 0.20971145326597274 0.4936173751024439
34 0.8148690130146872 0.5309607082338956 0.19848301253652814 0.48060795285270286
34 0.906857144473576 0.5017033937182029 0.17159320421590324 0.46530828453190337
34 0.3667399843293398 0.5721231331697237 0.06046733415618064 0.11675516046291676
34 0.4082553371028815 0.5655071060814185 0.0636650693385418 0.12002570967712849
34 0.44744512367201333 0.5582189909037721 0.059013936929722274 0.12136988585581072
34 0.48587184403673567 0.5501860130296785 0.059050304520902944 0.1229323858558109
34 0.5187752630146869 0.5447514962804556 0.05756053970326391 0.12598461124870503
34 0.5517150495838189 0.5377544795312326 0.05756053970326391 0.12598461124870503
34 0.5815116523573607 0.5316842619962212 0.05294577488562506 0.12889128742738745
34 0.6089645051309023 0.5257232063718688 0.05458101006798621 0.1320890620344933
34 0.6130967992025693 0.12948833106002788 0.14880640159486128 0.25897666212005577
34 0.7103354751143749 0.11149815632908752 0.13870404977125012 0.22299631265817504
34 0.8050849306614583 0.09990353081235887 0.1367051386770836 0.19980706162471773
34 0.8880974524129513 0.08934486642050073 0.13318009517409735 0.17868973284100145
34 0.33774804103444417 0.3089168118296055 0.120790504368403 0.2943750463187276
34 0.40219240074184004 0.2895268029382654 0.11919163677722242 0.2927397717116217
34 0.468144709062465 0.27240776943981937 0.11759276918604193 0.2911044971045159
34 0.5333885025654512 0.2522001232449263 0.1223166367772226 0.2928853209258334
34 0.05646297986402756 0.2564640157157657 0.09978571371520847 0.1966267510334573
34 0.11841811920670117 0.24343316873508436 0.09829594889756961 0.19967897642635143