34 0.8941398436787293 0.15464116011065218 0.19100679508134383 0.07561523292582972
34 0.20609546389564648 0.021595039009580583 0.27211134933607006 0.043190078019161166
34 0.207407979020957 0.058640258367743 0.27070338544042355 0.08135397783744706
34 0.20862050019639172 0.11871462121261325 0.27231133723582157 0.08924836499257682
34 0.2090290454741274 0.18273617763504837 0.2723113372358217 0.08924836499257686
34 0.2091285185431561 0.29988273405748356 0.2738374757995031 0.08308025214770662
34 0.2095643348981306 0.3592167904799186 0.27227497579950316 0.08299836499257678
34 0.2131251512531051 0.4183870725920942 0.27383747579950324 0.0830802521477065
34 0.21667687724900003 0.4791198547042699 0.27383747579950324 0.08308025214770662
34 0.2147416725267357 0.5432642418593996 0.2738374757995031 0.08308025214770662
34 0.21674453406125008 0.601735161126705 0.27383747579950324 0.08308025214770662
34 0.217171260057145 0.6626317175491401 0.27384656615858277 0.08464275214770663
34 0.21759798605303987 0.7235282739715753 0.27697156615858276 0.08480652645796613
34 0.2172434620489348 0.7844657739715752 0.27384656615858277 0.08464275214770663
34 0.2176111007108122 0.8555185803940104 0.27385565651766247 0.08620525214770644
34 0.21570316706578668 0.9149754675491402 0.27385565651766236 0.08620525214770644
34 0.21854182075477874 0.9640304432388807 0.27371930113146814 0.06276775214770644
34 0.5646710331774873 0.018468959747223995 0.2737829336450254 0.03693791949444799
34 0.5651204850710811 0.05707559984302983 0.2722931565176623 0.08612336499257682
34 0.5671142562465159 0.1171090191103352 0.27698065651766246 0.0863690264579661
34 0.5659784822424109 0.17808746268790007 0.27229315651766245 0.08612336499257682
34 0.5687398678792261 0.24042368837764058 0.27383747579950324 0.0830802521477066
34 0.56840806977282 0.2974549383776406 0.2769624757995032 0.08324402645796614
34 0.5704154764868742 0.35514460764494593 0.2769624757995032 0.08324402645796614
34 0.5739626573032293 0.4166586397571216 0.2738738372358217 0.08933025214770662
34 0.5688979074014252 0.48174805122251085 0.2644624757995032 0.08258892921692809
34 0.5732717900131783 0.5354086397571216 0.27220225292686634 0.07049836499257686
34 0.5768689678044714 0.5883289218692972 0.2769624757995032 0.08324402645796614
34 0.577300238979906 0.6484442282917323 0.2769624757995032 0.08324402645796614
34 0.5800843505144204 0.7068742039814728 0.27229315651766245 0.08612336499257686
34 0.5828548265103153 0.7676479296712133 0.27229315651766245 0.08612336499257686
34 0.58484859768575 0.8276813489385187 0.2722658854404235 0.08143586499257686
34 0.5884185043998043 0.8852891310506944 0.2707215661585828 0.08447897783744693
34 0.5912253418320176 0.9398128567404347 0.2690863432859459 0.07189709068231735
34 0.889702849434266 0.0033784690194781503 0.18934430113146802 0.0067569380389563005
34 0.8901750272255589 0.036190969019478145 0.19105224687674216 0.07238193803895629
34 0.8921506176828344 0.09382649084334681 0.19100679508134383 0.07561523292582975
34 0.8961245244950844 0.21623707937795755 0.19103406615858276 0.08030273292582972
34 0.8964967083365016 0.28650863580039265 0.19415906615858275 0.08046650723608924
34 0.8992262777165383 0.3543136114901332 0.19259656615858275 0.08038462008095948
34 0.9003978922761146 0.4214192243350034 0.19415906615858275 0.08046650723608924
34 0.9007564405789126 0.49403453075743853 0.19259656615858275 0.08038462008095948
34 0.9011786213952675 0.5557123371798737 0.19102497579950323 0.07874023292582973
34 0.9023775070320829 0.6181304500247439 0.18788179508134384 0.0754514586155702
34 0.9028133233870573 0.677464506447179 0.18633747579950324 0.07849457146044045
34 0.904003118664793 0.7414451192920494 0.18321247579950323 0.07833079715018094
34 0.9044298446606881 0.8023416757144843 0.1816317950813442 0.07512390999505136
34 0.9041025917338217 0.8585916757144844 0.18164997579950323 0.078248909995051
34 0.9053378388069554 0.9147597885593548 0.1784340722087073 0.06246013568479185