34 0.9066072526167067 0.7747256708065081 0.1117262176006804 0.20643839867609248
34 0.8997594417399647 0.10773099338497143 0.11514388347992935 0.21546198676994285
34 0.8563368239539498 0.11555420575044162 0.1294792019915839 0.23110841150088324
34 0.8014137109772583 0.1259212982854529 0.1374553930985763 0.2518425965709058
34 0.7417212524470707 0.13396283447224067 0.13745539309857638 0.26792566894448133
34 0.6325198672378607 0.16382251985410412 0.13282245680090732 0.27449919396136274
34 0.5767063768565075 0.178942405709915 0.13271332939624542 0.27137419396136275
34 0.524181577582147 0.19860424235151414 0.13282245680090732 0.2744991939613627
34 0.46850449645662096 0.217630378207325 0.13282245680090732 0.27449919396136274
34 0.4080035060752678 0.23296858788445346 0.13282245680090715 0.2744991939613627
34 0.35383436124741097 0.25035944913315844 0.13282245680090723 0.27449919396136274
34 0.29729418456838863 0.26707822229252226 0.13282245680090715 0.27449919396136274
34 0.2415079760382009 0.28297935814833314 0.13449408420556894 0.27769696856846854
34 0.1849677993591786 0.2996981313076969 0.13282245680090723 0.27449919396136274
34 0.11829865453132174 0.3176711894132488 0.1359474568009072 0.27464474317557447
34 0.06870788229880315 0.3317187268406362 0.12344745680090721 0.27406254631872756
34 0.04118308302444256 0.35021616976854164 0.06719745680090719 0.27144266046291676
34 0.9596354387447399 0.41807110236187406 0.08072912251052031 0.2730437018192456
34 0.9290873655085802 0.4324996294501792 0.13427582939624544 0.27144696856846867
34 0.8741642525318888 0.4507081280024373 0.13605658420556885 0.27776974317557446
34 0.816815544001701 0.46668203846535394 0.13427582939624544 0.2714469685684685
34 0.7595486810250096 0.48499969892827066 0.13282245680090732 0.2744991939613627
34 0.7068874724948218 0.5007552855698698 0.13449408420556885 0.27769696856846854
34 0.6542535458157996 0.517292122211469 0.13449408420556885 0.27769696856846854
34 0.5970139646902736 0.5363910326743857 0.13756452050323809 0.2762800177826804
34 0.535649878755424 0.5494218796550671 0.130932574586922 0.26505141935425697
34 0.487004047629898 0.5681205297789015 0.1185417019915839 0.26759422249741005
34 0.4375496846532066 0.586074317206289 0.1344940842055689 0.2776969685684687
34 0.3833259761230189 0.601902678454994 0.13449408420556885 0.2776969685684687
34 0.3284028631463275 0.6201111770072519 0.13583832939624552 0.27151974317557437
34 0.2735070320208014 0.6391009255595099 0.13583832939624543 0.27151974317557437
34 0.2185566371929446 0.6565281741117678 0.13115082939624545 0.271301419354257
34 0.16519602421625315 0.67466389805692 0.13104170199158377 0.2681764193542568
34 0.11102687938839625 0.6920547593056249 0.1310417019915838 0.26817641935425696
34 0.07385426160238141 0.7031763498761656 0.09617562867060607 0.252512877997928
34 0.9798636371081265 0.7385098808979214 0.040272725783746924 0.20767125889134022
34 0.952833628396529 0.7565171722542503 0.09433274320694203 0.20643839867609248
34 0.8500943577888499 0.792225693965872 0.11803078130301117 0.20829199710451576
34 0.7834797766633239 0.8117612520714237 0.11975697241000383 0.2130522717116218
34 0.7215799773889632 0.8318597363556581 0.11813990870767306 0.21141699710451575
34 0.6596528962634373 0.8511769706398924 0.11975697241000383 0.2130522717116218
34 0.5922570651379113 0.8707489160489972 0.11970240870767306 0.2114897717116218
34 0.5354713517984001 0.880436439208361 0.11764883538669527 0.19735449710451575
34 0.4772049840123852 0.8925404869748306 0.11230657095872498 0.178386173283198
34 0.422763020672874 0.9021188482235356 0.11494049763774723 0.16446922249741008
34 0.36366083918452835 0.9126967832935582 0.11439486061443871 0.14884422249741008
34 0.3084649076961826 0.9230927818458163 0.11228672359113015 0.1331464478903044
34 0.25553088065434065 0.9310358684874153 0.11502977767481415 0.12235449710451576
34 0.19642869916599492 0.941613803557438 0.11448414065150558 0.10672949710451576