34 0.7703125 0.1109375 0.05546875 0.22109375
34 0.9671875 0.7640625 0.05546875 0.25
34 0.9140625 0.7640625 0.053125 0.24765625
34 0.8578125 0.7640625 0.06015625 0.25
34 0.7984375 0.765625 0.06015625 0.25
34 0.690625 0.76875 0.05546875 0.25234375
34 0.6359375 0.7703125 0.05546875 0.25
34 0.58125 0.76875 0.05546875 0.25234375
34 0.525 0.7671875 0.05546875 0.25234375
34 0.465625 0.7703125 0.05546875 0.25234375
34 0.4109375 0.7703125 0.05546875 0.25234375
34 0.3546875 0.771875 0.05546875 0.25234375
34 0.2984375 0.77265625 0.05546875 0.2546875
34 0.2421875 0.775 0.05546875 0.25234375
34 0.17578125 0.7765625 0.0578125 0.25234375
34 0.12109375 0.7796875 0.0578125 0.25234375
34 0.065625 0.778125 0.05546875 0.25234375
34 0.01796875 0.778125 0.0359375 0.25234375
34 0.9421875 0.4328125 0.053125 0.25234375
34 0.88671875 0.434375 0.0578125 0.25
34 0.83046875 0.43359375 0.0578125 0.2546875
34 0.77421875 0.4359375 0.0578125 0.25
34 0.7171875 0.4359375 0.05546875 0.25234375
34 0.6640625 0.43671875 0.05546875 0.2546875
34 0.6109375 0.43671875 0.05546875 0.2546875
34 0.553125 0.4359375 0.06015625 0.25234375
34 0.49375 0.4421875 0.05546875 0.24296875
34 0.44375 0.4390625 0.04296875 0.25
34 0.39375 0.43671875 0.05546875 0.2546875
34 0.3390625 0.43828125 0.05546875 0.2546875
34 0.28359375 0.4375 0.0578125 0.25
34 0.22734375 0.4359375 0.0578125 0.25
34 0.171875 0.4359375 0.053125 0.25
34 0.11875 0.434375 0.05546875 0.24765625
34 0.0640625 0.434375 0.05546875 0.24765625
34 0.01953125 0.4359375 0.0359375 0.24296875
34 0.94375 0.109375 0.06015625 0.21875
34 0.884375 0.1109375 0.0625 0.22109375
34 0.8265625 0.1109375 0.05546875 0.22109375
34 0.7125 0.1109375 0.06015625 0.22109375
34 0.646875 0.11171875 0.06015625 0.2234375
34 0.584375 0.1125 0.06015625 0.22109375
34 0.521875 0.11171875 0.06015625 0.2234375
34 0.4546875 0.11171875 0.06015625 0.2234375
34 0.39765625 0.1125 0.0578125 0.225
34 0.340625 0.11171875 0.05546875 0.2234375
34 0.28515625 0.11171875 0.0578125 0.2234375
34 0.22578125 0.11171875 0.0578125 0.2234375
34 0.1703125 0.11171875 0.05546875 0.2234375
34 0.11796875 0.11328125 0.0578125 0.2234375
34 0.05859375 0.11328125 0.0578125 0.2234375