34 0.6359375 0.20390625 0.03828125 0.1515625
34 0.675 0.20234375 0.03828125 0.1515625
34 0.71171875 0.20625 0.0359375 0.146875
34 0.74609375 0.18359375 0.0484375 0.1921875
34 0.79296875 0.18203125 0.0453125 0.1921875
34 0.83828125 0.1796875 0.0453125 0.196875
34 0.88046875 0.18359375 0.0484375 0.1921875
34 0.56953125 0.6953125 0.0484375 0.21875
34 0.525 0.696875 0.04296875 0.21875
34 0.48125 0.69921875 0.040625 0.2234375
34 0.4421875 0.696875 0.040625 0.21875
34 0.40078125 0.6953125 0.0453125 0.21875
34 0.1546875 0.7171875 0.03125 0.17578125
34 0.11640625 0.71875 0.0453125 0.17578125
34 0.034375 0.696875 0.05546875 0.22578125
34 0.5859375 0.18359375 0.04296875 0.1921875
34 0.5359375 0.184375 0.04296875 0.1875
34 0.49296875 0.18203125 0.0453125 0.1921875
34 0.44921875 0.18203125 0.0453125 0.1921875
34 0.40390625 0.18203125 0.0484375 0.1921875
34 0.359375 0.190625 0.04296875 0.20703125
34 0.3171875 0.196875 0.03828125 0.196875
34 0.27578125 0.19296875 0.0484375 0.2046875
34 0.86875 0.446875 0.05546875 0.21875
34 0.8203125 0.4453125 0.040625 0.22578125
34 0.71015625 0.4734375 0.0359375 0.17578125
34 0.67421875 0.47265625 0.0359375 0.1734375
34 0.63671875 0.47109375 0.0359375 0.1734375
34 0.5765625 0.4484375 0.04296875 0.22109375
34 0.534375 0.446875 0.04296875 0.21875
34 0.49375 0.44609375 0.040625 0.2234375
34 0.4515625 0.44765625 0.04296875 0.2234375
34 0.409375 0.446875 0.04296875 0.22109375
34 0.3640625 0.4484375 0.04296875 0.21640625
34 0.31953125 0.4484375 0.0453125 0.21640625
34 0.2765625 0.4484375 0.04296875 0.21640625
34 0.2328125 0.4703125 0.04296875 0.178125
34 0.196875 0.4703125 0.03125 0.17578125
34 0.1609375 0.4703125 0.04296875 0.17578125
34 0.13125 0.446875 0.05078125 0.22109375
34 0.0859375 0.4453125 0.05078125 0.22109375
34 0.0390625 0.4453125 0.05078125 0.22109375
34 0.87734375 0.6953125 0.0484375 0.21640625
34 0.8328125 0.6953125 0.04296875 0.21640625
34 0.7890625 0.696875 0.04296875 0.22109375
34 0.08046875 0.69921875 0.0578125 0.2234375
34 0.740625 0.696875 0.05078125 0.22109375
34 0.7 0.7203125 0.040625 0.18046875
34 0.659375 0.71875 0.04296875 0.178125
34 0.6140625 0.70078125 0.04296875 0.2046875