34 0.763876466529028 0.8606004852456145 0.0778394742194024 0.17623884783255325
34 0.8065995550636387 0.8576638276409602 0.0778394742194024 0.17623884783255334
34 0.8450888449777304 0.84831800254582 0.07438692559888338 0.1698615138401646
34 0.8874777408392875 0.8687551779449713 0.09740170171816516 0.2222516847906916
34 0.9387126922187685 0.8646061888193863 0.09419481456303558 0.22056185079830293
34 0.970602924580801 0.861987866195704 0.0587941508383981 0.22687551779449713
34 0.9926024163266293 0.850633872127203 0.014795167346741422 0.22085101087441492
34 0.5776458016727368 0.3267945351318838 0.1036450576656307 0.2521301857792747
34 0.5279733502932558 0.3310071912536632 0.09739505766563053 0.25187551779449713
34 0.479781511758645 0.3337210143716371 0.09764071913101979 0.25656301779449714
34 0.4388665846894235 0.34140883897248575 0.09583255766563052 0.25181185079830276
34 0.39400446404263717 0.34815624608284834 0.10052005766563052 0.252002851786886
34 0.12076835990419417 0.3557326882507327 0.07446216870147851 0.20104784684397004
34 0.0780862149471483 0.3594505958553869 0.09016905585660824 0.203247016805914
34 0.03145023236000284 0.39185191897336075 0.03505883197589005 0.2524538379467215
34 0.712389209631623 0.8896858073750054 0.09106981456303558 0.22043451680591408
34 0.6581111454072718 0.8933076020526223 0.09090604025277607 0.21338479589475554
34 0.6125496619156152 0.8966335553606578 0.09419481456303558 0.20673288927868433
34 0.565261904113699 0.8991782586686933 0.09419481456303558 0.2016434826626135
34 0.5147672591566532 0.9016274614824372 0.09715604025277606 0.19674507703512562
34 0.464521597691264 0.8959531230414243 0.0945223631835546 0.2080937539171516
34 0.41781037200152343 0.8981867850947026 0.08794481456303557 0.2036264298105947
34 0.37344289631178296 0.9002931131555926 0.09855476594251655 0.1994137736888149
34 0.9518878058566083 0.5630091967280517 0.09622438828678348 0.2540746877564411
34 0.9076929070543752 0.5702195188574424 0.09772260628614973 0.2581255177944971
34 0.7812565598133372 0.552594325663794 0.08079405585660808 0.20286501482874755
34 0.742603495588986 0.5588151507589341 0.0807121687014785 0.20130251482874756
34 0.7016476249421995 0.5657217253597827 0.0807121687014785 0.20130251482874756
34 0.6418122795101838 0.5991443790101043 0.09747694482076028 0.25343801779449715
34 0.5961689088633975 0.6058599526223697 0.09739505766563053 0.25187551779449713
34 0.5528283446390463 0.6118897767289267 0.09764071913101979 0.25656301779449714
34 0.5054996432595652 0.6161979333449978 0.09920321913101979 0.2566266847906915
34 0.45981532903521394 0.6221322569572633 0.09747694482076028 0.25343801779449715
34 0.4101019340781681 0.6255636630790427 0.09723128335537101 0.24875051779449714
34 0.3620738698538169 0.6314024861970167 0.10035628335537101 0.24887785178688587
34 0.3148270556294656 0.6372731428130877 0.09723128335537101 0.24875051779449714
34 0.26240474050060325 0.6187658819386728 0.08712594301173801 0.20468218281352507
34 0.22366978912112226 0.623424207033813 0.07446216870147848 0.20104784684397004
34 0.18415358774164123 0.6280506986308559 0.08704405585660827 0.20311968281352505
34 0.15844758084423627 0.6581865261974541 0.10693383197589004 0.2553825197716636
34 0.10897984735257968 0.6663054323192336 0.10693383197589004 0.2553825197716634
34 0.07102614597309867 0.6709955909124711 0.08004378335537103 0.2480501808363588
34 0.9115394448207603 0.28660852281177507 0.10348128335537084 0.24900518577927472
34 0.8635113805964091 0.29244734592974897 0.09723128335537119 0.24875051779449714
34 0.8154423727944928 0.2975049190477228 0.09747694482076028 0.25343801779449715
34 0.05690393373948384 0.3866524244105682 0.08678510628614955 0.25767984882113637
34 0.7635080585701417 0.30318457467521076 0.10693383197589021 0.2553825197716635
34 0.7133066627085847 0.2824290642950874 0.08728971732199753 0.20780718281352514
34 0.6692257920617983 0.2892083049035472 0.08712594301173801 0.20468218281352524
34 0.6238247608541339 0.3154232950177155 0.09345118611433297 0.23612318380210837