34 0.613094202090897 0.14679803349562792 0.08968853558899426 0.17164187622353536
34 0.652428616121342 0.13290665908619112 0.08968853558899426 0.17164187622353536
34 0.6912364481365644 0.1252925665279197 0.08637253460041112 0.16684524881887364
34 0.7188056912164822 0.10016488603144127 0.11340987847863175 0.20032977206288255
34 0.7675469387450242 0.09224697586856487 0.11009387749004844 0.18449395173712974
34 0.8133541872621495 0.08442455218476747 0.11108337452429887 0.16884910436953493
34 0.8576944362735663 0.07897316035213549 0.11226387254713259 0.15794632070427098
34 0.7019603142950874 0.6764830442954011 0.12243205140632511 0.24767858656782166
34 0.656439567260837 0.6921551735141614 0.11611838441013074 0.24589783175849825
34 0.6117319037246837 0.7085812708817562 0.11461955140632511 0.24740576805616749
34 0.5706758222037529 0.718620958993524 0.11292971741393636 0.24422620435383652
34 0.5281209076790163 0.7302777108076224 0.11924338441013074 0.2460069591631598
34 0.28031476045448545 0.8312499668828902 0.09070720752810457 0.1966418762235353
34 0.24172976292594334 0.8443328094411615 0.10489704152049333 0.2002579495445132
34 0.14957409642404057 0.8483333178786822 0.13212538638729704 0.2558184687818069
34 0.5534645341061195 0.14262145418420047 0.1070962114824372 0.2159375132468439
34 0.5025068705699662 0.1592658063611187 0.10690521049385407 0.21125001324684392
34 0.45757637254713257 0.17022315372871352 0.11028487847863158 0.21760914065150563
34 0.41274137501859054 0.18352425109630835 0.11028487847863158 0.21760914065150558
34 0.36562629448624284 0.19846969401739945 0.11340987847863167 0.21771826805616734
34 0.32195454893486714 0.22111850953382883 0.11242038144438116 0.23172620435383653
34 0.2804992193911026 0.2405604794967619 0.10253604547482605 0.2188988221398514
34 0.2370675543720746 0.2499007631620259 0.11867038144438116 0.23194445916315995
34 0.9309541586304185 0.3250296385829531 0.1287457184025193 0.2494593413771451
34 0.8806504111018765 0.33852170890870587 0.11474688539871387 0.2505307680561673
34 0.7760703404553604 0.40241557251836946 0.09539470752810467 0.19680556733052795
34 0.7381710924325268 0.41312738322547543 0.09370487353571573 0.19362600362819715
34 0.6987093444096931 0.4238937576349123 0.09370487353571573 0.193626003628197
34 0.6288915929268184 0.41929059238863536 0.11774455140632512 0.247514895460829
34 0.5855554284020819 0.43097462605389936 0.11611838441013056 0.24589783175849825
34 0.5430005138773455 0.4426313778679979 0.11461955140632511 0.2474057680561673
34 0.49979168334499785 0.45744041153326187 0.1178082184025195 0.24907739546082902
34 0.45570610231835856 0.4699329770496912 0.11774455140632512 0.247514895460829
34 0.4094677722803025 0.4871948881196169 0.11599105041774185 0.24277283175849823
34 0.3638515247517604 0.5005232673383772 0.1191160504177419 0.24288195916315997
34 0.31904836072131554 0.514605614705972 0.1159910504177419 0.24277283175849823
34 0.2814183681356893 0.5511259572642434 0.10339820851668771 0.20176588584218216
34 0.2443003701128557 0.5618104861201839 0.09070720752810457 0.1966418762235353
34 0.20721420558811926 0.5732762649761245 0.10333454152049333 0.20020338584218217
34 0.16982695212807813 0.5581522619808995 0.12405821840251945 0.24929565027015244
34 0.12180328760334169 0.5699999867531561 0.12405821840251949 0.24929565027015244
34 0.077031957070994 0.5848635841207509 0.11624571840251947 0.24902283175849824
34 0.9788093853987139 0.5802330045548694 0.04238122920257226 0.24280754809323427
34 0.9571890533834914 0.5927156463875013 0.08562189323301723 0.24277283175849823
34 0.9284153849416033 0.6083332119039307 0.11774455140632512 0.247514895460829
34 0.19753409395258262 0.8349230931064255 0.13199805239490825 0.25269346878180665
34 0.8789565544092557 0.6233605003785181 0.12405821840251932 0.24929565027015244
34 0.8452646453217266 0.6605256836809624 0.10033687551288217 0.20321925843752045
34 0.8019284807969903 0.6722097173462263 0.10339820851668771 0.20176588584218216
34 0.7493300628122126 0.66778760137431 0.11235671444818678 0.23016370435383654