34 0.7998002134787014 0.7206189083914929 0.16329093262955982 0.05288105913900907
34 0.7998450779270423 0.7628427956950459 0.16329093262956001 0.05288105913900907
34 0.793708126222759 0.8008693345701753 0.15854888555165908 0.04953773531769166
34 0.817285948057426 0.8387160909803161 0.2087943474022122 0.06592902274507892
34 0.8172217183499655 0.887189978283869 0.20871252678536117 0.06124152274507892
34 0.8179251018730296 0.936481502890975 0.21496252678536115 0.061532621173502375
34 0.812460306012945 0.9739149588485588 0.2087943474022122 0.052170082302882295
34 0.2746968478125446 0.612500115796819 0.2369466209411626 0.06880146567298447
34 0.27473380398105485 0.565588728493266 0.23686480032431154 0.06411396567298447
34 0.2740031469190402 0.5178597038861602 0.24147047970746058 0.059644789494302054
34 0.27783725893174904 0.4773802531003719 0.23516593262955982 0.0562286910658786
34 0.2809583047918337 0.4329581650110307 0.23683752678536116 0.06255146567298446
34 0.2668175328744412 0.1680223697257604 0.18971706493480817 0.046305727459808745
34 0.2659777816566252 0.12654334511865456 0.19149775324641088 0.058878502066914605
34 0.2924641895294187 0.04255148883234826 0.2431966209411626 0.06909256410140789
34 0.8234246741114385 0.6662053901945277 0.20871252678536117 0.06124152274507892
34 0.8243383376662748 0.6138616401945278 0.20399775324641106 0.05946069892376151
34 0.828281543834785 0.5671321894087396 0.2086852532464108 0.05967902274507893
34 0.8298810000032952 0.5202935767122925 0.20868525324641105 0.05967902274507893
34 0.8322753429412806 0.4727101013193984 0.2087943474022122 0.06592902274507892
34 0.8237458226487412 0.4238359536767632 0.22431025324641068 0.06040676881613756
34 0.8190816420477762 0.3774874925518927 0.21326365909060954 0.05364734656639669
34 0.8253549614468113 0.3316484536767632 0.2212943474022122 0.06651121960192592
34 0.5299341781719236 0.9512159751834972 0.23705571509696383 0.07505146567298446
34 0.5331915917267599 0.8989813870941559 0.24303297970746057 0.05971756410140792
34 0.5071393806869858 0.7789214441662505 0.18977161201270895 0.04943072745980892
34 0.5093428088523189 0.7422754687733564 0.18664661201270896 0.049285178245597014
34 0.5123820340955525 0.7025408806840152 0.18664661201270877 0.049285178245597014
34 0.5401036595009419 0.6373717990048148 0.23996252678536117 0.06269701488719619
34 0.5432383421305017 0.5921684609154736 0.23683752678536116 0.06255146567298446
34 0.5455645012211112 0.5484912355225794 0.24147047970746058 0.059644789494302054
34 0.5455741838506711 0.5031423482190265 0.24308752678536116 0.06284256410140791
34 0.547927616480231 0.45790262282613237 0.23996252678536117 0.06269701488719619
34 0.5471833226487413 0.4109548482190265 0.23371252678536117 0.062405916458772734
34 0.5487964155867265 0.36333498552257937 0.23373980032431163 0.06396841645877274
34 0.5503822349857617 0.3172776228261323 0.23371252678536117 0.062405916458772734
34 0.5293254411542718 0.2693837783266503 0.19306025324641088 0.05895127667402047
34 0.5300072796280303 0.2303212783266503 0.1897170649348082 0.046305727459808745
34 0.5306754813323137 0.1920400283266503 0.19149775324641088 0.058878502066914605
34 0.5577834521113204 0.16202719664744988 0.24009889448011296 0.07050951488719619
34 0.5609726818187809 0.11369885855810866 0.2400988944801128 0.07050951488719619
34 0.5626539586041421 0.06217274586166159 0.24012616801906325 0.0720720148871962
34 0.2626784943245477 0.9426777673683956 0.2338216209411626 0.06865591645877274
34 0.26429158726253305 0.8950579046719485 0.23371252678536117 0.062405916458772734
34 0.26510979343104324 0.8481829046719485 0.23996252678536117 0.06269701488719619
34 0.28850734659143334 0.09006218961813654 0.24341480925276526 0.08159256410140792
34 0.26757232021640454 0.7966931792790544 0.24007162094116258 0.06894701488719619
34 0.2433496160764892 0.7509975355653606 0.1945682061685102 0.055899051281126336
34 0.24644338839762353 0.7081379474760194 0.19306025324641088 0.05895127667402047
34 0.26760136810508406 0.6606465173683956 0.22118525324641086 0.06026121960192583