34 0.37348131130650125 0.19328363928232054 0.04723972135581711 0.1661522586728179
34 0.33052165197327393 0.19300237595482025 0.04723972135581711 0.1661522586728179
34 0.2914046079726377 0.1981444092934564 0.0440419960216353 0.15986589600572704
34 0.25418641864259206 0.17436201129854706 0.05870448002863497 0.211592028007636
34 0.2049767593093647 0.17415347330522857 0.05557948002863507 0.21155566534054512
34 0.15577619064291018 0.17316368531191006 0.05565220536281679 0.21780566534054513
34 0.10961880597550114 0.1791687846515007 0.058704480028635056 0.21159202800763605
34 0.45162920456718636 0.7274580972708664 0.06061242536599849 0.2412977093411815
34 0.4992763639004137 0.7276848165977304 0.05748742536599849 0.24126134667409077
34 0.5484678419000956 0.729455854591049 0.05127378803308939 0.24431362133990878
34 0.5899195452339591 0.7250677992520946 0.049656744032452946 0.2396079400063634
34 0.6352593172342773 0.7221967905792768 0.05436242536599849 0.24122498400699968
34 0.9037820505649592 0.7386008512094603 0.039736304026089894 0.1926238520050907
34 0.9459604598981866 0.7388912052037332 0.05225448535963508 0.19433180267345412
34 0.43000403130968295 0.16919161127468452 0.05557948002863498 0.21155566534054512
34 0.48391028130968294 0.16856435526736666 0.05239993602799871 0.20683180267345422
34 0.5316028939767738 0.16488482459423062 0.052454480028634974 0.21151930267345423
34 0.5792682346435465 0.16354904392109454 0.052454480028634974 0.21151930267345423
34 0.6284960753103193 0.16219508191441304 0.05870448002863497 0.21159202800763605
34 0.6760523279758193 0.17023430124127695 0.054198793364089504 0.22716248400699968
34 0.7228636933084103 0.17515761123491363 0.04782152402927142 0.21615225867281787
34 0.7697932373090465 0.16992467122855026 0.05886811203054414 0.22565452800763602
34 0.122688781269912 0.4656966306492736 0.06842492536599849 0.24138861600890865
34 0.17662230327023018 0.46272562464195566 0.0513101507001803 0.24743862133990877
34 0.29738878926641216 0.48944157129218374 0.04442380402608972 0.19267839600572695
34 0.33489787993318487 0.48822396928709305 0.044387441358998816 0.18955339600572696
34 0.37555015193350305 0.48540750461491144 0.044387441358998816 0.18955339600572696
34 0.44227457527054825 0.45729104793923003 0.05438060669954403 0.24278748400699968
34 0.48838650660409383 0.4551921985996395 0.05436242536599849 0.24122498400699968
34 0.5329359379376393 0.4531115305935943 0.05127378803308939 0.24431362133990878
34 0.5790205972708665 0.45335643125400366 0.054398788033089396 0.24434998400699967
34 0.6251416192711847 0.45047633191441305 0.05438060669954403 0.24278748400699968
34 0.6727796879376392 0.4514843012412769 0.05434424403245295 0.2396624840069997
34 0.722007528604412 0.4501303392345954 0.057469244032453126 0.23969884667409058
34 0.7681103692711847 0.44881273989500486 0.05434424403245295 0.2396624840069997
34 0.816275149268003 0.4716866185550961 0.052272666693180626 0.19589430267345417
34 0.8561279899347756 0.4704417445496872 0.039736304026089894 0.1926238520050907
34 0.8951995806015486 0.469205961211051 0.05225448535963508 0.19433180267345418
34 0.9259865039385937 0.4415076752069149 0.06375560669954403 0.2428965720082724
34 0.9697728666056846 0.4378735978676424 0.05281810669954368 0.24276930267345417
34 0.11561897923300461 0.7376170839831371 0.06059424403245304 0.23973520934118148
34 0.16406556989977733 0.7362722126432283 0.05434424403245304 0.2396624840069997
34 0.2117218198997773 0.7357176819700924 0.05438060669954394 0.24278748400699968
34 0.9696706799013682 0.7151809852005516 0.046586288033089576 0.2442590773392725
34 0.26407466056655005 0.7343273572963198 0.06063060669954394 0.2428602093411815
34 0.3098865998965957 0.7580097579567292 0.04916584802672599 0.1974204400063634
34 0.3536547812301411 0.7559381806174568 0.052272666693180626 0.1958943026734543
34 0.40310988856623187 0.7350529686107754 0.0526181120305441 0.22558180267345412