35 0.59765625 0.259375 0.1453125 0.115625
35 0.5765625 0.1828125 0.16484375 0.09609375
35 0.559375 0.13125 0.15859375 0.10546875
35 0.74609375 0.05 0.1609375 0.08515625
35 0.7796875 0.12109375 0.20078125 0.1453125
35 0.7875 0.20234375 0.12890625 0.0890625
35 0.91796875 0.0359375 0.1078125 0.071875
35 0.92890625 0.0921875 0.0953125 0.0875
35 0.959375 0.1609375 0.04453125 0.08671875
35 0.1046875 0.35625 0.16328125 0.13203125
35 0.9640625 0.6859375 0.06953125 0.115625
35 0.96015625 0.5984375 0.0765625 0.12109375
35 0.91875 0.5 0.16015625 0.12109375
35 0.8921875 0.4265625 0.15859375 0.109375
35 0.8421875 0.915625 0.165625 0.06015625
35 0.525 0.9734375 0.15 0.053125
35 0.67265625 0.946875 0.1453125 0.06875