35 0.5172465829365117 0.834375 0.18088159012915472 0.1484375
35 0.4756333959477777 0.9078125 0.19448944906292792 0.1328125
35 0.44772735629347676 0.9421875 0.18773934389007838 0.115625
35 0.6748126935196376 0.96015625 0.23356866943775678 0.0796875
35 0.7013608216537406 0.9328125 0.1549723079967011 0.1171875
35 0.8754264589590438 0.98125 0.0854661385589445 0.0375
35 0.07158342728880854 0.634375 0.11097826708875884 0.1625
35 0.9692370479675713 0.48046875 0.06152590406485743 0.1421875
35 0.954862310899695 0.56953125 0.09027537820061013 0.1484375
35 0.9017588686985404 0.65625 0.1964822626029193 0.1578125
35 0.860157845472924 0.725 0.1917281619159092 0.1453125
35 0.9109662437317938 0.1859375 0.17806751253641231 0.153125
35 0.6057930104248413 0.06484375 0.18346102084968266 0.1296875
35 0.7513843067430599 0.128125 0.17739287727617317 0.1359375