35 0.5884599318965096 0.7991616250557716 0.16798745159900647 0.14431236859280006
35 0.5723395073266705 0.8836812050938276 0.18662836729005097 0.12632637254713258
35 0.5579452092202644 0.9361921331744018 0.18199540944452863 0.12761573365119644
35 0.7647310195251148 0.9802856551703772 0.17843407220870694 0.03942868965924547
35 0.7955361128110605 0.9233658224137177 0.22908857806243949 0.1532683551725647
35 0.7983616518422803 0.851474836043917 0.1475113251355733 0.11535969764227269
35 0.9493423688611848 0.9544645958925679 0.09117042154477702 0.09107080821486413
35 0.9771042753788471 0.886889707108175 0.036501102262936055 0.09833934091247087
35 0.0747474107210749 0.7180589333078167 0.13682835518980255 0.15866402866891213
35 0.9444529401861288 0.320581616195704 0.08513859016268768 0.13468801779449713
35 0.9478092234618121 0.41527203368619003 0.09297836123992695 0.13969385277546914
35 0.9096728983262388 0.5231190257775247 0.17583631303532457 0.15088070357377176
35 0.8904501996540988 0.6036050218231919 0.18202268052176757 0.1401978715585493
35 0.7942721747662309 0.07690591756484808 0.18328519867214013 0.08869903855474381
35 0.4467340994342659 0.04242751091159597 0.16590680113146822 0.0551862015966055
35 0.6076034217411689 0.06070396151961829 0.16291815651766228 0.07849636760421672