35 0.7221284690194782 0.40630147410085904 0.15612824852966192 0.17827154535327172
35 0.8071209447092187 0.41041735677908575 0.1396777329258298 0.19213405068427197
35 0.864029363976524 0.41342472545349446 0.14897084577069997 0.19068063868554463
35 0.8914494363414758 0.20345937945572165 0.12060018430531087 0.18566587468172654
35 0.8180905014703381 0.186189516112313 0.2000287347348519 0.24124426002545335
35 0.7298535170741702 0.19923386143376812 0.12521244120271574 0.1544886000159084
35 0.8550659582768858 0.04747246144967646 0.0992430834462283 0.07610906134627213
35 0.8019819018544508 0.04607304610913134 0.12728619629109836 0.07487382535009013
35 0.7263201605608781 0.02799466076540455 0.12235967887824373 0.040462462682999245
35 0.7455937087311713 0.8982804361075406 0.15844102103089916 0.13301358935390795
35 0.18341560832231446 0.12486528202577155 0.16074050542706692 0.14709427068745357
35 0.27506419776143637 0.10638854937140733 0.16575555404758596 0.15339881468808994
35 0.3857626803485818 0.14207260538667937 0.16664966870147851 0.20025563335454444
35 0.4704276074178034 0.1524384880649061 0.1535764586155702 0.1891726826861809
35 0.014007189055009106 0.3353926073360908 0.028014378110018213 0.1895352146721816
35 0.02368818662438909 0.6684778273392724 0.04737637324877818 0.16329997867599957
35 0.021512072592094242 0.5128818080044544 0.043024145184188484 0.16326361600890865