28 0.6204314186200199 0.9709133137636148 0.1013293762235353 0.058173372472770525
28 0.621852564080849 0.8773303874130611 0.10834326805616748 0.10895318874502422
28 0.6216740040067152 0.7928280534206724 0.09409722958158007 0.05844385277546919
28 0.6212672654394605 0.7372638029263809 0.09215278366526398 0.04744268577927464
28 0.6221502083605517 0.6895757194282837 0.08908234736759475 0.04887785178688588
28 0.623114996835139 0.6395438859301865 0.08908234736759475 0.04887785178688588
28 0.6263689716073957 0.5911700529263809 0.08908234736759475 0.04887785178688588
28 0.4928545779606651 0.650665775246052 0.07654763103285873 0.0920548488211363
28 0.486346628416152 0.7474134412536632 0.07665675843752062 0.09517984882113631
28 0.4938937775051782 0.5536952747517605 0.07186013103285874 0.09186384783255334
28 0.38243798856725464 0.0711308310638203 0.06909722958157989 0.057425180836358836
28 0.37952875417635124 0.1320364975657231 0.06909722958157989 0.057425180836358836
28 0.37511158348777873 0.19131599707143152 0.07076885698624169 0.06061384783255321
28 0.37063984909687536 0.25215799657713994 0.07065972958157989 0.05748884783255326
28 0.3666492643431522 0.3216255795809455 0.07115080290255768 0.07155134783255317
28 0.3409423591788584 0.7665242441056821 0.0799454495445131 0.09999468281352505
28 0.35013385382138074 0.5705259945999736 0.07029763103285873 0.0918001808363588
28 0.3451338405745369 0.6688998276037792 0.07353175843752044 0.09505251482874755
28 0.26976931905980844 0.20580030832640728 0.06451885698624168 0.060359179847775654
28 0.27265127159954644 0.1456758918245045 0.0642460384745874 0.052546679847775654
28 0.26459818022240134 0.2642667243340185 0.06748016587924913 0.05579901384016441
28 0.26244291398033254 0.3259854743340185 0.06909722958157997 0.057425180836358794
28 0.22449644756077852 0.6060894684025195 0.05330853847458741 0.05210101087441501
28 0.21859862242570224 0.6629615509120335 0.05336310217691827 0.05366351087441501
28 0.2150991109929569 0.7183666339158391 0.05643353847458741 0.052228344866803764
28 0.20903759475088807 0.7799262164253531 0.05983135698624169 0.060168178859192525
28 0.1349428742398008 0.6165229496194391 0.0516369110699257 0.04891234387822045
28 0.13060754910472455 0.6734586991251476 0.04689484736759484 0.04715884288963732
28 0.12473700582081375 0.7295495316346615 0.05169147477225655 0.05047484387822045
28 0.11719483513224123 0.7887016971479813 0.051964293283910834 0.05828734387822045
28 0.08335309238863538 0.6152031887450242 0.051746038474587364 0.052037343878220454
28 0.07586548540239371 0.6727928542583438 0.048511911069925695 0.0487850098858317
28 0.07080347396964833 0.728134270265955 0.04694941106992567 0.04872134288963732
28 0.0663863032810758 0.7874137697716634 0.05018353847458738 0.051973676882026074
28 0.8382464011968247 0.9599605442576877 0.11626489546082901 0.08007891148462462
28 0.8407216151693081 0.8604306833821788 0.11820934137714509 0.12339769072219076
28 0.8189954373091595 0.7656620114430686 0.07567461179556503 0.0670548488211363
28 0.8158456446582208 0.6990329269563882 0.07551092068857237 0.06236734882113648
28 0.8150668838584476 0.6317180929639994 0.07249504809323426 0.06536501482874754
28 0.8134523093563436 0.5659339254735135 0.0692063569862416 0.06055018083635879
28 0.8021899163425852 0.5075802560058611 0.04371528366526398 0.045469008897248565
28 0.8008655185195035 0.4558904220134724 0.04382441106992552 0.04859400889724856
28 0.7989235618034144 0.39948125452298633 0.04727679328391084 0.05809634288963732
28 0.7997246591710091 0.35413692102488914 0.04215278366526398 0.045405341901054184