28 0.23791663331000437 0.9403903531277855 0.11048651384016442 0.06876202335696498
28 0.2582065700778623 0.8446004800082474 0.12365235870696815 0.12376777210332364
28 0.27817817186474814 0.7566231068887092 0.10586268083635879 0.07018813103709683
28 0.2906582672258435 0.6992963401956617 0.10379084486680376 0.05764266693047428
28 0.30050811110406395 0.6490690196625483 0.09923067885919253 0.060631274610606314
28 0.3104534554765761 0.5964979491294349 0.09923067885919253 0.060631274610606314
28 0.31792771585669943 0.5471200747562556 0.09760451186299815 0.05902331050398359
28 0.4409885310660079 0.6293749821198183 0.0899485207602467 0.10093802586424747
28 0.42672575981146965 0.7304517488128658 0.09020318874502423 0.10718802586424747
28 0.4614694688224489 0.5288976090002802 0.0853246877564409 0.1023641335443795
28 0.6840447361598356 0.04564352513933164 0.07761034684397003 0.0662447771178887
28 0.6744349728139627 0.10912936361913372 0.07761034684397003 0.0662447771178887
28 0.664857042966187 0.17183395209893576 0.07923651384016459 0.06785274122451135
28 0.6560285296203142 0.2352970585254265 0.07917284684397004 0.06629024122451135
28 0.643693014297275 0.3082260931651626 0.08130834980971961 0.08039820533113406
28 0.5716589164275406 0.7738343727903338 0.09508168973360753 0.11201191818411545
28 0.6057487094309089 0.5691779650310596 0.08369852076024671 0.10075616943775678
28 0.5891103546782734 0.6711041778840409 0.08707818874502422 0.10709709765100221
28 0.7697063690499105 0.20311739284859348 0.0730501808363588 0.06923338479802066
28 0.7800655488976862 0.14039007231548006 0.07266817885919252 0.05985838479802066
28 0.7617546061983291 0.26421401722177285 0.07592051285158127 0.06307431301126601
28 0.7505505093543591 0.3285265698081976 0.07761034684397003 0.06624477711788863
28 0.7267350300774247 0.6257425506078678 0.061667011862997965 0.05797763605166182
28 0.7203776007239406 0.6860124608744244 0.06173067885919252 0.05954013605166182
28 0.7110225053628454 0.7432482993542264 0.06479201186299814 0.05806856426490725
28 0.7029115750207782 0.8082511737274058 0.06673651384016441 0.06748902837152997
28 0.8154646076440228 0.6504721144770635 0.05847834486680377 0.05632420783841656
28 0.8075446782905388 0.710787488850243 0.053599843878220456 0.05150031551854859
28 0.8004696659332492 0.769517631170111 0.05854201186299797 0.05788670783841639
28 0.7956110695835706 0.831304577330045 0.05879667984777583 0.06413670783841638
28 0.8682394391649538 0.6575200848518923 0.058542011862998324 0.05788670783841639
28 0.8634126763133725 0.7185257810118264 0.05366351087441501 0.05306281551854841
28 0.85636949745418 0.7764746733316944 0.053790844866803765 0.05618781551854859
28 0.8476046511045014 0.8383752797581853 0.058605678859192524 0.05944920783841638
28 0.04043141003893112 0.9022240780549609 0.08086282007786225 0.1049268438900782
28 0.05396334013385258 0.791681383148668 0.10792668026770516 0.1398019490629281
28 0.0816334357049126 0.696794780483101 0.08586851581733079 0.07740959765100222
28 0.10002795003936864 0.6283713894168741 0.08411501482874764 0.0726766335443795
28 0.11617421486811626 0.5576724445105814 0.08261618182494201 0.07419366943775678
28 0.1321613122063779 0.49087974960428865 0.07773768083635883 0.06936977711788864
28 0.15720507456366759 0.4316267700582597 0.050538510874414924 0.05297188730530315
28 0.1695260024342769 0.3782062533652123 0.05222834486680372 0.056142351411925785
28 0.18360043129346937 0.3200527725655422 0.054109179847775656 0.06400031551854841
28 0.1933547746773983 0.2721692020324288 0.04897601087441492 0.05292642319868044