28 0.0421875 0.3375 0.084375 0.09765625
28 0.1515625 0.3421875 0.103125 0.10234375
28 0.2359375 0.346875 0.05390625 0.09140625
28 0.29140625 0.35 0.0421875 0.09140625
28 0.3390625 0.3515625 0.04453125 0.0875
28 0.3890625 0.353125 0.04453125 0.0875
28 0.4375 0.353125 0.04296875 0.08671875
28 0.3703125 0.4828125 0.08671875 0.071875
28 0.2734375 0.484375 0.09140625 0.071875
28 0.4671875 0.48671875 0.0875 0.0671875
28 0.9421875 0.6234375 0.053125 0.06484375
28 0.88125 0.6234375 0.053125 0.06640625
28 0.821875 0.62421875 0.05546875 0.0671875
28 0.7609375 0.62578125 0.05390625 0.0671875
28 0.69140625 0.62578125 0.0671875 0.0671875
28 0.24609375 0.628125 0.0953125 0.07578125
28 0.4421875 0.6296875 0.08671875 0.06484375
28 0.34375 0.6296875 0.09140625 0.06875
28 0.8015625 0.72890625 0.05625 0.0609375
28 0.86171875 0.72890625 0.0484375 0.0609375
28 0.74296875 0.73046875 0.0515625 0.0640625
28 0.68125 0.7296875 0.053125 0.06640625
28 0.39921875 0.753125 0.0484375 0.05078125
28 0.3421875 0.75625 0.04921875 0.05078125
28 0.28671875 0.75625 0.0484375 0.05390625
28 0.225 0.759375 0.05625 0.05546875
28 0.38359375 0.84140625 0.0453125 0.0484375
28 0.3265625 0.84296875 0.04296875 0.0453125
28 0.2703125 0.84609375 0.046875 0.0484375
28 0.2109375 0.85078125 0.05390625 0.0484375
28 0.38203125 0.89296875 0.0484375 0.0484375
28 0.32421875 0.89765625 0.0453125 0.0453125
28 0.26875 0.9 0.046875 0.04296875
28 0.209375 0.9015625 0.04921875 0.046875
28 0.065625 0.12109375 0.10546875 0.1109375
28 0.18125 0.125 0.11640625 0.11328125
28 0.275 0.1515625 0.0625 0.07109375
28 0.34140625 0.1578125 0.0578125 0.071875
28 0.40859375 0.1625 0.0609375 0.06953125
28 0.4734375 0.1671875 0.05625 0.06640625
28 0.53125 0.18203125 0.04453125 0.0421875
28 0.5828125 0.1859375 0.046875 0.040625
28 0.6390625 0.190625 0.05546875 0.04296875
28 0.684375 0.1921875 0.04453125 0.03984375