35 0.15703125 0.22396744291364595 0.271875 0.40007796086541686
35 0.1390625 0.6297992156150696 0.278125 0.5533484312301391
35 0.27421875 0.6266950122521877 0.2125 0.49088349240055573
35 0.29609375 0.22407915852871554 0.203125 0.41410278685347246
35 0.3734375 0.23056685429215307 0.2 0.4390300516711113
35 0.37578125 0.6478089056789239 0.2359375 0.49455400626826423
35 0.1171875 0.9058525693385416 0.16875 0.1648651998475003
35 0.2171875 0.9027113451740973 0.1375 0.19382534802388918
35 0.3109375 0.9131202086812154 0.1125 0.17375958263756922
35 0.396875 0.9100685970739585 0.1375 0.17986280585208297
35 0.4453125 0.23380226348645872 0.178125 0.4510209053945834
35 0.86328125 0.5286868441272576 0.16875 0.14611519984750015
35 0.8515625 0.3362265871934035 0.13125 0.10617987765916678
35 0.859375 0.2840646751493063 0.1265625 0.09982077488562506
35 0.8421875 0.4016333816463201 0.128125 0.10610714247680572
35 0.846875 0.4564299844198619 0.1296875 0.09989351006798622