35 0.23786641842610035 0.12165677830778639 0.4430171631477993 0.2418949003549705
35 0.6678130170461285 0.12181804644877173 0.5393739659077429 0.21559034989948356
35 0.6668351237838316 0.22262657829993718 0.4862489659077429 0.2137351840202344
35 0.23811010592692422 0.24205112386128266 0.46275691882984216 0.20979172848527164
35 0.24768392897940714 0.32055806977759865 0.47671032467404084 0.20403280180624925
35 0.6869373437520596 0.3249529701325692 0.48822056899199795 0.23722724772256534
35 0.9339289407472346 0.10296887584501721 0.13126936525911964 0.09515378729346101
35 0.9234629991892211 0.1651414936310321 0.15067393019392802 0.13330855172143127
35 0.9335862471606262 0.2569569713985135 0.1268273271096728 0.10905259618646843
35 0.9282072260573079 0.34119556214268637 0.13502165665497756 0.1312004146981227
35 0.25500945941821634 0.3935144201404184 0.4825784951287361 0.18237605661557277
35 0.5666410657521777 0.8124579154159128 0.13880122158978558 0.1688095421027845
35 0.37295924959955346 0.8017857663268867 0.10067393019392785 0.13156251324684395
35 0.3212467451353266 0.8085789141499685 0.09436938311602719 0.12821925843752036
35 0.43878880114168106 0.7923586918247827 0.10061938311602714 0.12843751324684388
35 0.4942030040637803 0.7974207032575281 0.09442393019392785 0.13134425843752062