35 0.8 0.1875 0.39765625 0.21484375
35 0.4046875 0.12890625 0.478125 0.2140625
35 0.396875 0.2546875 0.42890625 0.14921875
35 0.7875 0.3125 0.415625 0.14765625
35 0.76875 0.3828125 0.421875 0.14296875
35 0.3703125 0.34453125 0.42890625 0.1703125
35 0.15625 0.078125 0.13203125 0.15625
35 0.1515625 0.1765625 0.16328125 0.10703125
35 0.1296875 0.2609375 0.15859375 0.08671875
35 0.11875 0.3375 0.18046875 0.10703125
35 0.75625 0.4484375 0.42890625 0.12109375
35 0.44140625 0.79765625 0.1140625 0.1421875
35 0.6171875 0.80625 0.08203125 0.11171875
35 0.66328125 0.8171875 0.0765625 0.10703125
35 0.5578125 0.790625 0.08203125 0.10703125
35 0.5078125 0.790625 0.07578125 0.11171875