28 0.7502114963531425 0.8160265698081975 0.09722164772652384 0.11214831050398359
28 0.728410408690163 0.7229585314075379 0.0955500535707225 0.10585284639736088
28 0.7050604577966586 0.6291547071135006 0.09404210064862309 0.10893238229073816
28 0.6784218656694521 0.5448168110327091 0.08277731818121907 0.0898641335443795
28 0.593424897322782 0.1802889612701358 0.07647277110331849 0.08655727711788871
28 0.5562266806009649 0.03736346727397926 0.07652731818121908 0.07472693454795852
28 0.5744078904229232 0.10666124465623068 0.07641822402541756 0.08343227711788871
28 0.6252089111224997 0.32772625092443686 0.07485572402541774 0.083386813011266
28 0.6085083806836906 0.2555928381505977 0.0731841298696164 0.07709134890464338
28 0.6426634180223585 0.4013994316449646 0.07493754464226861 0.08807431301126609
28 0.6585826984611677 0.4735555764721152 0.0684966298696164 0.0769549565847754
28 0.5339918015454229 0.4537552050019296 0.07997960064862326 0.10852320533113406
28 0.5557928892084025 0.5468232434025895 0.07830800649282174 0.10222774122451135
28 0.48519361160896707 0.25215325257378945 0.07663641233702041 0.09593227711788872
28 0.5760314768713821 0.6399367459098719 0.07671823295387128 0.10061977711788864
28 0.4634061607154626 0.1583039641731297 0.07521028003177203 0.103699313011266
28 0.5978325645343616 0.7330047843105316 0.07833528003177222 0.10379024122451135
28 0.5076395815771949 0.3530110589211379 0.08000687418757338 0.11008570533113407
28 0.6202376241941641 0.8362063406578801 0.08000687418757338 0.11008570533113407
28 0.44006984659143333 0.06371888987909258 0.07521028003177221 0.103699313011266
28 0.4511502536567432 0.5920341064929977 0.09409664772652385 0.11205738229073817
28 0.49839958036267423 0.7929002730277606 0.10517051542127547 0.12018813103709683
28 0.473664407472347 0.6889856628403461 0.10196369480442442 0.11540970282385157
28 0.5208728238698525 0.8921955793751091 0.09872960064862309 0.10906877461060631
28 0.32107438474088024 0.08123666198241634 0.06682503571381489 0.07065949247815259
28 0.4168218924548134 0.5008922809453195 0.06679776217486459 0.06909699247815268
28 0.3747140332814783 0.31861699003737715 0.06849662986961622 0.07695495658477522
28 0.39081059172346466 0.38061688486452766 0.06679776217486459 0.0690969924781526
28 0.3332510564133915 0.14413146707612357 0.06997730925276535 0.07231292069139794
28 0.3617152013005415 0.25808866699698124 0.06515344155801354 0.06436402837152996
28 0.40302817370440136 0.4411679399582349 0.06995003571381493 0.07075042069139795
28 0.34708568547222896 0.20151205806320807 0.06995003571381497 0.07075042069139796
28 0.865660587259238 0.37538954645123257 0.09842959172016919 0.09188127461060622
28 0.7715204439936455 0.00978755931684932 0.09758411201270896 0.01957511863369864
28 0.8475475612846555 0.2947078477840161 0.10012845941492117 0.09973923871722894
28 0.8271726059269241 0.20940684527673364 0.1001011858759707 0.09817673871722887
28 0.8074970799523419 0.12877061071613985 0.10004663879807012 0.09505173871722893
28 0.7885891672082843 0.04889289410223469 0.09999209172016954 0.09192673871722891
28 0.8253320474882331 0.6279977209035543 0.08266822402541756 0.0836141335443795
28 0.8420462146965175 0.6993498836773935 0.08266822402541792 0.0836141335443795
28 0.857211518674277 0.7699662605578552 0.0826409504864671 0.0820516335443795
28 0.8006417390462467 0.5662478786628284 0.06200116801906326 0.06271060015828453
28 0.7875610864484589 0.5104070556224326 0.06367276217486477 0.06900606426490725
28 0.7737400941590966 0.45224521463534806 0.06205571509696384 0.06583560015828453
28 0.7598781915613089 0.39642712364826355 0.06361821509696383 0.06588106426490725
28 0.7460026521940459 0.3413902826611791 0.06518071509696384 0.06592652837152997
28 0.7250413157488824 0.28968303015389657 0.03996252678536116 0.05269910266556703
28 0.7134140689952932 0.240046743006878 0.03996252678536116 0.05269910266556703
28 0.6800130081176748 0.0957799174591997 0.04157957386326192 0.055869566772189704
28 0.7032675016248531 0.1950524917532368 0.038236385551659244 0.043278638558944316
28 0.6916129813323136 0.14697870460621826 0.039907979707460586 0.049574102665567034