28 0.1078125 0.325 0.09375 0.07421875
28 0.2046875 0.325 0.08671875 0.07421875
28 0.30234375 0.3265625 0.0921875 0.071875
28 0.39140625 0.3328125 0.0734375 0.06484375
28 0.7703125 0.3328125 0.071875 0.05859375
28 0.9265625 0.33515625 0.07578125 0.0578125
28 0.846875 0.334375 0.06953125 0.05859375
28 0.6171875 0.33515625 0.06875 0.0578125
28 0.6921875 0.33515625 0.0625 0.0578125
28 0.54140625 0.33515625 0.0734375 0.0578125
28 0.46640625 0.3359375 0.0640625 0.05390625
28 0.51953125 0.4515625 0.0953125 0.05546875
28 0.42265625 0.4515625 0.0890625 0.05625
28 0.72890625 0.453125 0.0828125 0.05546875
28 0.3265625 0.453125 0.08671875 0.05625
28 0.8265625 0.453125 0.08984375 0.053125
28 0.2296875 0.453125 0.09140625 0.05625
28 0.625 0.4546875 0.09765625 0.05625
28 0.1234375 0.4546875 0.09765625 0.05625
28 0.925 0.4546875 0.09140625 0.05390625
28 0.40703125 0.5625 0.0953125 0.071875
28 0.1984375 0.5625 0.10078125 0.08203125
28 0.30625 0.5625 0.09609375 0.078125
28 0.0953125 0.56328125 0.09140625 0.0765625
28 0.93984375 0.5734375 0.0578125 0.05390625
28 0.5046875 0.575 0.05625 0.053125
28 0.69453125 0.575 0.0640625 0.053125
28 0.6296875 0.5734375 0.05546875 0.05390625
28 0.87578125 0.575 0.0578125 0.05546875
28 0.75703125 0.5734375 0.0515625 0.05390625
28 0.5671875 0.575 0.05546875 0.05546875
28 0.815625 0.575 0.05546875 0.05546875
28 0.50625 0.1140625 0.071875 0.08203125
28 0.92421875 0.1140625 0.0734375 0.08203125
28 0.58984375 0.1140625 0.0796875 0.08203125
28 0.678125 0.1140625 0.078125 0.08203125
28 0.7625 0.11484375 0.07421875 0.0828125
28 0.8453125 0.11484375 0.071875 0.0828125
28 0.27109375 0.21015625 0.0671875 0.0671875
28 0.196875 0.21015625 0.06640625 0.0671875
28 0.1234375 0.21171875 0.06640625 0.0671875
28 0.3375 0.2203125 0.04921875 0.05078125
28 0.3953125 0.2203125 0.05546875 0.05078125
28 0.45625 0.2203125 0.053125 0.05078125
28 0.5140625 0.22109375 0.053125 0.0515625
28 0.571875 0.221875 0.053125 0.053125
28 0.62734375 0.23046875 0.0453125 0.0296875
28 0.67890625 0.23046875 0.0453125 0.0296875
28 0.82890625 0.23046875 0.0484375 0.0296875
28 0.72578125 0.23046875 0.0359375 0.0296875
28 0.77578125 0.23046875 0.0421875 0.0296875