28 0.4530505889300743 0.07335753114650809 0.1032738221398514 0.09957433674699837
28 0.4249404578972156 0.1609639469597585 0.10220239546082902 0.11354583148532651
28 0.3979563172457099 0.26116136803468076 0.10236608656782167 0.11823333148532651
28 0.3774949951058586 0.3539103101562904 0.08915675843752044 0.09719278939195171
28 0.2661978195231446 0.7388474813017998 0.08279763103285882 0.0937037683452644
28 0.22380444448073558 0.8992088576525112 0.08296132213985137 0.09839126834526439
28 0.24544632070427097 0.8174884207925736 0.08118056733052796 0.09205026308359229
28 0.3146502216073956 0.5843188759977757 0.08112600362819702 0.09048776308359248
28 0.2924180683420182 0.6605250602268776 0.07929068511654283 0.08258425782192055
28 0.3369096567239384 0.5073314417686738 0.08285219473518968 0.09526626834526439
28 0.3598957781381503 0.43195201017040785 0.07465774881887369 0.08387374203690498
28 0.46166412006344953 0.5216431127024217 0.08674108656782167 0.11732327886860787
28 0.49015619701262436 0.4230991968891713 0.08334326805616729 0.10932876834526435
28 0.40176329729062604 0.7350006864364148 0.08161707694917482 0.10455026308359247
28 0.5201562102594682 0.32620878633759276 0.08328870435383635 0.1077662683452643
28 0.3732712203414512 0.8335446022496651 0.08183533175849825 0.11080026308359256
28 0.547867037208643 0.22761936789350642 0.08501489546082901 0.11254477360693613
28 0.4343798790491242 0.630434283777344 0.08679565027015249 0.11888577886860804
28 0.581373996371803 0.11997346786527155 0.08679565027015243 0.118885778868608
28 0.3462325159876148 0.9353045233245876 0.081889895460829 0.11236276308359265
28 0.6084696873939774 0.44251559677623187 0.10252977767481415 0.12292083148532651
28 0.6698511646133047 0.23159277830391067 0.11530259618646851 0.1314613735787013
28 0.6379067054501448 0.3393296835938174 0.10888890507947586 0.12640985253201392
28 0.7001512782229684 0.12610861775233206 0.10554565027015243 0.11997784200867016
28 0.4641541367688545 0.9744062787274338 0.07293155771188112 0.05118744254513245
28 0.5923412011889756 0.545693804682857 0.0712599303072194 0.07587923151356132
28 0.5370559565464532 0.7389663915710297 0.07465774881887377 0.08387374203690498
28 0.5550544775978453 0.6719076941877482 0.07125993030721922 0.07587923151356132
28 0.4836605941179159 0.9229549837208744 0.0760565577118811 0.07927724729857673
28 0.517631344750888 0.8020278336926394 0.06953373920022692 0.07110072625188942
28 0.5744790893934104 0.6088462520661386 0.0743849303072194 0.07606124203690498
28 0.5014681422111501 0.8613650363375929 0.07438493030721922 0.07606124203690498
28 0.12140619701262434 0.40162195513461496 0.1064533858421822 0.10131884727034209
28 0.025503419970782325 0.8272751315417963 0.05100683994156465 0.10142526308359257
28 0.09650291153326182 0.4870666314712091 0.10828870435383649 0.109222352532014
28 0.07068196679807219 0.5763720551769673 0.10823414065150563 0.107659852532014
28 0.05031121897106583 0.6618622341443973 0.10062243794213166 0.10453485253201382
28 0.03785957623138458 0.7458809183734992 0.07571915246276915 0.10113683674699843
28 0.28839283348777867 0.19293574182514356 0.09055556733052797 0.09259629465362354
28 0.30981645490199067 0.11746530496520573 0.0905010036281971 0.09103379465362355
28 0.331666662251052 0.05219662073610385 0.08979167549789598 0.07072129465362356
28 0.2788789350317248 0.26361996814762023 0.06629961179556502 0.06779371572854576
28 0.2627702961943177 0.32139467079257356 0.06808036660488855 0.07413472099021767
28 0.24412693439875258 0.38450161554501916 0.06797123920022674 0.07100972099021767
28 0.22799101371018007 0.44305756818997255 0.06953373920022683 0.0711007262518896
28 0.21182781117044208 0.5023947708349259 0.07115080290255767 0.07275423151356133
28 0.20350439048186958 0.5614057497882385 0.04409722958157998 0.057144642065139986
28 0.1891492246026205 0.6138027076948637 0.04409722958157998 0.057144642065139986
28 0.14468491807186576 0.7662150761530675 0.04420635698624169 0.06026964206513981
28 0.17495774983036397 0.6615121656014888 0.04059028366526398 0.04602513154179633
28 0.16065714765344574 0.7123466235081141 0.04237103847458741 0.052366136803468064