6 0.27986340909390484 0.4508905277074778 0.1360114123370204 0.10000861621110371
6 0.2563203636375619 0.18708058477957232 0.14269778896022584 0.12529971463952716
6 0.3513698108776184 0.1617959485094767 0.11805234496658024 0.14444782092583344
6 0.4148054249222174 0.5142531685256874 0.14337962743398439 0.16436221463952716
6 0.45513219034349284 0.3988486463997808 0.14546823295387132 0.10513276385373889
6 0.5277206619365739 0.7196748767550737 0.15870461850553053 0.1479024607105856
6 0.529399758931749 0.489096964844415 0.11059440097293453 0.16439644789030403
6 0.5216220353100731 0.26276990529112104 0.12056941882984215 0.1992080955329393
6 0.6337172918061903 0.6495507754311662 0.1488659683433749 0.12090331306795062
6 0.6433764841749827 0.45452937385958964 0.16196598620028232 0.15586050992479739
6 0.5850959744324549 0.12029561496824945 0.14943871266133185 0.15371581306795057
6 0.2516623169666984 0.36435156017246645 0.1266091387980701 0.09800946856846852