6 0.5050003348170152 0.6416586965308408 0.21157624837514694 0.21683401775758923
6 0.8063758741842781 0.5844309620489347 0.20439894805083547 0.1636726563212708
6 0.12820600973593735 0.6305682230690287 0.23895695454365712 0.26386355386194255
6 0.6512519975610728 0.5603309075978169 0.18854785145940198 0.24013516237139498
6 0.8521638867661799 0.47712245609700643 0.24546032467404083 0.18890900565734067
6 0.2814752857105197 0.5484182775201465 0.2640387751605081 0.26869649960721664
6 0.7004865641207341 0.3819013805686497 0.22388533360249455 0.20596924063022612
6 0.5778927694784652 0.2966683833973201 0.2731137662320545 0.25156354176169426
6 0.295602420858437 0.28346544321119105 0.27284103084255096 0.23593854176169424
6 0.11317570454365711 0.26186822004396654 0.2225876607121673 0.3106385599120669
6 0.46380041070887207 0.7880069765850701 0.2317796542193456 0.2107021924256241
6 0.8139037763750288 0.7023678957921561 0.18433190990138834 0.17761698165323558
6 0.657049804378206 0.7134377268796577 0.16259327759614006 0.1853022166261212