6 0.478125 0.36171875 0.18359375 0.1921875
6 0.78125 0.3796875 0.18359375 0.13828125
6 0.10625 0.41953125 0.2125 0.2359375
6 0.6328125 0.4234375 0.15546875 0.21875
6 0.840625 0.47890625 0.22109375 0.1578125
6 0.271875 0.48125 0.22734375 0.23828125
6 0.70546875 0.5921875 0.1984375 0.178125
6 0.596875 0.690625 0.24140625 0.21875
6 0.321875 0.7390625 0.24140625 0.20390625
6 0.11875 0.78515625 0.2375 0.2796875
6 0.4171875 0.225 0.20390625 0.18359375
6 0.77265625 0.2640625 0.1609375 0.15546875
6 0.6171875 0.271875 0.13828125 0.16640625