6 0.2573413733979465 0.7681904220357565 0.07805556733052796 0.08793633723582168
6 0.5174504941791863 0.7205740368899204 0.09200893992586608 0.08489315046753827
6 0.6368081293883963 0.6925303292407898 0.12158731252120454 0.08194086729005097
6 0.9497470619730504 0.6242196490136098 0.10050587605389935 0.12569995764913067
6 0.3605903697697494 0.6816347776183423 0.08543155771188111 0.07548178903121965
6 0.6865973090626435 0.6414490973911625 0.12542164065150557 0.10227154800821019
6 0.8267039538905003 0.6257872150739969 0.10020338584218216 0.09587610226293623
6 0.1911409653232457 0.6849648315784809 0.08452382213985135 0.09422269867214013
6 0.2596900686812903 0.6564353105994379 0.10343751324684387 0.09901928298109546
6 0.5701811353788461 0.6194655339630541 0.08657739546082902 0.10829428903121965
6 0.12391625978828287 0.6619136718393647 0.10757937622353535 0.08342155405833437
6 0.4184549442718534 0.6156597987937771 0.11221231252120453 0.0818863251355733
6 0.8655184280297847 0.5513275705583871 0.11917164065150558 0.10223518657189175
6 0.6106498787554241 0.5700013442679045 0.1108135036281972 0.0865647347764936
6 0.9574033053496283 0.5241651068591322 0.08519338930074341 0.12246587334017515
6 0.17572180724854491 0.6014438044511179 0.07567461179556512 0.06448974687674217
6 0.45113846949959696 0.5670223108940255 0.1075793762235353 0.08342155405833437
6 0.31761664136929585 0.547482491415793 0.10456350362819702 0.08652837334017498
6 0.8024802254900468 0.49152584456249204 0.1286557680561672 0.10541472872636941
6 0.11212060951813041 0.5478966236347628 0.08806548439090339 0.061437469749379046
6 0.6150521473597456 0.47229964247250644 0.11185021397248338 0.1162522347764936
6 0.9287227777596321 0.43687418511796344 0.12752977767481397 0.11790563836728989
6 0.20291673510869357 0.5075165424490653 0.12229664065150567 0.10225336729005079
6 0.7292485674153459 0.4083411607210749 0.1400843413771451 0.11954086123992677
6 0.500724263331662 0.4206103983262389 0.13583335099579194 0.132013590162688
6 0.3801662266711731 0.41427910597536943 0.11815477767481415 0.11785109621281205
6 0.14164936369448164 0.43129493091455096 0.08764882213985134 0.09424087939029935
6 0.22445194001068422 0.4081523467037914 0.1255307680561674 0.10539654800821019
6 0.6522569922802697 0.3517462479568965 0.11604664065150558 0.10221700585373253
6 0.049642912968842226 0.4146392169207086 0.07298612141421193 0.07697156615858276
6 0.8515104586150057 0.30682813681516563 0.1163740228654909 0.11159200585373252
6 0.5425446863824872 0.32034677791293 0.15203870435383635 0.10398858411256366
6 0.417008973042976 0.3281098018188392 0.11319445916315996 0.1100113251355733
6 0.7362202753125615 0.2723354830279778 0.11417660580511538 0.1381363251355733
6 0.035949946001134006 0.3357965994342659 0.05149306733052792 0.0877818011314682
6 0.12257692676384031 0.3102875393258073 0.10436509618646847 0.12558178298109554
6 0.6320040012659444 0.24168544672723255 0.11530259618646851 0.12564541549465286
6 0.24308783420556895 0.2705159913175971 0.11928076805616732 0.10536018657189175
6 0.47389140090312465 0.2340098229942739 0.12138890507947586 0.12099427693097128
6 0.3614186827542901 0.2354455788480064 0.10803573320977708 0.14122496369925477
6 0.8039310757680485 0.17504687168985514 0.14353672359113007 0.128934041958086
6 0.5480803798517324 0.16559564539937263 0.128764895460829 0.10853972872636941
6 0.6327901965492881 0.12993942564999367 0.14784227767481414 0.11802381303532483
6 0.09148563947037928 0.18075457543016085 0.11114088584218221 0.0959397347764936
6 0.4022396009957919 0.12893650361423728 0.12462303248413771 0.12413745764913058
6 0.7461061628840241 0.08552128425764177 0.13517858656782167 0.11326359016268787
6 0.20577382876327333 0.14180063885826913 0.1340525961864685 0.12575449980360828
6 0.49916667549789595 0.06438416598563218 0.14520835099579193 0.12876833197126436
6 0.6140550655164294 0.04293589198152709 0.13123513103285872 0.08587178396305419
6 0.7476661736837974 0.02074727459328028 0.18283234736759474 0.04149454918656056
6 0.7744346480775357 0.9191195794371815 0.07600199400955035 0.0738647468767418
6 0.865349824756558 0.904525293431024 0.08932044954451328 0.09737496974937905
6 0.9612475737222818 0.8398537393726896 0.07750485255543645 0.08957156010845857
6 0.6770760092401288 0.8610803413410382 0.08866568511654264 0.07862496974937905
6 0.5822173770261436 0.8522553080653552 0.10875993030721923 0.0724931444174139
6 0.7804812622353536 0.8237525372827038 0.11911707694917481 0.10067268657189174
6 0.8810343337422328 0.7942554139425287 0.08635914065150559 0.10204428903121983
6 0.9390725230351269 0.7556287302975033 0.1013293762235353 0.08338519262201594
6 0.47095992929572905 0.7989853832009285 0.07287699400955017 0.07384656615858276
6 0.655942564504939 0.7705598804704539 0.1583432680561673 0.10558744554888211
6 0.8161161726723071 0.7477485734852533 0.11286707694917482 0.1006363251355733
6 0.9749578822988031 0.7076770436274156 0.050084235402393776 0.08948974687674216
6 0.3662079419096008 0.7753711420797229 0.09033731252120454 0.08175906010845857