6 0.29510900868240286 0.23530273750696815 0.08321247579950324 0.06923178903121974
6 0.3239572131100796 0.49405556879086143 0.07861587939029935 0.0848295179539809
6 0.3426168304001306 0.6129101079202771 0.07252041549465282 0.11135565651766229
6 0.3859411461659299 0.9415658521647405 0.11475336729005096 0.11686829567051901
6 0.3723123789975159 0.3459044151018694 0.0691954275949012 0.07696247579950315
6 0.38824294778837737 0.6670799783335859 0.09284200585373252 0.11303633118569749
6 0.3945161945669235 0.8053930445903645 0.0880272408266178 0.09113406010845856
6 0.3799380057555366 0.1795481620768073 0.08793633723582168 0.07550906010845856
6 0.40300332191411936 0.24999247228346175 0.09116133118569744 0.09271474082661779
6 0.4172804871141847 0.5555339451560987 0.10199883723582168 0.07559087334017515
6 0.40769484621281205 0.11643053854024041 0.0755817829810955 0.10043633723582164
6 0.43283224336070064 0.40875439392643464 0.07247496369925481 0.10354315651766247
6 0.4643110649802324 0.8511100655694076 0.0928147347764936 0.10834883118569749
6 0.4628566075274936 0.6011100655694076 0.07871587334017516 0.10201701795398091
6 0.481321823859027 0.9535618581166687 0.11461701190385672 0.09287628376666249
6 0.46271414431921815 0.17377995110802705 0.05820338544042354 0.06752384328594588
6 0.4775771167990716 0.4457322191602038 0.07558178298109546 0.10043633723582168
6 0.5049612525340829 0.3185520956236369 0.07867951190385654 0.0957670179539809
6 0.527269607232906 0.7960094751121322 0.09598518657189174 0.11617951190385653
6 0.519418141392352 0.11786174921443308 0.05360678903121965 0.083121572208707
6 0.5582509207592101 0.6157270774732643 0.10839428298109546 0.1006272347764936
6 0.5709837666774347 0.9243844599868215 0.10846700585373234 0.11312723477649342
6 0.5519902677575892 0.2110168515755652 0.0928238251355733 0.10991133118569747
6 0.6128434928697213 0.7340094448615111 0.1101022287263694 0.1256363251355733
6 0.6162265263417961 0.50981796593875 0.12101245764913067 0.12101245764913067
6 0.6303884994108249 0.3927168243500064 0.10842155405833438 0.1053147347764936
6 0.6298152859079618 0.15990886952954614 0.08795451795398072 0.07863406010845857
6 0.6466987797596417 0.2420355682998821 0.09596700585373252 0.1130545119038567
6 0.6725997670702182 0.6656094236860763 0.09279655405833438 0.10522383118569749
6 0.6542471384654857 0.062398065274820017 0.07238406010845858 0.08791815651766241
6 0.7026559474937898 0.8634338453290493 0.10217155405833438 0.10527837334017534
6 0.7110577581914235 0.5619304326630669 0.09300563231716552 0.1411613311856975
6 0.7119021198241338 0.4385020230221464 0.10215337334017516 0.10215337334017516
6 0.7442071223582165 0.754304285024199 0.12871587334017534 0.10230790944452864
6 0.7307050993360701 0.04487474286972128 0.08328519867214013 0.08173178903121973
6 0.7508681292921036 0.1535821223582165 0.11615224082661779 0.0912976865718917
6 0.7819202249157404 0.6568707488216496 0.11621587334017516 0.10223518657189175
6 0.7804788821207739 0.2748440440011894 0.09593973477649378 0.10836701190385671
6 0.7997793697259379 0.503854833130605 0.11000223477649343 0.1084488251355733
6 0.8061697494108249 0.39373948974646333 0.13179542154477702 0.09451359016268786
6 0.8345008451326577 0.8321707306712771 0.11793290944452864 0.12880677693097126
6 0.8611759328594586 0.5831156071347101 0.10224427693097127 0.11777837334017516
6 0.8391352228726369 0.017381522825754718 0.09077044574527386 0.025527240826617826
6 0.8905866977883774 0.670002528777683 0.10703177088084707 0.1349931444174139
6 0.8773306353422278 0.13713094144366553 0.08809087334017533 0.10207156010845857
6 0.9064697312604523 0.4458837727275588 0.1131363251355733 0.11002950585373253
6 0.9256298391807292 0.7850462666774346 0.10384313836729006 0.12403746369925486
6 0.9084720719141195 0.25293320344571807 0.11475336729005078 0.11941359621281214
6 0.9506141201187213 0.5492723931408678 0.09877175976255756 0.12871587334017515
6 0.9689283037637468 0.6626581822702834 0.06214339247250642 0.11756929508134402
6 0.985639080792914 0.7955661310406194 0.02872183841417204 0.1736283975406719
6 0.112802586253863 0.7240692799560334 0.06757838544042355 0.06757838544042354
6 0.12112869154186141 0.8123959817514315 0.09107951795398087 0.07865224082661797
6 0.17644342631835502 0.9205266443192179 0.08484769867214012 0.08174087939029917
6 0.176342390606785 0.6345982346782978 0.07234769867214012 0.08166815651766246
6 0.19064980942108756 0.5424970930895542 0.06308178298109554 0.10036361436318479
6 0.20507189948557958 0.7386681111417308 0.09125223477649361 0.10833974082661779
6 0.2267610680052945 0.8411345809893056 0.095739746876742 0.07399201190385654
6 0.26148150165031997 0.9007095688890573 0.0755363311856975 0.09262383723582168
6 0.2509873457218328 0.43972661709365923 0.06756020472226432 0.06445338544042353
6 0.2653367129136878 0.6233976351458359 0.09304199375348414 0.1474113311856975
6 0.27641563436026906 0.7820504724798534 0.09277837334017516 0.10209883118569749
6 0.30245648047488527 0.9601204094445286 0.08172269867214013 0.07975918111094274
6 0.28087885792027706 0.34068512909571175 0.07547269867214013 0.08168633723582168