6 0.2873757175098838 0.441100226040128 0.1285704275949012 0.0840249314570917
6 0.30298812373295864 0.17551302339517463 0.13184087334017516 0.10920694198043535
6 0.40150743696467517 0.16718385488050114 0.09918290944452864 0.1338583314853265
6 0.4142649495559029 0.5266421548663838 0.12427381303532492 0.15093941567207594
6 0.47115581987101596 0.41976209428657024 0.1379636083130606 0.08769596302712265
6 0.49815763964383597 0.7487894416274996 0.1429056383672897 0.13171897881213823
6 0.5330876724285398 0.5210585547534443 0.08681926483072289 0.1565677893919517
6 0.5570620244950844 0.295815631047686 0.09169766237139498 0.18965330517696727
6 0.6133377329297819 0.6976658283603804 0.13805451190385654 0.10332096302712265
6 0.6519603922761147 0.5068812046405048 0.14452268052176756 0.14118498407380997
6 0.6422278857350111 0.1647924151779659 0.13358518052176754 0.14054794724210717
6 0.27227341315696185 0.35034642342340955 0.1191954275949012 0.08347889988706055