6 0.753125 0.2953125 0.06328125 0.07734375
6 0.5046875 0.3125 0.07734375 0.071875
6 0.3890625 0.325 0.10625 0.06640625
6 0.06328125 0.3546875 0.1265625 0.10625
6 0.6453125 0.3640625 0.071875 0.06328125
6 0.3359375 0.36796875 0.10625 0.0859375
6 0.203125 0.36875 0.08359375 0.08046875
6 0.8046875 0.3796875 0.06875 0.08046875
6 0.73671875 0.3984375 0.0859375 0.08359375
6 0.4421875 0.4 0.06875 0.09453125
6 0.86484375 0.4078125 0.0921875 0.06875
6 0.5828125 0.4203125 0.09765625 0.06640625
6 0.15625 0.43359375 0.10078125 0.0859375
6 0.396875 0.4421875 0.09453125 0.071875
6 0.0515625 0.446875 0.09765625 0.10625
6 0.8078125 0.45859375 0.06328125 0.0546875
6 0.54609375 0.4625 0.0921875 0.06875
6 0.66796875 0.49375 0.0890625 0.071875
6 0.2078125 0.49609375 0.109375 0.0890625
6 0.8609375 0.515625 0.07734375 0.04921875
6 0.38046875 0.5328125 0.0921875 0.10078125
6 0.0828125 0.5328125 0.10625 0.10078125
6 0.7703125 0.54296875 0.103125 0.0859375
6 0.265625 0.58125 0.11796875 0.10078125
6 0.48125 0.59375 0.11171875 0.11171875
6 0.5921875 0.6109375 0.09765625 0.10078125
6 0.8171875 0.6203125 0.071875 0.08046875
6 0.7375 0.63359375 0.10625 0.0890625
6 0.3296875 0.64140625 0.09765625 0.0859375
6 0.9109375 0.646875 0.08046875 0.06640625
6 0.1375 0.6625 0.09765625 0.09453125
6 0.428125 0.6828125 0.13203125 0.08359375
6 0.546875 0.6875 0.09453125 0.09453125
6 0.24140625 0.70703125 0.0921875 0.1203125
6 0.9390625 0.7234375 0.10625 0.07734375
6 0.8203125 0.7359375 0.08359375 0.109375
6 0.334375 0.746875 0.09453125 0.109375
6 0.7015625 0.76015625 0.10078125 0.0890625
6 0.48125 0.7703125 0.10078125 0.103125
6 0.58671875 0.78046875 0.0859375 0.1234375
6 0.16484375 0.790625 0.1203125 0.109375
6 0.403125 0.82578125 0.109375 0.0921875
6 0.9671875 0.82734375 0.06015625 0.0859375
6 0.31953125 0.85 0.1265625 0.09765625
6 0.83125 0.859375 0.09453125 0.08046875
6 0.534375 0.875 0.103125 0.10625
6 0.2078125 0.8796875 0.11484375 0.09453125
6 0.7203125 0.884375 0.11171875 0.10625
6 0.43359375 0.93359375 0.1203125 0.1265625
6 0.3234375 0.9484375 0.11171875 0.09765625
6 0.1953125 0.9625 0.16640625 0.06875
6 0.2890625 0.1 0.06328125 0.06328125
6 0.203125 0.1046875 0.071875 0.08359375
6 0.0984375 0.1546875 0.075 0.07734375
6 0.3734375 0.1640625 0.075 0.06640625
6 0.4609375 0.18203125 0.09453125 0.0578125
6 0.271875 0.1890625 0.10078125 0.08359375
6 0.1734375 0.20546875 0.06875 0.0890625
6 0.11484375 0.2359375 0.0859375 0.06875
6 0.5578125 0.24375 0.06015625 0.06328125
6 0.38125 0.2515625 0.13828125 0.08359375
6 0.228125 0.25546875 0.09453125 0.0859375
6 0.04609375 0.2734375 0.0921875 0.075
6 0.653125 0.2765625 0.075 0.06875