35 0.9625888200674076 0.5781162517132027 0.06967721662612121 0.16337923151356132
35 0.30271437119887584 0.49122902865684653 0.09262383723582168 0.08036931043863901
35 0.37971268755385035 0.5551087891096029 0.08947156615858276 0.07549979991529554
35 0.3407865429400446 0.5293961575678068 0.08474770472226431 0.06897678413027997
35 0.22990813027406212 0.5127785339891056 0.1113920179539809 0.08458637357870132
35 0.159622901351301 0.5039957972138722 0.10040906615858276 0.07613683674699842
35 0.17311322961013217 0.468831841938083 0.08314884328594588 0.06263577886860805
35 0.2906320068356911 0.5530464891943077 0.10199883723582168 0.08091534200867016
35 0.21171666647661153 0.5500132234798792 0.09716589149054773 0.055642326223654594
35 0.09481551278761946 0.49396907885449054 0.10198974687674203 0.07935284200867017
35 0.8762417330279778 0.777843964952087 0.1631181444174139 0.11571454721387227
35 0.695150814311871 0.7399436045981524 0.17867951190385653 0.10568709983059073
35 0.021964861829101928 0.5373025789250777 0.043929723658203856 0.06210515785015538
35 0.031898398031651294 0.6253941131259447 0.06379679606330259 0.0851632262518894
35 0.11160654040596182 0.8317798919945527 0.11159200585373248 0.11896137357870132
35 0.03767569935951117 0.8031018841726322 0.07535139871902234 0.1155787683452643
35 0.7702361309614332 0.9727366338902834 0.20523292154477701 0.05452673221943307
35 0.5870605374790957 0.9157409941736308 0.18497496369925487 0.11386362087727804
35 0.26148836573792683 0.8608288971150502 0.17871587334017516 0.11193709983059072
35 0.4357434771742453 0.8647259837914614 0.1692863311856975 0.10201606826055958
35 0.7392724772724412 0.9432882049581469 0.2068863251355733 0.11342359008370621
35 0.48355023897990607 0.7072998916416169 0.14277837334017499 0.10984397881213823
35 0.6978803836919077 0.8080943651214962 0.17871587334017516 0.11193709983059072
35 0.3125701184684013 0.6778035654885495 0.12079428903121973 0.08981990514873246
35 0.20014738652057806 0.6579699366481764 0.10515110831306052 0.085784852532014
35 0.10411726903413539 0.6414356130553577 0.10518746974937895 0.092034852532014
35 0.44252175976255737 0.505623999576477 0.26022949375348403 0.16198187343752685
35 0.4898643923743105 0.5623059100574684 0.25704995159900645 0.1524248629141834
35 0.6805530248878678 0.562471051981434 0.2586124515990065 0.1525158681758551
35 0.7316791876520462 0.6404742256166049 0.26639768052176754 0.14828339448421435