35 0.7613418487183571 0.5811662235353765 0.1282738221398514 0.0995719685684687
35 0.668201973127794 0.625412837265281 0.1217510036281972 0.09146837014004525
35 0.7138592135091472 0.610765986355658 0.11361112141421188 0.08172949710451576
35 0.8436657645976062 0.6305433312694249 0.1455704495445132 0.10349748924663302
35 0.9256250927279073 0.6470715516999203 0.1342510036281972 0.09205056699689199
35 0.9092535590626435 0.6040129104674259 0.11032243030721922 0.07689644789030403
35 0.7724728108767419 0.6534222131962943 0.1360863221398514 0.09993584160399785
35 0.8625993030721937 0.6797428105912605 0.12249504809323426 0.06810364474715094
35 0.964569736563897 0.652210661915168 0.07086052687220601 0.08459763192686935
35 0.11903035234655426 0.6971596362700956 0.15549108656782162 0.1195591368892682
35 0.2990278763931714 0.720076943756475 0.22445934137714502 0.12901121960192583
35 0.42086570397531836 0.9374206474377473 0.22811013103285874 0.0995420434232436
35 0.7986558872777627 0.9550382171252357 0.21940476442797027 0.028938444994820144
35 0.5968379269334763 0.9347022541383385 0.21366568511654266 0.08794957195929101
35 0.24647333918452835 0.9181548788264976 0.25343751324684394 0.11008143713693741
35 0.5461136967189242 0.7594325804408554 0.1887946598887993 0.13514990363849116
35 0.2937798704027216 0.7938783167920043 0.229528787293461 0.14016704342324343
35 0.7427084437236994 0.7870545045526232 0.1597966406515056 0.10883996071058562
35 0.8732143992586622 0.8044517121628371 0.1441170769491748 0.10654971463952698
35 0.9455804725796397 0.8151665802359676 0.07358632213985103 0.09702485731976367
35 0.5981771606065895 0.5472921453708327 0.3314930805773718 0.20107461827801848
35 0.5427009761230189 0.5944796685301965 0.32636907095872497 0.1883562944567007
35 0.32194947730414525 0.5249442262214636 0.327931570958725 0.18842906906380658
35 0.2610963120578684 0.5974228478092509 0.33396331614940156 0.18247016749223005