35 0.515120973311423 0.6744170912075089 0.0791445989738195 0.11361112141421188
35 0.5747154852792703 0.5958357342212673 0.07431162860909737 0.1071974303072194
35 0.5519131117041661 0.6364433760538993 0.06475479065319441 0.09905754809323426
35 0.5428446233876729 0.7577553808632228 0.08263327488562507 0.12934524881887377
35 0.5410080600330549 0.8366616308632228 0.07311280452090294 0.12276786660488845
35 0.5048348239007632 0.8145063778679977 0.0585047906531944 0.09883929328391083
35 0.5786197756481244 0.6963987294119439 0.07936280452090294 0.12298612141421188
35 0.5836144405420132 0.7836531927514551 0.05098323138263901 0.11106647477225647
35 0.5355198198167006 0.9047667901190499 0.07783667211208342 0.12449405771188111
35 0.7516871737276041 0.10255198177419664 0.09687761284152785 0.13764882213985136
35 0.7360407238801039 0.27171120954167804 0.09684255167111129 0.20321925843752053
35 0.5885707782135755 0.97316956053747 0.05806707313826394 0.012956356986241601
35 0.680849197191527 0.9660440520999494 0.07699891109416654 0.02142362141421188
35 0.8747453207666311 0.9194616848620887 0.10854115824437507 0.10214783175849824
35 0.9714333632227776 0.2533431223408843 0.04796864057694457 0.18277778366526395
35 0.9269533985576386 0.42038677860148643 0.10327438962701407 0.211250013246844
35 0.8967865877684715 0.7774006704341184 0.10316528685347244 0.20656251324684405
35 0.8864342352792705 0.5849502756062617 0.09349934612402819 0.19373513103285872
35 0.9416731280404165 0.25750483268517055 0.10858013867708358 0.23797620435383654
35 0.7204475189986107 0.5056596236068286 0.106979964665139 0.16922620435383634
35 0.8037912683330205 0.27871268849028585 0.1063266544446531 0.20823414065150558
35 0.7052004594437147 0.6911978195231446 0.08604921561506948 0.1419543762235353
35 0.6937700373316312 0.8133729198859644 0.08572190729444458 0.12789187622353532
35 0.686718643904895 0.9150991109929569 0.08873780452090294 0.1233135036281972
35 0.5179582986338884 0.5189756230586744 0.15214960714194473 0.2988244243167696
35 0.5720652235957635 0.4749329571794253 0.14113937195958356 0.29531747840045364
35 0.5543913335874997 0.2616616308632228 0.13961323955076424 0.29682541469812274
35 0.6327170085493747 0.2167732275978454 0.13350870991548636 0.30285715988879935