35 0.96484375 0.4109375 0.0671875 0.146875
35 0.31328125 0.5234375 0.0796875 0.05625
35 0.4 0.56171875 0.07578125 0.0515625
35 0.3578125 0.5484375 0.071875 0.04453125
35 0.2515625 0.565625 0.09609375 0.05546875
35 0.18359375 0.57734375 0.0890625 0.0484375
35 0.18828125 0.540625 0.0734375 0.03984375
35 0.3171875 0.5859375 0.0875 0.053125
35 0.24375 0.60625 0.08984375 0.02734375
35 0.121875 0.58671875 0.08984375 0.0515625
35 0.91796875 0.6265625 0.1515625 0.06953125
35 0.7375 0.64375 0.16328125 0.05390625
35 0.040625 0.653125 0.08125 0.04375
35 0.0828125 0.73203125 0.071875 0.0640625
35 0.21796875 0.89921875 0.0890625 0.0921875
35 0.1203125 0.9 0.1 0.08671875
35 0.8734375 0.87421875 0.18984375 0.0640625
35 0.6796875 0.840625 0.16953125 0.06015625
35 0.3640625 0.88359375 0.16328125 0.0609375
35 0.0375 0.90703125 0.075 0.0890625
35 0.5265625 0.8375 0.15625 0.053125
35 0.82890625 0.8265625 0.1921875 0.0625
35 0.53359375 0.675 0.1234375 0.07109375
35 0.75625 0.70703125 0.16328125 0.0609375
35 0.3671875 0.696875 0.10703125 0.05625
35 0.2578125 0.7109375 0.09140625 0.05859375
35 0.165625 0.72265625 0.08984375 0.0640625
35 0.446875 0.496875 0.23828125 0.0875
35 0.5046875 0.53671875 0.23671875 0.0796875
35 0.68125 0.48125 0.23828125 0.078125
35 0.74765625 0.540625 0.2484375 0.07109375