35 0.9423976200205255 0.3484978134777262 0.08687380698520072 0.1649401033908222
35 0.32524752321853817 0.5946790690638066 0.0957670179539809 0.0825642510334573
35 0.423003767168414 0.6164149820079227 0.08947156615858276 0.07446065260503384
35 0.37611058645025475 0.611106743794747 0.08474770472226431 0.06799232878371626
35 0.27324011650448404 0.6500536197257605 0.11140110831306052 0.08485449710451576
35 0.20778328814745697 0.6759033362273144 0.10197156615858276 0.07504284946188058
35 0.20365432435000633 0.6374401497095498 0.08471134328594587 0.06174232878371626
35 0.3451423875817229 0.6580887516526298 0.10200792759490121 0.08129284946188058
35 0.2758293061996337 0.6923502816364191 0.09716589149054773 0.054512025640563164
35 0.14855373389273083 0.6981379011572918 0.10512383723582168 0.07987589867609249
35 0.9365516201187212 0.5755868523528557 0.12689675976255757 0.11072779238978611
35 0.7831463816297946 0.6308457789458228 0.17867951190385653 0.1036088052100677
35 0.09279915846257 0.780674265301481 0.07534543364502548 0.06286818114108109
35 0.14633776980069263 0.8542423519430802 0.08953519867214013 0.08539815260503403
35 0.3243451160135047 0.967831816996892 0.1129454275949012 0.06433636600621603
35 0.22677067924522126 0.9794927549623988 0.12371930113146812 0.0410144900752023
35 0.9372970295632499 0.8349618523528557 0.1254059408735003 0.11697779238978612
35 0.7765747156441624 0.8437631559102936 0.18653746369925486 0.11178517824559711
35 0.46947580883191237 0.9485585092009264 0.18027837334017516 0.10288298159814709
35 0.6197434535439139 0.8708243078961548 0.17242042154477702 0.1017552067816446
35 0.9082862404338343 0.7984592721213973 0.18342751913233143 0.12123295285270289
35 0.5859673754814745 0.7036710411469318 0.14278746369925485 0.10974748924663302
35 0.8178622700952802 0.6910405703021517 0.17871587334017497 0.1098588052100677
35 0.4238400802037388 0.7601649820079227 0.12236587939029935 0.0900514193542568
35 0.3178264295398089 0.7958413087247245 0.10829428903121974 0.08783394789030403
35 0.2274150529781799 0.8283391315125848 0.10832156010845857 0.09252144789030403
35 0.4530179992144331 0.5397090868464869 0.26180108411256364 0.1605908593866781
35 0.5211367401392468 0.5686560322555918 0.2601931323171655 0.15270558477957225
35 0.6853987071581512 0.47633375330525973 0.260184041958086 0.15114308477957222
35 0.7661174420328407 0.5230503955712112 0.26953177088084707 0.14689223242220742