35 0.43805562694132555 0.5109287679920773 0.14249012268015626 0.327988066996892
35 0.5138517459084667 0.4181911503332315 0.12064983901489228 0.2832919971045159
35 0.5642336918247828 0.42679986290584404 0.11881452050323808 0.27540672249741005
35 0.5668849435540633 0.15014758747016868 0.1388194856568477 0.30029517494033736
35 0.6068576683263198 0.19084093817490366 0.10511411905195925 0.24044952564056316
35 0.6418427927357566 0.22912003412212778 0.0956845553496283 0.23845037799792798
35 0.6074033384667382 0.4529599485139859 0.09535717313564333 0.229075377997928
35 0.41806559698907664 0.8796445347413003 0.19771828130301133 0.2120035020669146
35 0.4707590326537736 0.7527695115819364 0.11012402286549072 0.11588617328319835
35 0.6741097550637775 0.9514487983901514 0.20599702885594057 0.0470334735308672
35 0.7980283384667383 0.4440814464470713 0.10856650126594439 0.2499700748547749
35 0.8005829419096008 0.7413203194826006 0.09977185462398878 0.22148120181924558
35 0.7472496107840747 0.7602372934277527 0.09640875244707062 0.1698459272121397
35 0.8361012573412122 0.45874110587653066 0.08609130054030487 0.23176373035529285
35 0.6878298714142119 0.05764648728441692 0.08605160580511537 0.11529297456883383
35 0.6351314573490614 0.050271711953440025 0.08556053248413757 0.10054342390688005
35 0.592951391832632 0.007621889372722132 0.06230159255827132 0.015243778745444265
35 0.5443229188744739 0.00413517038996878 0.06827877404661713 0.00827034077993756
35 0.05189990524911192 0.7691481062863063 0.05600200725639415 0.17420378742738746
35 0.20963304889584244 0.8267507828792734 0.20396828130301126 0.21229460049533805
35 0.26313252721147806 0.633323960505698 0.11805062867060609 0.2535317224974101
35 0.3957491089699762 0.7335700554194646 0.08572422359113023 0.13190927956950455