35 0.45 0.43984375 0.303125 0.1109375
35 0.5390625 0.5109375 0.26328125 0.09375
35 0.53125 0.559375 0.25625 0.09140625
35 0.803125 0.5578125 0.28828125 0.109375
35 0.7578125 0.596875 0.22265625 0.08046875
35 0.72109375 0.63125 0.2234375 0.071875
35 0.50625 0.60234375 0.2125 0.0734375
35 0.09375 0.4265625 0.1875 0.17578125
35 0.2171875 0.475 0.103125 0.09765625
35 0.0203125 0.675 0.0375 0.19609375
35 0.515625 0.784375 0.23203125 0.08515625
35 0.23046875 0.7921875 0.2046875 0.078125
35 0.21171875 0.74140625 0.1546875 0.0796875
35 0.5015625 0.821875 0.21640625 0.06484375
35 0.9 0.671875 0.13125 0.071875
35 0.9140625 0.621875 0.13203125 0.071875
35 0.9625 0.58046875 0.06484375 0.0578125
35 0.9671875 0.53359375 0.0625 0.0640625
35 0.1984375 0.046875 0.16328125 0.09375
35 0.14453125 0.225 0.1859375 0.18125
35 0.33125 0.2734375 0.234375 0.09375
35 0.23515625 0.403125 0.1203125 0.07109375