35 0.5644514269442217 0.5690571063273706 0.33104326866768635 0.1729149431795715
35 0.46035821631148466 0.5117883027566483 0.286856892044481 0.147151284088962
35 0.45947182629559863 0.4610070527566482 0.27740007142762996 0.14230014285525988
35 0.18378207954200948 0.5061796363624381 0.3153364480508353 0.1679547077900679
35 0.2228076233734993 0.4600001116056718 0.24118983603812652 0.12604785145940198
35 0.2533212378218401 0.41835808238467853 0.2410534683433748 0.11823535145940198
35 0.475032596588138 0.41285592491562684 0.23008869480442445 0.1164819366867496
35 0.9074381732940691 0.5251527422827718 0.18512365341186196 0.21272964529089186
35 0.7928025235356551 0.49650381655307063 0.12392051542127547 0.11931483603812651
35 0.9496080823846785 0.26259424106495566 0.07229556006354407 0.20432503571381497
35 0.4304353425309483 0.2293206761334428 0.25223643019392783 0.13248876623205438
35 0.7169125848203105 0.17574525730030538 0.22392051542127547 0.12106034253094826
35 0.7458830645277711 0.22467368100141147 0.17219437418757338 0.11078531574558707
35 0.43678475405718975 0.19038090705871932 0.2314875535707225 0.10713421022569998
35 0.07190759658813806 0.4058193518664391 0.13137845941492107 0.09913870373287818
35 0.07050478368192478 0.45968469155801356 0.12666368587597074 0.0974943831160271
35 0.033069013389385324 0.5074539898537302 0.04961026217486462 0.06803297970746058
35 0.03546335632737069 0.5551375133926806 0.05281708279171564 0.07277502678536116
35 0.8938891055132965 0.9184527288900911 0.17992505357072233 0.10623418344033872
35 0.9014530004037418 0.73829762458802 0.19709399919251638 0.2208148806803953
35 0.717042413144504 0.7201128660666033 0.25552507142762976 0.14191831330995514
35 0.7886565401747465 0.5721896091667444 0.1360114123370204 0.09609552434972919