35 0.20754251670908896 0.32080854300336814 0.0670431440165447 0.12454901384016441
35 0.25461641669318064 0.20559471988539424 0.06231928134945388 0.12123301285158128
35 0.23338685403404388 0.2601721319386727 0.06206474267981754 0.09935801285158127
35 0.150374359365044 0.23961028114036997 0.06720677601845368 0.13861151384016443
35 0.1846851773551808 0.16838653855474378 0.07963405068427191 0.1328708498097196
35 0.08462209003022587 0.22599876730020557 0.07807155068427192 0.13280718281352516
35 0.03756527669477143 0.2084637574143738 0.048384050684271915 0.1315975098858317
35 0.06546246268299924 0.12292284684397006 0.06798747867599957 0.07148768083635884
35 0.12256643801718103 0.13149669220506535 0.06798747867599957 0.07148768083635884
35 0.15943918200986318 0.07911845011373073 0.0663158906747269 0.06204901384016446
35 0.10309827534213596 0.06901393825073265 0.06326361600890866 0.06817167984777565
35 0.7957975893936791 0.47674675007436207 0.1172260520369072 0.27652269072219055
35 0.7237589573917701 0.45975556824942004 0.08922832137172562 0.2863141847906915
35 0.49306239337999785 0.36367776980884453 0.19088063335454458 0.16395370653952135
35 0.5155993700270443 0.2201333582498576 0.1795795066836355 0.1322580375661606
35 0.3186981927116343 0.34407889973316985 0.1877556333545444 0.1638263725471326
35 0.3528271973663167 0.2572301571475437 0.1704772266868173 0.15531353558899427