35 0.8171875 0.6772099125557324 0.06875 0.12736247867599956
35 0.76640625 0.7996758058959594 0.0625 0.12260225334181776
35 0.78984375 0.7415905858927777 0.0640625 0.1038704346753633
35 0.87578125 0.7585593625477782 0.0703125 0.14300566000954493
35 0.8390625 0.8347678738860962 0.08125 0.1368829293443632
35 0.94453125 0.7694781338717787 0.0796875 0.13686474801081766
35 0.95546875 0.8748196145369604 0.053125 0.07249316534054487
35 0.903125 0.8699599392107329 0.0703125 0.07269316000954511
35 0.86328125 0.9258923132161417 0.0671875 0.06328179734245439
35 0.9234375 0.9345673318746421 0.065625 0.06795111600890849
35 0.203125 0.5452926766390922 0.11875 0.2857567813494537
35 0.278125 0.5592637226289108 0.090625 0.29636701734563575
35 0.51875 0.6470887972629124 0.1953125 0.16633516669318063
35 0.49375 0.7981609485996394 0.1859375 0.1334135786919081
35 0.70078125 0.658251921904868 0.1953125 0.16633516669318063
35 0.66484375 0.7500763425764132 0.1765625 0.15830449069063518