35 0.7703125 0.36484375 0.05625 0.1109375
35 0.73046875 0.25234375 0.0515625 0.1078125
35 0.7484375 0.30546875 0.053125 0.0890625
35 0.8265625 0.29375 0.05625 0.125
35 0.79765625 0.2234375 0.0671875 0.11875
35 0.8890625 0.2859375 0.06640625 0.11875
35 0.946875 0.27421875 0.0625 0.1203125
35 0.9109375 0.19140625 0.06015625 0.0609375
35 0.85625 0.19453125 0.06015625 0.0609375
35 0.82421875 0.1421875 0.0578125 0.053125
35 0.878125 0.13671875 0.05546875 0.0578125
35 0.2125 0.46015625 0.09375 0.2515625
35 0.28046875 0.45 0.0671875 0.26328125
35 0.5 0.38046875 0.16953125 0.1390625
35 0.48515625 0.24375 0.1609375 0.109375
35 0.665625 0.37734375 0.16796875 0.1390625
35 0.63671875 0.2921875 0.1515625 0.13203125