35 0.12810625831603079 0.943678078130301 0.25621251663206157 0.11264384373939791
35 0.13780711749572166 0.904685043916883 0.27561423499144333 0.16478178493120837
35 0.13846305300494793 0.8608531983633867 0.27692610600989587 0.1492659123358699
35 0.21628661070687033 0.4798140186891395 0.43257322141374066 0.20025303737827901
35 0.19999448179591003 0.5496354453681619 0.39998896359182007 0.18677089073632375
35 0.18489312656247306 0.6086012176006804 0.3697862531249461 0.17948418039203737
35 0.1692646384365283 0.6715278035355299 0.3385292768730566 0.1704712789407587
35 0.1557940371493452 0.7313839531727101 0.3115880742986904 0.16943456859647235
35 0.6346145925733676 0.5153497916394483 0.4825226156156063 0.19929073810391848
35 0.5985336084289703 0.5837624857416658 0.48363008930724727 0.19153280180624926
35 0.5612541453312604 0.6458706161415524 0.47572658404557533 0.18969748329459507
35 0.5332586769718787 0.7098686287554241 0.48353908404557516 0.18997030180624924
35 0.5084792138741687 0.7724132687739574 0.47581758930724705 0.19125998329459507
35 0.7925889033649425 0.8003398944493387 0.16639781570031092 0.09937006134007831
35 0.8199851322476679 0.7331895999843016 0.16639781570031112 0.09937006134007813
35 0.8453183321911982 0.6745784918169335 0.16639781570031084 0.09937006134007813
35 0.8775308636906421 0.5919396066077235 0.1874229472421071 0.13908732576804841
35 0.7267613791227218 0.21012906750016397 0.483341662970653 0.21335323810391849
35 0.31533032643541614 0.13704865453132173 0.42114549985882566 0.16284231741534594
35 0.27321915016940923 0.1880283119730503 0.398709057737216 0.17921136188038309
35 0.19095341076334008 0.25639387685650755 0.2712519156720761 0.13265876569391466
35 0.702126129193309 0.2836384893698628 0.38584503669052844 0.17252485226173625
35 0.7014347403942895 0.9881349667360402 0.1471326052334369 0.023730066527919647