35 0.037133636616820474 0.8545137596109385 0.07426727323364095 0.2402775192218769
35 0.07122709961809315 0.8493249706013579 0.1424541992361863 0.2671542797373263
35 0.11123946721836893 0.8532212545225558 0.13274196403563474 0.2692966338757693
35 0.5049627425605049 0.7932497902527761 0.17694759205917912 0.4135004194944479
35 0.4321155885582778 0.8079364099950512 0.16250328405472483 0.38412718000989765
35 0.37259513788991416 0.8208541508363684 0.16055897605027045 0.3582916983272632
35 0.30602525588800517 0.8352525045225558 0.15076580537872514 0.32949499095488843
35 0.24418832721995978 0.8461147614199607 0.1519828600413617 0.30777047716007855
35 0.4717268126193658 0.3733721387370094 0.17909189473263343 0.4950269742194024
35 0.4010052326145933 0.40484346675617056 0.1697168947326333 0.49453565128862387
35 0.3372785399427299 0.43980828697341573 0.16960780673136072 0.48516065128862385
35 0.2705541166056846 0.46367183288040115 0.16971689473263335 0.49453565128862387
35 0.20621889660250298 0.4837519595200813 0.1696078067313606 0.48516065128862385
35 0.18072164664227386 0.18926829715018098 0.09253404002227165 0.1688119549975256
35 0.2497807293125464 0.16630883197589005 0.09253404002227175 0.16881195499752563
35 0.3110182213160463 0.14372118102595038 0.09253404002227175 0.16881195499752563
35 0.3949937793205006 0.11528964382539209 0.1334135786919079 0.19281602103089918
35 0.7876159892982288 0.3000286504956544 0.1947350760661788 0.4974083457707
35 0.8584064632400044 0.7329064275194475 0.1424271413908155 0.4306435696514182
35 0.8055718172342772 0.7723507078226007 0.16244874005408852 0.40670810266810503
35 0.735067865889596 0.8523004794193267 0.12187718936981647 0.2749734237898611
35 0.7123069066279564 0.32266056704942636 0.1560532893857248 0.39388055404758593