35 0.86953125 0.08046875 0.2609375 0.1140625
35 0.85859375 0.1375 0.2828125 0.125
35 0.85625 0.18046875 0.28515625 0.1078125
35 0.7703125 0.55078125 0.453125 0.1359375
35 0.7890625 0.484375 0.41953125 0.12734375
35 0.8046875 0.4265625 0.38828125 0.125
35 0.82265625 0.365625 0.3546875 0.12109375
35 0.8375 0.30703125 0.32421875 0.1234375
35 0.3375 0.4859375 0.45546875 0.134375
35 0.375 0.42109375 0.45703125 0.1265625
35 0.415625 0.3625 0.44921875 0.125
35 0.4453125 0.3015625 0.45703125 0.125
35 0.4734375 0.24140625 0.44921875 0.1265625
35 0.1953125 0.19453125 0.15234375 0.0765625
35 0.165625 0.25859375 0.15234375 0.0765625
35 0.1375 0.31484375 0.15234375 0.0765625
35 0.1 0.3921875 0.16953125 0.11328125
35 0.23046875 0.78125 0.4578125 0.14921875
35 0.634375 0.88125 0.39921875 0.10546875
35 0.67734375 0.834375 0.3734375 0.125
35 0.76171875 0.77265625 0.2515625 0.0953125
35 0.26015625 0.71015625 0.3609375 0.1203125
35 0.29296875 0.009375 0.1421875 0.015625