35 0.13269372321463876 0.05078527429869269 0.1859568652591197 0.0916976623713949
35 0.14254601014626972 0.024086939793345544 0.19615797970746054 0.04817387958669109
35 0.8219070385597792 0.6646815434310239 0.08990797970746059 0.04895565046753827
35 0.8310462593387861 0.633381546456086 0.09308752678536117 0.05209883118569749
35 0.8348394610430695 0.5950821157379268 0.09621252678536116 0.052117011903856716
35 0.8339178892084025 0.5583724560970065 0.11032957386326174 0.0553238251355733
35 0.8307207512211112 0.5177701819947055 0.1325045827917158 0.07263859016268803
35 0.8331423676980471 0.4685423416356258 0.14015344155801363 0.063309041958086
35 0.49186417167251123 0.06041324171038061 0.28315914772652384 0.11101126463433117
35 0.4744408924515181 0.03125402429869269 0.4167432150969638 0.06250804859738537
35 0.8791323465914334 0.07144008265863541 0.16863299756436803 0.08378516842151909
35 0.8336522512178159 0.03655199825148413 0.23670115909060954 0.04512264422102228
35 0.6562547650208289 0.6672076214934635 0.26548072402541756 0.0827862706844554
35 0.6607337593387861 0.6343723955957643 0.2655625446422686 0.08747377068445542
35 0.6568099184293956 0.5906496666730032 0.2861750535707223 0.10477944535249044
35 0.6303525584452817 0.5400274979568965 0.26548072402541756 0.0827862706844554
35 0.6294855336885153 0.5001928383159762 0.2704136858759707 0.09687604176169415
35 0.410079194403978 0.6733268530485033 0.2734023181812191 0.08908172247985355
35 0.396040013803013 0.6273194614597596 0.2799796006486231 0.107868083916172
35 0.3892229979747004 0.5703336632551578 0.2704136858759707 0.09687604176169415
35 0.37532018506848713 0.516513771666414 0.2450591298696163 0.07641809601642038
35 0.3634065661559195 0.482992744539051 0.2450864034085667 0.07798059601642038
35 0.14149529444204545 0.6725648255283567 0.2829905888840909 0.11573512607064966
35 0.13943150365674326 0.6045960755283566 0.27671823295387143 0.1000374031980126
35 0.13181435430371874 0.5569898225032945 0.2636287086074375 0.0827771803253757
35 0.12974333969322213 0.5257670935805334 0.25948667938644426 0.0827771803253757
35 0.12734988393010138 0.48673640983731215 0.25469976786020276 0.0827771803253757
35 0.6447115186742769 0.791480913647941 0.26871481818121906 0.08905445140261463
35 0.6234092629922341 0.7587956786750558 0.24985572402541756 0.0826953670936593