35 0.2484375 0.05234375 0.26328125 0.0734375
35 0.27109375 0.021875 0.2828125 0.04296875
35 0.7359375 0.665625 0.084375 0.03828125
35 0.75625 0.6359375 0.08671875 0.040625
35 0.7734375 0.603125 0.08984375 0.040625
35 0.7828125 0.56953125 0.10078125 0.0421875
35 0.7953125 0.53046875 0.12109375 0.0578125
35 0.8140625 0.4859375 0.12890625 0.046875
35 0.6328125 0.0875 0.265625 0.08203125
35 0.63671875 0.03828125 0.3953125 0.0734375
35 0.96015625 0.1234375 0.0796875 0.06875
35 0.9296875 0.0640625 0.13828125 0.07578125
35 0.578125 0.659375 0.24609375 0.05625
35 0.5921875 0.6296875 0.24765625 0.06015625
35 0.60390625 0.5890625 0.2671875 0.07578125
35 0.5984375 0.540625 0.24609375 0.05625
35 0.6109375 0.503125 0.25 0.07109375
35 0.3390625 0.6515625 0.25625 0.06015625
35 0.34140625 0.60859375 0.2609375 0.0796875
35 0.3546875 0.5546875 0.25 0.06875
35 0.3609375 0.503125 0.22734375 0.05078125
35 0.3609375 0.4734375 0.228125 0.053125
35 0.1078125 0.634375 0.21484375 0.08671875
35 0.11640625 0.57265625 0.2328125 0.0734375
35 0.11875 0.52421875 0.2375 0.0546875
35 0.12265625 0.496875 0.2453125 0.05546875
35 0.1296875 0.46328125 0.25 0.0578125
35 0.52265625 0.775 0.2515625 0.0625
35 0.51171875 0.7421875 0.2328125 0.05859375