35 0.9109375 0.8859375 0.17578125 0.07578125
35 0.9078125 0.93125 0.18359375 0.06875
35 0.91171875 0.9578125 0.1765625 0.04296875
35 0.1390625 0.353125 0.08671875 0.03828125
35 0.134375 0.38671875 0.08984375 0.0421875
35 0.134375 0.42421875 0.09375 0.0421875
35 0.14375 0.459375 0.10546875 0.04296875
35 0.1515625 0.5 0.12734375 0.06015625
35 0.15625 0.54921875 0.134375 0.0484375
35 0.55703125 0.91484375 0.2765625 0.0828125
35 0.5828125 0.965625 0.41484375 0.06875
35 0.17890625 0.946875 0.1515625 0.06484375
35 0.2296875 0.98125 0.23203125 0.03515625
35 0.3015625 0.3328125 0.25859375 0.05625
35 0.3015625 0.365625 0.259375 0.06015625
35 0.3125 0.40859375 0.27734375 0.0765625
35 0.346875 0.45703125 0.259375 0.0578125
35 0.353125 0.496875 0.26171875 0.071875
35 0.5453125 0.29921875 0.26796875 0.0609375
35 0.5640625 0.3421875 0.27265625 0.08203125
35 0.5828125 0.4 0.26171875 0.06953125
35 0.603125 0.45 0.23828125 0.05078125
35 0.61953125 0.4828125 0.2390625 0.053125
35 0.81328125 0.27265625 0.2796875 0.0890625
35 0.82421875 0.33828125 0.2703125 0.0734375
35 0.8359375 0.3859375 0.25703125 0.05625
35 0.846875 0.41640625 0.25859375 0.0578125
35 0.859375 0.45390625 0.26328125 0.0578125
35 0.29375 0.2078125 0.26328125 0.0625
35 0.321875 0.2390625 0.24375 0.05859375