35 0.10613838339511147 0.06841698904295138 0.16722719473518963 0.09348872158978572
35 0.11450644410221747 0.03177215137997177 0.17411211179556507 0.06354430275994354
35 0.11365327223251857 0.01143237784102143 0.16331845553496285 0.02286475568204286
35 0.841780662081416 0.6677029594215116 0.09538691106992588 0.04851141233702041
35 0.8500123135326948 0.6332052284962352 0.09867560217691818 0.05325345941492117
35 0.8537201560909662 0.5941018181878096 0.10336310217691817 0.053335280031772216
35 0.8487796849469067 0.5567109123436109 0.11591766587924904 0.055115968343374885
35 0.8448387186121706 0.5130563697299372 0.14162699400955034 0.07586484496658023
35 0.8450768207890889 0.46152114326888755 0.1458779843909034 0.06344666558343129
35 0.4664856063532695 0.056661688314898005 0.297514895460829 0.11293992532266392
35 0.44424850780454833 0.02849141842610035 0.43962798439090334 0.0569828368522007
35 0.8643328293114274 0.04425182265203649 0.16684524881887378 0.0825512215897857
35 0.8153695396557137 0.017375955968286942 0.24495040145127894 0.034751911936573884
35 0.6695509980162655 0.6808592987060491 0.2777281851165426 0.0829251428552599
35 0.6731224313187096 0.6456621383976235 0.2778373125212045 0.08605014285525989
35 0.6668922786863046 0.6004860060923752 0.2988591406515056 0.1067171988616142
35 0.6359349445655536 0.5479337504103323 0.27778274881887377 0.08448764285525989
35 0.6342831645284868 0.5058007974882331 0.28296132213985137 0.09863196347211094
35 0.411919547290626 0.7025332958633801 0.2872668762235353 0.08777628408896199
35 0.3955877083605517 0.6559719415613088 0.29433533175849813 0.11132287824476314
35 0.3836804746026205 0.5944986534118619 0.2828521947351897 0.09550696347211093
35 0.36681292233303503 0.540919685879266 0.2555803666048885 0.07473081330995512
35 0.35397810563547927 0.5060088977298192 0.25568949400955027 0.07785581330995513
35 0.14000863603144126 0.7160771931828667 0.2800172720628825 0.11929901947846525
35 0.1352405350780584 0.6458737873386681 0.2704810701561168 0.10348310470581286
35 0.1269654882083595 0.59525617857237 0.253930976416719 0.08287059577735914
35 0.12364579800841621 0.5625254991892211 0.24729159601683243 0.0843240016215578
35 0.12042159428755192 0.5227499330365969 0.24084318857510384 0.08262513392680618
35 0.6634051470204736 0.8121365722449994 0.2826339399258663 0.08925696347211094
35 0.6380430484717523 0.7782252224071552 0.26215774881887377 0.08421490746575629