35 0.050739109610486645 0.6378209045679843 0.07820296086541689 0.2756418091359686
35 0.032079375378056066 0.6071917022839921 0.04255640159486136 0.28625840456798424
35 0.7252059006449307 0.34856464778212104 0.05835932028847246 0.09357293758467104
35 0.7003689015948613 0.32073289687760986 0.06315592306201392 0.09850609905006032
35 0.6724432701359724 0.29429987166283916 0.06322865824437507 0.10163109905006032
35 0.6415744766329864 0.275515572137809 0.06813436379145835 0.11125176051544958
35 0.6059272641520488 0.25257936114738955 0.08902874525034718 0.1373162935321364
35 0.5669732137152085 0.2216668758467107 0.07972648043270851 0.13994997060135778
35 0.1383410270698266 0.27801321460846407 0.15022343123013915 0.2856586182719372
35 0.09110235115802104 0.2599315999545715 0.17653397093340312 0.4103244255988835
35 0.18186824905006946 0.03606140999505122 0.10748649810013892 0.05869332654882313
35 0.6842023069894448 0.49779336386092304 0.11995404977125013 0.2591027623244718
35 0.6587295283040977 0.47617066937884706 0.12307904977125013 0.25926653663473137
35 0.6215198158231601 0.4531525712332979 0.14397343123013898 0.2853310696514182
35 0.5729186616628474 0.4435828194242756 0.11995404977125013 0.259102762324472
35 0.5388339491819101 0.42072849558898584 0.13572452013597242 0.2661716338757694
35 0.6239415266885769 0.7248228533454735 0.12642225531833357 0.2688053109449909
35 0.5830255859591326 0.7101937873120999 0.14695296086541704 0.2792448439616777
35 0.533188586909063 0.6810518419255127 0.13259952013597243 0.2660078595655099
35 0.48433285961048667 0.6605445901164904 0.10854377108590292 0.23821705223856354
35 0.4552447716545839 0.65121717774659 0.11170513867708358 0.23994332654882305
35 0.5553045487244105 0.9114199361143331 0.14219141926229178 0.17716012777133372
35 0.4971283728126049 0.8944028544771273 0.13354377108590293 0.21119429104574544
35 0.4516340348567021 0.8868000554043526 0.11661084422416686 0.22639988919129478
35 0.4256163955140285 0.8790522927969674 0.11991768218006964 0.24189541440606527
35 0.3948021533978132 0.8696191994568874 0.12315178495361137 0.26076160108622515
35 0.785330355526424 0.5850244482116623 0.12791202013597242 0.26576219810012064
35 0.7502286569131948 0.5855257372212429 0.11966310904180588 0.24660276232447184