35 0.9531427542231421 0.39892093113749205 0.0815301109788372 0.28197369629109836
35 0.9718556503039337 0.42806952057661396 0.04283132383181894 0.2924265174128546
35 0.25447295585985946 0.7198808893028363 0.05893238229073816 0.09513543758467122
35 0.2795040481005852 0.7470132773624772 0.060540346397360875 0.0967798247398008
35 0.30770560444793366 0.7727469397323776 0.06223923871722885 0.10154921189493038
35 0.33843276722177285 0.7923534328349726 0.06724498746358769 0.11273237336031983
35 0.37458321588898935 0.8138090309805218 0.08823944906292791 0.13723440637700657
35 0.4143671299164698 0.8448443470138954 0.07743834138279593 0.14134869629109836
35 0.8539046545270759 0.7708568068726611 0.14729150329870536 0.29010045680654795
35 0.9003704775674718 0.7873759215265536 0.16816159593514257 0.4175637155129751
35 0.8083491474674469 0.9955946195151327 0.10301735141192588 0.008810760969734589
35 0.29888584857543893 0.564937761758645 0.11687657759274242 0.2635446008590826
35 0.32483458313603275 0.5874235933958507 0.12165500580598776 0.26691526232447205
35 0.3625475318032492 0.6089610786965297 0.14108696740532797 0.29133540818602893
35 0.4124111394833812 0.6162689676606817 0.11687657759274242 0.2635446008590826
35 0.446172374043975 0.6391642350735364 0.13116639812585582 0.2720940852552506
35 0.3643674107287751 0.33128978007601073 0.1234902904457238 0.2763721494796017
35 0.40699517992910506 0.34526042684207886 0.14242214687221452 0.2836047953411587
35 0.4570717362764534 0.37214050938379584 0.12960389812585582 0.2720121981001206
35 0.5065716311036039 0.39194839834794787 0.10539350831327017 0.24422139077317429
35 0.5368585246771133 0.399795197872978 0.10856397241989306 0.2459476650834338
35 0.4369340471761484 0.12305123416902515 0.13550690564770312 0.20679663387576935
35 0.496658388163233 0.14104763964152062 0.12855822367353403 0.23607469810012063
35 0.5425702817367422 0.14971331071784827 0.1117344365265156 0.2476739393936934
35 0.5719849970970061 0.16064416666531356 0.11356972116625172 0.25713082654882313
35 0.602112766297336 0.17395971619034373 0.11857546991261039 0.26831398801421236
35 0.19729826801319567 0.47980476594251653 0.12330843401923311 0.27012214947960167
35 0.23256817827975235 0.477740976932936 0.11495036473976095 0.25096271370395296