35 0.909375 0.096875 0.18125 0.071875
35 0.903125 0.0515625 0.19140625 0.06484375
35 0.90703125 0.03125 0.1859375 0.02734375
35 0.1546875 0.6296875 0.08515625 0.03828125
35 0.15 0.5984375 0.0875 0.040625
35 0.15 0.5609375 0.09140625 0.040625
35 0.15625 0.52578125 0.103125 0.0421875
35 0.16328125 0.48515625 0.1234375 0.0578125
35 0.1671875 0.4375 0.13203125 0.046875
35 0.5515625 0.0703125 0.27265625 0.08046875
35 0.575 0.0265625 0.40625 0.053125
35 0.1703125 0.04296875 0.15859375 0.0640625
35 0.21953125 0.01171875 0.2328125 0.0234375
35 0.3171875 0.6484375 0.25625 0.05390625
35 0.3171875 0.61640625 0.25625 0.0578125
35 0.3265625 0.57421875 0.27421875 0.0734375
35 0.3578125 0.5265625 0.25625 0.05390625
35 0.3640625 0.4875 0.25859375 0.06875
35 0.55859375 0.67890625 0.2640625 0.0578125
35 0.578125 0.6359375 0.26796875 0.078125
35 0.5921875 0.58046875 0.25859375 0.0671875
35 0.61171875 0.52890625 0.2359375 0.0484375
35 0.62734375 0.496875 0.2359375 0.05078125
35 0.82578125 0.7046875 0.2765625 0.08515625
35 0.8328125 0.6375 0.265625 0.06953125
35 0.84609375 0.5921875 0.2546875 0.053125
35 0.85390625 0.5609375 0.2546875 0.05390625
35 0.865625 0.525 0.259375 0.05390625
35 0.3140625 0.771875 0.259375 0.06015625
35 0.3390625 0.7421875 0.240625 0.05625