35 0.8722989561751007 0.9254988010055211 0.08263304220663699 0.1490023979889578
35 0.9192285032530014 0.9229556824644101 0.07649213636243815 0.15408863507117979
35 0.9441603194056256 0.9273165273541671 0.04823076866768652 0.14536694529166566
35 0.3556578904229231 0.13176567838034753 0.042152318181219076 0.0884455573706945
35 0.39010107427029894 0.12865951538631976 0.04692163879807003 0.09324216014423614
35 0.428382324270299 0.12955052137024342 0.047003459414921164 0.09792966014423614
35 0.46336129626712186 0.14052504217180595 0.04719437418757337 0.10886716014423614
35 0.5061800418028949 0.15011890092927124 0.0663807508107789 0.13430357123840286
35 0.5552896976470936 0.1575144800514588 0.055552344966580236 0.14029899810013896
35 0.915208799516828 0.5824671139788897 0.09402628408896163 0.2864479526972918
35 0.9577138993546722 0.6100297227363549 0.07148090259449233 0.42649107123840296
35 0.9602266136375619 0.19742061996281332 0.07147735389503396 0.1578501740119445
35 0.984340223621676 0.24878375142170223 0.027555804381501403 0.23648301386770837
35 0.3293293952941871 0.29684516451263915 0.06713650162155779 0.2670797036472223
35 0.3636907585247119 0.29842650151861144 0.07185127516050809 0.26875130642076395
35 0.40567370698258437 0.31112717648048643 0.08780355762791228 0.2878649823325695
35 0.45504641558672654 0.3482284393982643 0.06872627516050808 0.2686785712384028
35 0.49476743466145 0.35618706297336844 0.08281604869945838 0.27056837955902785
35 0.28593040260108304 0.5443734747331253 0.07201491639421018 0.2781263064207639
35 0.33010709659472864 0.5657224510817711 0.09394446347211086 0.2817604526972918
35 0.3883462905883742 0.587398735751042 0.08125354869945856 0.2705320119678474
35 0.43874571104306953 0.6104556824644101 0.060531945615203496 0.24662173328249998
35 0.4712582021146157 0.6284069018792018 0.06365694561520333 0.24669446846486132
35 0.24989389651529836 0.817864872909514 0.10033083116686256 0.2897184230620141
35 0.3160955949731708 0.8311292455346877 0.08454218993316047 0.27997974715020824
35 0.364301269892093 0.8455378908612851 0.06710922808260751 0.2655172036472223
35 0.39536035511944057 0.8572027426848962 0.0686990016215578 0.267116071238403
35 0.4333825064994123 0.8685178565248093 0.06878082223840884 0.26296428695038154
35 0.2021629232973643 0.28372495583142376 0.07346832223840882 0.2719126740119445
35 0.23211347605730787 0.31412162385944464 0.06845353977100474 0.2530535712384028