28 0.696875 0.72890625 0.05 0.071875
28 0.74140625 0.715625 0.0515625 0.0734375
28 0.13359375 0.87890625 0.053125 0.0703125
28 0.56484375 0.76171875 0.053125 0.075
28 0.65390625 0.7375 0.05 0.06875
28 0.17578125 0.865625 0.0546875 0.0703125
28 0.26484375 0.8421875 0.053125 0.0703125
28 0.34921875 0.81953125 0.0515625 0.0703125
28 0.39609375 0.80703125 0.0546875 0.0703125
28 0.3078125 0.8296875 0.0484375 0.065625
28 0.21953125 0.85390625 0.053125 0.0703125
28 0.52578125 0.771875 0.0453125 0.065625
28 0.61015625 0.7484375 0.05 0.0671875
28 0.43984375 0.7953125 0.0515625 0.0703125
28 0.48125 0.784375 0.053125 0.0703125
28 0.9828125 0.540625 0.034375 0.05
28 0.93984375 0.55390625 0.04375 0.0484375
28 0.89140625 0.53203125 0.05625 0.06875
28 0.84296875 0.54375 0.0578125 0.071875
28 0.78984375 0.55625 0.05625 0.071875
28 0.93984375 0.5078125 0.0515625 0.053125
28 0.98125 0.4953125 0.0375 0.05
28 0.9515625 0.425 0.096875 0.084375
28 0.8703125 0.446875 0.1015625 0.0859375
28 0.45625 0.5578125 0.0984375 0.0828125
28 0.78515625 0.46953125 0.0984375 0.0828125
28 0.62265625 0.51328125 0.0890625 0.0796875
28 0.7046875 0.49140625 0.0984375 0.0828125
28 0.5421875 0.5328125 0.0953125 0.0765625
28 0.13125 0.640625 0.06875 0.065625
28 0.06640625 0.65703125 0.071875 0.0671875
28 0.19609375 0.62265625 0.06875 0.0671875
28 0.38515625 0.571875 0.065625 0.065625
28 0.25859375 0.6046875 0.06875 0.0671875
28 0.32109375 0.58828125 0.0671875 0.0625
28 0.578125 0.4296875 0.0484375 0.065625
28 0.4171875 0.4734375 0.05 0.06875
28 0.45703125 0.4625 0.0453125 0.065625
28 0.53671875 0.440625 0.0484375 0.065625
28 0.49609375 0.45078125 0.05 0.06875
28 0.375 0.48359375 0.05 0.06875
28 0.80625 0.36796875 0.0984375 0.0765625
28 0.8984375 0.3421875 0.0953125 0.075
28 0.72265625 0.3875 0.09375 0.0734375
28 0.63828125 0.41015625 0.09375 0.0734375
28 0.65546875 0.33984375 0.0421875 0.03125
28 0.47890625 0.38671875 0.0421875 0.03125
28 0.56796875 0.36171875 0.0421875 0.028125
28 0.6984375 0.3265625 0.0421875 0.03125
28 0.87578125 0.27890625 0.04375 0.03125
28 0.52578125 0.37265625 0.0421875 0.0296875
28 0.9265625 0.26484375 0.0484375 0.034375
28 0.6140625 0.34921875 0.0421875 0.03125
28 0.7859375 0.303125 0.04375 0.0296875
28 0.8296875 0.29140625 0.0421875 0.0296875
28 0.74140625 0.31484375 0.0421875 0.03125
28 0.2109375 0.43984375 0.084375 0.0609375
28 0.428125 0.3796875 0.0515625 0.0484375
28 0.3265625 0.40625 0.0484375 0.0484375
28 0.378125 0.39296875 0.0453125 0.0453125
28 0.27421875 0.41875 0.05 0.0484375
28 0.1296875 0.45859375 0.08125 0.0609375
28 0.05078125 0.4765625 0.084375 0.0640625
28 0.471875 0.36015625 0.0421875 0.03125
28 0.60546875 0.32265625 0.046875 0.0328125
28 0.5609375 0.33515625 0.04375 0.03125
28 0.51640625 0.34765625 0.0421875 0.034375
28 0.92265625 0.23828125 0.04375 0.0296875
28 0.73828125 0.2875 0.040625 0.0296875
28 0.69453125 0.29921875 0.0421875 0.03125
28 0.78203125 0.27421875 0.0453125 0.03125
28 0.825 0.2625 0.04375 0.0296875
28 0.86875 0.25078125 0.0484375 0.0328125
28 0.6515625 0.3078125 0.040625 0.028125
28 0.7484375 0.20390625 0.0765625 0.0640625
28 0.54609375 0.25859375 0.075 0.0625
28 0.615625 0.240625 0.071875 0.0609375
28 0.6828125 0.221875 0.075 0.0625
28 0.88125 0.16875 0.071875 0.0578125
28 0.81640625 0.1859375 0.075 0.0578125
28 0.4734375 0.2765625 0.08125 0.0640625
28 0.36640625 0.3015625 0.05 0.0515625
28 0.41640625 0.2875 0.0515625 0.0515625
28 0.3109375 0.31640625 0.0578125 0.0546875
28 0.2609375 0.32734375 0.0578125 0.0578125
28 0.2078125 0.34140625 0.0578125 0.0546875
28 0.10703125 0.36953125 0.05625 0.0546875
28 0.15703125 0.3546875 0.0609375 0.0578125
28 0.0515625 0.38203125 0.053125 0.0515625