28 0.62734375 0.228125 0.0328125 0.06484375
28 0.671875 0.22890625 0.03515625 0.0640625
28 0.06015625 0.22890625 0.0359375 0.0609375
28 0.4953125 0.2296875 0.03515625 0.06640625
28 0.58515625 0.23046875 0.0328125 0.0609375
28 0.103125 0.23046875 0.03828125 0.0609375
28 0.19296875 0.2296875 0.0359375 0.06015625
28 0.278125 0.23046875 0.03515625 0.0609375
28 0.325 0.2296875 0.03828125 0.06015625
28 0.23671875 0.23125 0.0328125 0.05859375
28 0.14765625 0.23046875 0.0359375 0.0609375
28 0.45625 0.23046875 0.03125 0.0578125
28 0.540625 0.23125 0.03515625 0.05859375
28 0.36875 0.2296875 0.03515625 0.06015625
28 0.4109375 0.2296875 0.0375 0.06015625
28 0.94921875 0.3296875 0.0359375 0.040625
28 0.89921875 0.33125 0.0328125 0.03984375
28 0.859375 0.3640625 0.040625 0.05859375
28 0.8109375 0.36484375 0.04296875 0.0609375
28 0.7578125 0.365625 0.040625 0.06015625
28 0.9109375 0.37421875 0.040625 0.0421875
28 0.9578125 0.3734375 0.0375 0.040625
28 0.946875 0.4484375 0.08671875 0.0625
28 0.8609375 0.44921875 0.084375 0.0640625
28 0.44453125 0.44921875 0.0828125 0.0609375
28 0.775 0.44921875 0.08203125 0.0609375
28 0.61171875 0.44921875 0.0734375 0.0609375
28 0.69375 0.4484375 0.08203125 0.06015625
28 0.53125 0.4515625 0.08046875 0.05625
28 0.11875 0.45234375 0.05546875 0.0515625
28 0.05390625 0.453125 0.0578125 0.05078125
28 0.184375 0.453125 0.05546875 0.053125
28 0.3734375 0.453125 0.05078125 0.05078125
28 0.246875 0.4546875 0.05390625 0.053125
28 0.3109375 0.4546875 0.05546875 0.04921875
28 0.59140625 0.53828125 0.0328125 0.0578125
28 0.42890625 0.5375 0.0328125 0.06015625
28 0.46875 0.5390625 0.03125 0.05859375
28 0.54921875 0.5390625 0.0328125 0.05859375
28 0.50859375 0.5390625 0.0328125 0.06015625
28 0.38671875 0.5390625 0.0328125 0.06015625
28 0.8203125 0.5390625 0.084375 0.05390625
28 0.9140625 0.540625 0.08046875 0.05546875
28 0.7375 0.54140625 0.08046875 0.0515625
28 0.653125 0.54140625 0.08046875 0.0515625
28 0.6859375 0.60390625 0.0375 0.0203125
28 0.50859375 0.60390625 0.0359375 0.0203125
28 0.5984375 0.6046875 0.03828125 0.01796875
28 0.7296875 0.60546875 0.0375 0.0203125
28 0.9078125 0.60546875 0.03828125 0.0203125
28 0.55625 0.6046875 0.0375 0.01953125
28 0.959375 0.6046875 0.04296875 0.02265625
28 0.6453125 0.60546875 0.0375 0.0203125
28 0.81875 0.6046875 0.03984375 0.01953125
28 0.8625 0.6046875 0.0375 0.01953125
28 0.7734375 0.60546875 0.0375 0.0203125
28 0.24375 0.621875 0.071875 0.04296875
28 0.4625 0.6234375 0.040625 0.03828125
28 0.3609375 0.6234375 0.03828125 0.03828125
28 0.4125 0.6234375 0.0375 0.0375
28 0.309375 0.625 0.03984375 0.03828125
28 0.1625 0.625 0.06953125 0.04296875
28 0.08359375 0.62734375 0.0734375 0.0453125
28 0.50859375 0.63046875 0.0359375 0.0203125
28 0.64375 0.63203125 0.040625 0.0203125
28 0.5984375 0.63203125 0.03828125 0.0203125
28 0.55390625 0.63125 0.0359375 0.02421875
28 0.9625 0.63125 0.03984375 0.01953125
28 0.7765625 0.63125 0.03515625 0.01953125
28 0.7328125 0.63203125 0.0375 0.0203125
28 0.821875 0.6328125 0.040625 0.01953125
28 0.865625 0.6328125 0.03984375 0.01953125
28 0.90859375 0.63359375 0.0421875 0.0203125
28 0.690625 0.634375 0.0375 0.01796875
28 0.8078125 0.7078125 0.06484375 0.046875
28 0.6046875 0.70703125 0.06484375 0.0453125
28 0.67421875 0.70625 0.0609375 0.04453125
28 0.7421875 0.70703125 0.06484375 0.0453125
28 0.940625 0.7078125 0.06015625 0.04296875
28 0.87578125 0.7078125 0.0640625 0.040625
28 0.53125 0.70859375 0.06875 0.0453125
28 0.425 0.7125 0.03984375 0.040625
28 0.475 0.7125 0.040625 0.040625
28 0.36875 0.7125 0.046875 0.04296875
28 0.31953125 0.7140625 0.0453125 0.04453125
28 0.265625 0.71484375 0.046875 0.0421875
28 0.16328125 0.7140625 0.0453125 0.04296875
28 0.21484375 0.7140625 0.0484375 0.04453125
28 0.109375 0.715625 0.04296875 0.040625