35 0.4203125 0.59609375 0.334375 0.1453125
35 0.4515625 0.6625 0.32421875 0.11875
35 0.415625 0.4828125 0.23828125 0.09375
35 0.75625 0.5984375 0.32578125 0.11875
35 0.7359375 0.5296875 0.34140625 0.15
35 0.6875 0.4609375 0.31015625 0.115625
35 0.18046875 0.7203125 0.2453125 0.10546875
35 0.15625 0.6546875 0.25390625 0.13125
35 0.15859375 0.559375 0.2640625 0.12109375
35 0.334375 0.37421875 0.34140625 0.1296875
35 0.29375 0.3046875 0.35703125 0.13359375
35 0.2828125 0.1984375 0.29921875 0.12109375
35 0.0796875 0.3 0.15859375 0.11328125
35 0.07421875 0.3671875 0.1484375 0.10625
35 0.08671875 0.43125 0.1734375 0.10546875
35 0.5734375 0.10625 0.34140625 0.13828125
35 0.59375 0.1703125 0.334375 0.11796875
35 0.64375 0.2296875 0.37890625 0.14921875
35 0.67265625 0.30390625 0.3703125 0.1421875