35 0.456451438789567 0.5939015535673551 0.36581770678164427 0.1739566922292326
35 0.4963358841986718 0.662083927005726 0.35349748924663305 0.14420555971567522
35 0.44076431864952187 0.4750924662333375 0.2598544971045159 0.11241922852997774
35 0.8088123054149555 0.5795497247193486 0.355059989246633 0.14421465007475476
35 0.780537448095192 0.5090917789740748 0.37377575599585616 0.17712714402463056
35 0.7226114780789812 0.4392423664062882 0.3377269400324213 0.14098965612487896
35 0.2186154526433059 0.7362289123713949 0.26668669396136274 0.12495558996629619
35 0.1873247572342011 0.6680965359079618 0.27893413688926816 0.15314422247985354
35 0.1795057950758733 0.5672971051898026 0.29099748924663305 0.14384194535249045
35 0.3450450961521118 0.36519022540671975 0.37126718610347986 0.15680555366555088
35 0.2948588515287953 0.29382376463433124 0.3886730099247974 0.16159304761542667
35 0.27097824172783236 0.18355843032537578 0.32700776385373886 0.14561352361132163
35 0.08424883726077169 0.2996278161585828 0.14651974317557445 0.12738063231716562
35 0.08439869458053527 0.36992213544042357 0.139978644747151 0.12109427088084716
35 0.10229897807898129 0.4356334938516799 0.1695205955329393 0.11814198770335982
35 0.5660295684446341 0.07905377926866239 0.3726841368892682 0.15368964402463053
35 0.5938313908182096 0.13935547501393625 0.362872489246633 0.1442601018701528
35 0.6528468258882322 0.1990577279408025 0.412911030602962 0.17891690300162097
35 0.6900065316364191 0.2758156706610143 0.40324493217453855 0.17261236084714326