35 0.4038581246219439 0.5916542096264961 0.3775834053945834 0.19116572485707445
35 0.4318181640408675 0.6648362492822099 0.36282992116215296 0.16098715153609683
35 0.4082936643252079 0.4681621459241653 0.26679006933854177 0.12640876569391465
35 0.7697734121410065 0.5999527714299104 0.3659549211621528 0.16109627894075854
35 0.7527872403132634 0.5248262858578807 0.38394250816812525 0.19607147966639787
35 0.7061499360767011 0.4491740106301371 0.3486583183886111 0.15580857821511915
35 0.13525882066972195 0.7221601982785687 0.2705176413394439 0.13929071161023074
35 0.12768336322277754 0.6492137715995463 0.2553667264455551 0.1671974568009073
35 0.13507894234496506 0.5443080167902229 0.27015788468993013 0.15513396641955418
35 0.32835420402847193 0.34761652214770056 0.3818344943004169 0.1725794159640671
35 0.28956576738309003 0.2701289284083028 0.40232883225631966 0.18110124409436823
35 0.28604333672163185 0.15315968321762624 0.33630378875333344 0.16162206859647227
35 0.07355956088607617 0.2604985011811264 0.14516964247680567 0.13309029691210786
35 0.06553146818052072 0.3350173515439461 0.13106293636104144 0.1265129146981227
35 0.07644103927675333 0.40419393747879545 0.15288207855350666 0.12744049763774723
35 0.6105725176674305 0.07544640018533447 0.385104964665139 0.15089280037066893
35 0.6277405274510762 0.12873751425833424 0.37529355357097244 0.15986116115474366
35 0.677721037234722 0.19490566208141602 0.4262027433504862 0.20066969962933107
35 0.7023560549021525 0.27679057914179145 0.41660953780340293 0.19096731741534595