21 0.5953125 0.35703125 0.246875 0.2296875
21 0.15703125 0.40234375 0.2328125 0.2296875
21 0.821875 0.52890625 0.24140625 0.2296875
21 0.6078125 0.5890625 0.25 0.24140625
21 0.24140625 0.59921875 0.1953125 0.1984375
21 0.415625 0.7015625 0.20703125 0.21875
21 0.2078125 0.07734375 0.228125 0.1546875
21 0.2359375 0.8125 0.21875 0.215625
21 0.6171875 0.8390625 0.25 0.246875
21 0.86484375 0.85625 0.2640625 0.27578125
21 0.60234375 0.1234375 0.2671875 0.246875
21 0.8125 0.2109375 0.22734375 0.25
21 0.30859375 0.24296875 0.2640625 0.2671875
21 0.078125 0.24765625 0.14921875 0.2296875