21 0.6272151911421201 0.6704098895456402 0.31646589429596245 0.2908351200205255
21 0.14958885792834972 0.6989682442444634 0.29917771585669944 0.2876192164297294
21 0.8409752380998208 0.4465628025062102 0.2929647272997681 0.28913626463433123
21 0.611684327529417 0.4189973804704539 0.3216627302655176 0.3033623910977642
21 0.21505206665500215 0.4728551961380574 0.2538093853987139 0.24829309601642038
21 0.39024967931630306 0.33280639217791885 0.27038939034162973 0.27182149960721647
21 0.24099521235947727 0.9671182805452088 0.2603591798477757 0.06399990924813678
21 0.18212811460128614 0.24575688583320704 0.2828257233454353 0.27033172247985354
21 0.5898543843729496 0.1518432593697739 0.3234162312541008 0.3036865187395478
21 0.8219957223196712 0.12923648546386468 0.28100855536065766 0.25847297092772936
21 0.659372480648266 0.8779860402095702 0.32492038144438096 0.22996125253408267
21 0.8520639994313463 0.7878236067609363 0.24379239825029514 0.3091578731437835
21 0.33221707304361175 0.8369308107958296 0.34280290121604473 0.3237930657657994
21 0.09347283840383203 0.8703574309145509 0.18694567680766405 0.25886698165323585