21 0.6548677969948818 0.6472969166636606 0.2899670612921568 0.30357888006484257
21 0.6765346195813831 0.2030589191448599 0.2863327253226018 0.2909333308506309
21 0.44788692102488914 0.830259158186605 0.2882135603035737 0.2988186054577368
21 0.41993704007479965 0.6036046129013348 0.3010955622807401 0.3087758023145836
21 0.4659127959691176 0.23925532257846333 0.24542388243296429 0.24380146567298447
21 0.3362464950942652 0.3868301817602537 0.26793555239490824 0.26044531017246647
21 0.9453390163116223 0.326695588084832 0.10932196737675533 0.2616353209258334
21 0.25228403608328587 0.1825193633156196 0.268381221368269 0.27138281017246646
21 0.16828169817374544 0.5513356757643977 0.3043478962731288 0.31204635152879534
21 0.1532137495800705 0.793921282050704 0.2551119002274615 0.3284675641014079
21 0.8670660956268316 0.7078128473904568 0.2658678087463368 0.32574497849326606
21 0.7687379318993041 0.8761816261359012 0.30339289133021285 0.24763674772819755
21 0.8136393246380298 0.3911304615346461 0.33161073323126694 0.3304710198495949
21 0.8442513601898429 0.1664237140158454 0.2620728715585493 0.19311226095825473