28 0.5148427069889919 0.930948015510878 0.10242632096198286 0.09982452564056317
28 0.49881661761115775 0.830639800457066 0.09267188936371688 0.1196276033908223
28 0.46184942570130955 0.6263354441707596 0.07980786831702957 0.11279540653397539
28 0.4460963521084908 0.5307147291169478 0.07246580517696728 0.09375430810555194
28 0.4841255150791438 0.7263525607961482 0.0747563472703419 0.10632708271265763
28 0.4639021472562247 0.09668217742153672 0.07110072625188942 0.07031680810555188
28 0.5758965151497311 0.647658172459138 0.10086382096198285 0.0997517510334573
28 0.47687185509226265 0.15796427977890154 0.06797572625188959 0.07017125889134013
28 0.5975810703266984 0.7375190390845264 0.10086382096198285 0.0997517510334573
28 0.5502987337208742 0.49060980583374947 0.07789675782192056 0.0799829065339754
28 0.45805469468185844 0.03663508933219549 0.056128173635170954 0.054036836641599154
28 0.5662037257577793 0.5619389962804556 0.0780787683452644 0.0831079065339754
28 0.5185573681052679 0.3087797630296786 0.05961719468185826 0.0604323858558109
28 0.5303818048946185 0.36384825269059634 0.05658319994353036 0.061849336641599174
28 0.5429874916839692 0.41888035504796123 0.05649219468185844 0.06028683664159917
28 0.5026677866199414 0.21081529797586662 0.0322356473268119 0.045132717535011316
28 0.5122471839467532 0.2542378122438903 0.033798147326811724 0.04520549214211718
28 0.6294750834102907 0.814370483460174 0.06265118942018652 0.05901543507002245
28 0.6565674754048435 0.9298306635677978 0.06412268415851478 0.057525709677128486
28 0.643779778092149 0.8716735612104329 0.06283319994353036 0.06214043507002245