28 0.871355264318779 0.8830130688667701 0.05553459765100186 0.08404899810013902
28 0.9273648865803873 0.702143622153402 0.1024838054894186 0.14135365824437507
28 0.07740668751745941 0.8546491727776736 0.09508048244902274 0.1552343202884722
28 0.8355949237274058 0.7167711262374645 0.09899509263643722 0.1287809230620141
28 0.4848076620489234 0.778805532866319 0.10735316191590946 0.1477127610179167
28 0.4040888594624986 0.7892722138121177 0.08810305674305989 0.13008884992374997
28 0.3271853786628285 0.802772975779965 0.0801996285298145 0.1267820119678472
28 0.7582284416740945 0.7193525720009021 0.0668358105039836 0.09680357123840296
28 0.2633956633025646 0.7948890470183678 0.06384720282385156 0.10141833605604181
28 0.21149218250289445 0.8078079275273261 0.062239238717228876 0.09981946846486105
28 0.15310302098269654 0.8021404621965971 0.059676528371529924 0.06540810087368065