28 0.61484375 0.26484375 0.0578125 0.0484375
28 0.49375 0.26484375 0.046875 0.0484375
28 0.55234375 0.26484375 0.0515625 0.0484375
28 0.8140625 0.2796875 0.0375 0.02421875
28 0.85859375 0.2796875 0.0296875 0.025
28 0.9359375 0.2796875 0.02890625 0.021875
28 0.89921875 0.2796875 0.0296875 0.02421875
28 0.67421875 0.284375 0.0359375 0.03828125
28 0.71875 0.2859375 0.03984375 0.040625
28 0.76796875 0.2859375 0.0359375 0.0375
28 0.83125 0.3046875 0.03515625 0.02265625
28 0.92265625 0.30625 0.0359375 0.021875
28 0.87421875 0.30625 0.0359375 0.02421875
28 0.96484375 0.30625 0.0328125 0.02265625
28 0.35 0.3125 0.06953125 0.08671875
28 0.4265625 0.3125 0.07109375 0.08671875
28 0.49765625 0.32265625 0.0578125 0.0609375
28 0.63046875 0.321875 0.0578125 0.0625
28 0.565625 0.3234375 0.0625 0.0625
28 0.2390625 0.33046875 0.04296875 0.0515625
28 0.2875 0.3296875 0.0375 0.05078125
28 0.790625 0.33125 0.03984375 0.04921875
28 0.6890625 0.33203125 0.04453125 0.0484375
28 0.74140625 0.3328125 0.0453125 0.04921875
28 0.83203125 0.33984375 0.0296875 0.0296875
28 0.87578125 0.3390625 0.0359375 0.02890625
28 0.9578125 0.3421875 0.0375 0.02734375
28 0.9171875 0.3390625 0.03828125 0.02890625
28 0.83984375 0.39609375 0.0359375 0.0421875
28 0.88203125 0.3953125 0.0359375 0.040625
28 0.92734375 0.3953125 0.0359375 0.040625
28 0.471875 0.4296875 0.08046875 0.07109375
28 0.3890625 0.4296875 0.08203125 0.071875
28 0.078125 0.43125 0.07421875 0.06640625
28 0.1640625 0.43125 0.08046875 0.06875
28 0.6359375 0.43359375 0.07578125 0.0578125
28 0.55625 0.43515625 0.071875 0.0609375
28 0.7125 0.4375 0.06015625 0.04921875
28 0.3109375 0.4390625 0.071875 0.05625
28 0.2359375 0.4390625 0.06953125 0.05546875
28 0.790625 0.4390625 0.078125 0.05078125
28 0.9015625 0.43984375 0.03828125 0.0421875
28 0.94921875 0.44140625 0.0359375 0.0453125
28 0.85546875 0.44296875 0.0359375 0.0453125
28 0.5015625 0.771875 0.06484375 0.05078125
28 0.56875 0.77265625 0.06640625 0.0484375
28 0.1375 0.7734375 0.07109375 0.05625
28 0.2125 0.775 0.06640625 0.05546875
28 0.359375 0.7765625 0.07109375 0.05546875
28 0.43125 0.7796875 0.06875 0.03984375
28 0.2859375 0.7796875 0.071875 0.053125