28 0.1546875 0.11015625 0.07421875 0.1390625
28 0.23125 0.1140625 0.071875 0.134375
28 0.690625 0.134375 0.09375 0.11328125
28 0.5296875 0.13671875 0.071875 0.1046875
28 0.60390625 0.1390625 0.0765625 0.1
28 0.784375 0.14375 0.09140625 0.10234375
28 0.4484375 0.303125 0.03984375 0.06640625
28 0.49375 0.30625 0.03984375 0.06875
28 0.271875 0.3578125 0.053125 0.10234375
28 0.3328125 0.3578125 0.05546875 0.1
28 0.43984375 0.3765625 0.0453125 0.07109375
28 0.49140625 0.378125 0.0421875 0.06953125
28 0.5890625 0.3796875 0.053125 0.06640625
28 0.6453125 0.38125 0.05078125 0.06875
28 0.703125 0.3828125 0.05078125 0.06484375
28 0.753125 0.3953125 0.04296875 0.03984375
28 0.4078125 0.55703125 0.03828125 0.0890625
28 0.4484375 0.559375 0.03828125 0.09375
28 0.49375 0.559375 0.03984375 0.09375
28 0.25234375 0.56875 0.0765625 0.07578125
28 0.3421875 0.5703125 0.07421875 0.07421875
28 0.165625 0.56875 0.08046875 0.07109375