28 0.1140625 0.4328125 0.06015625 0.09765625
28 0.221875 0.4421875 0.04453125 0.08515625
28 0.1734375 0.43984375 0.04296875 0.0828125
28 0.271875 0.44140625 0.03984375 0.0828125
28 0.60703125 0.4421875 0.0515625 0.07421875
28 0.54609375 0.44375 0.0515625 0.07578125
28 0.75234375 0.44765625 0.0640625 0.0640625
28 0.67578125 0.44921875 0.0734375 0.0640625
28 0.1609375 0.5515625 0.03359375 0.02421875
28 0.203125 0.5515625 0.03515625 0.021875
28 0.2453125 0.5515625 0.03359375 0.021875
28 0.28828125 0.5515625 0.0359375 0.01796875
28 0.46640625 0.57890625 0.0359375 0.0578125
28 0.50625 0.5765625 0.0375 0.05390625
28 0.7328125 0.57734375 0.03984375 0.0515625
28 0.7828125 0.578125 0.040625 0.05390625
28 0.27734375 0.590625 0.0359375 0.02734375
28 0.153125 0.590625 0.03125 0.02890625
28 0.1921875 0.590625 0.03515625 0.02890625
28 0.23671875 0.59140625 0.0328125 0.0328125
28 0.765625 0.69375 0.08046875 0.0625
28 0.471875 0.82109375 0.05078125 0.0640625
28 0.5296875 0.8234375 0.05625 0.06015625
28 0.5984375 0.8296875 0.0625 0.06015625