28 0.3820736334340863 0.750879354292153 0.09211586935072642 0.13023432028847245
28 0.457963971435359 0.7620181824644101 0.08895450668363551 0.12703658510611113
28 0.2528219380967228 0.7181915280197572 0.08704656134627217 0.09731271751493047
28 0.5243611307685863 0.7627825550895837 0.06998633068109025 0.10785017401194459
28 0.1690554654280411 0.7014021118915974 0.09787497334499946 0.08819229065319459
28 0.5791031747692225 0.7687429207809032 0.06844201201463562 0.10937630642076393
28 0.3160850067631774 0.7181019154625697 0.06493520401018138 0.07649107123840278
28 0.5796106100811327 0.610984972167674 0.07291133601209036 0.09073540919430556
28 0.6421742447485417 0.6179084258148964 0.07292951734563573 0.09229790919430556
28 0.7039748107494962 0.6263761956665284 0.07134883601209037 0.09069904160312507
28 0.7658026487507689 0.6371877155181604 0.07136701734563573 0.0922615416031249
28 0.821235036083678 0.63535376500507 0.049219297342454026 0.06831489532659737
28 0.867392420751087 0.6418953589448966 0.052362478675999566 0.06995013050895835
28 0.9151213960852689 0.6492545704759035 0.06329997867599957 0.07020470364722228