28 0.3359375 0.8375 0.05390625 0.071875
28 0.28125 0.8453125 0.04296875 0.05859375
28 0.3953125 0.846875 0.05390625 0.05625
28 0.228125 0.84609375 0.04296875 0.0578125
28 0.18125 0.846875 0.040625 0.06015625
28 0.13125 0.85078125 0.040625 0.0578125
28 0.2390625 0.275 0.07578125 0.08203125
28 0.3234375 0.27734375 0.08046875 0.0828125
28 0.15546875 0.27734375 0.0734375 0.0796875
28 0.4015625 0.2796875 0.06953125 0.07421875
28 0.0796875 0.28125 0.07421875 0.078125
28 0.25078125 0.56875 0.0609375 0.05625
28 0.11875 0.5703125 0.0625 0.05859375
28 0.1859375 0.57421875 0.05390625 0.0515625
28 0.375 0.7109375 0.05625 0.05546875
28 0.3078125 0.7125 0.06015625 0.053125