28 0.400596764252272 0.4383418999765588 0.043324102665567035 0.039307939695149584
28 0.3994374295333936 0.47818564997655894 0.04475021034569897 0.034629530054229286
28 0.43233850923770706 0.39476916197861145 0.030551318025830908 0.0298602168225127
28 0.43585596582248237 0.3275907523376911 0.03376724623907634 0.03300339754067192
28 0.43333871958340603 0.36039416197861146 0.03381271034569906 0.03456589754067192
28 0.4262546791376822 0.6307112071581512 0.09713106426490725 0.06305451190385672
28 0.42544468540588837 0.6854032523376911 0.09989235141192583 0.050572692622015934
28 0.46041099960428866 0.15504813182618626 0.07534699247815269 0.06605224687674208
28 0.4578111853393814 0.21754358664664647 0.08003449247815268 0.0660795179539809
28 0.4459116127612039 0.5190879059284873 0.07185827962517113 0.05353406615858276
28 0.45918581723440816 0.2777180173648057 0.07034124373179385 0.05508747579950324
28 0.4420675472426554 0.5706367703898678 0.07020485141192587 0.05039997579950324
28 0.4543977141731297 0.46912881254434546 0.05122753087881247 0.04247839149054773
28 0.45711954889200807 0.4292941529034252 0.05122753087881229 0.042478391490547905
28 0.47190712608903895 0.3238935805965223 0.036892246239076346 0.03302157825883123
28 0.4691481874509524 0.39185778541698246 0.03693771034569906 0.03458407825883114
28 0.4709069157433401 0.3582685805965223 0.036801318025830906 0.02989657825883123
28 0.6086211790711753 0.16372421593874997 0.05591503087881229 0.04250566256778665
28 0.5845732959890142 0.560526493066113 0.07534699247815269 0.06605224687674216
28 0.6071890597125608 0.21294296593874992 0.056096887305303156 0.04875566256778663
28 0.6040807800873896 0.26605887557967034 0.05288095909205772 0.04561248184962743
28 0.5888265384671667 0.4949151286047325 0.06123902837152997 0.0644079336450254
28 0.5826183394042388 0.6277139930661131 0.08012542069139812 0.0692045179539809
28 0.5938382988920081 0.4300895593228916 0.06271060015828453 0.06129202400410509
28 0.6050151427820865 0.3145100111182898 0.05131845909205772 0.04560339149054773
28 0.6009437567304245 0.3738713755796703 0.05297188730530315 0.04873748184962743
28 0.8434327851019546 0.31120879087793146 0.04291492570596276 0.025245439695149675
28 0.8417877170761237 0.34089174569839165 0.04296038981258547 0.026807939695149673
28 0.8432449169969812 0.3713741312370111 0.044522889812585474 0.026817030054229286
28 0.9598965225655423 0.20249284191120376 0.05904003087881264 0.04252384328594587
28 0.9594275096334185 0.24546613709074355 0.062346887305303154 0.048792024004105095
28 0.958913032594672 0.29000193227028337 0.06221049498543536 0.0441045240041051
28 0.959270733769171 0.331417272629363 0.06381845909205772 0.04567611436318471
28 0.9533496912118761 0.42749284191120374 0.07029577962517095 0.05352497579950324
28 0.950886269266837 0.48530079673166393 0.07204013605166182 0.05978406615858276
28 0.9571710246771132 0.3767252274498232 0.06529003087881265 0.042560204722264315
28 0.9515933114284204 0.5415644322702834 0.06560827962517131 0.05349770472226432
28 0.9483031753767583 0.6009303419112038 0.06569920783841639 0.056622704722264314
28 0.9474022534317192 0.6587473870907437 0.06101170783841638 0.056595433645025395
28 0.9442712417532368 0.7126445467316639 0.059585600158284534 0.06127384328594587