28 0.15078125 0.2078125 0.0484375 0.071875
28 0.0953125 0.209375 0.05078125 0.07578125
28 0.2046875 0.2109375 0.053125 0.07421875
28 0.25625 0.2125 0.05078125 0.07421875
28 0.1 0.35390625 0.06953125 0.0765625
28 0.17421875 0.35625 0.0640625 0.07578125
28 0.2421875 0.35859375 0.06640625 0.0765625
28 0.3109375 0.3640625 0.04921875 0.06875
28 0.665625 0.3640625 0.03359375 0.07578125
28 0.415625 0.36484375 0.046875 0.0671875
28 0.70546875 0.3640625 0.0359375 0.07578125
28 0.7484375 0.3640625 0.0375 0.07421875
28 0.790625 0.365625 0.03984375 0.07421875
28 0.36171875 0.365625 0.0484375 0.06875
28 0.4578125 0.3734375 0.03359375 0.05078125
28 0.540625 0.3734375 0.03359375 0.05078125
28 0.83203125 0.3734375 0.0328125 0.05390625
28 0.86875 0.3734375 0.03125 0.05390625
28 0.5 0.3734375 0.03359375 0.04921875
28 0.58125 0.375 0.03515625 0.05078125
28 0.62265625 0.38671875 0.0359375 0.0296875
28 0.1046875 0.49140625 0.0625 0.0796875
28 0.16953125 0.49375 0.0609375 0.07578125
28 0.23671875 0.49453125 0.0609375 0.0734375
28 0.3734375 0.50390625 0.0625 0.0640625
28 0.43984375 0.50390625 0.0609375 0.0609375
28 0.3078125 0.5046875 0.0625 0.06484375
28 0.49296875 0.5140625 0.0359375 0.04921875
28 0.53359375 0.5109375 0.0359375 0.05078125
28 0.6578125 0.5140625 0.0375 0.04921875
28 0.5734375 0.51328125 0.03515625 0.0484375
28 0.6140625 0.5140625 0.0375 0.04921875
28 0.11796875 0.615625 0.0640625 0.05546875
28 0.18984375 0.61875 0.0640625 0.05390625
28 0.259375 0.61953125 0.05625 0.0515625
28 0.31875 0.61875 0.06015625 0.05078125
28 0.4484375 0.6203125 0.05859375 0.05078125
28 0.3875 0.6203125 0.05546875 0.04921875
28 0.509375 0.62109375 0.053125 0.0515625