28 0.046875 0.2234375 0.078125 0.12734375
28 0.13125 0.228125 0.07578125 0.12734375
28 0.20078125 0.24375 0.0578125 0.103125
28 0.2578125 0.24453125 0.06015625 0.1078125
28 0.3171875 0.2453125 0.05859375 0.10546875
28 0.54921875 0.25625 0.0671875 0.09140625
28 0.6171875 0.25703125 0.06953125 0.0921875
28 0.3765625 0.2625 0.04453125 0.071875
28 0.8453125 0.265625 0.06484375 0.08203125
28 0.76328125 0.26953125 0.0796875 0.0734375
28 0.915625 0.26953125 0.0625 0.0796875
28 0.6796875 0.27265625 0.05390625 0.0640625
28 0.9703125 0.2890625 0.03984375 0.0375
28 0.74375 0.425 0.06640625 0.06953125
28 0.67890625 0.4265625 0.0671875 0.06953125
28 0.6015625 0.4265625 0.06875 0.071875
28 0.4265625 0.428125 0.084375 0.06953125
28 0.5203125 0.43125 0.078125 0.06875
28 0.08125 0.43203125 0.05546875 0.0671875
28 0.20625 0.43359375 0.05546875 0.0640625
28 0.3359375 0.43125 0.08515625 0.071875
28 0.26171875 0.43125 0.0515625 0.06640625
28 0.14453125 0.43359375 0.0578125 0.0671875