28 0.64765625 0.35625 0.0515625 0.0375
28 0.7 0.35625 0.05078125 0.03984375
28 0.75234375 0.35625 0.0484375 0.0375
28 0.9125 0.35625 0.04296875 0.03515625
28 0.859375 0.3578125 0.04296875 0.0375
28 0.80859375 0.3578125 0.0421875 0.03515625
28 0.96796875 0.359375 0.0484375 0.0375
28 0.29375 0.3796875 0.07421875 0.06875
28 0.37265625 0.3796875 0.0796875 0.06875
28 0.2140625 0.38125 0.08515625 0.06875
28 0.05234375 0.38125 0.0765625 0.07109375
28 0.13125 0.38125 0.078125 0.06875
28 0.45 0.3890625 0.06953125 0.053125
28 0.58828125 0.3890625 0.0640625 0.053125
28 0.51796875 0.3890625 0.0640625 0.05546875
28 0.64765625 0.3953125 0.0515625 0.03984375
28 0.7046875 0.396875 0.05390625 0.0375
28 0.815625 0.396875 0.046875 0.03515625
28 0.86875 0.396875 0.04296875 0.03828125
28 0.75625 0.396875 0.05390625 0.03515625
28 0.9265625 0.396875 0.046875 0.0375
28 0.975 0.396875 0.03828125 0.03515625
28 0.2203125 0.49375 0.078125 0.05546875
28 0.0453125 0.49375 0.08203125 0.05546875
28 0.13515625 0.49375 0.0765625 0.05546875
28 0.3046875 0.49375 0.08203125 0.05625
28 0.396875 0.4953125 0.08203125 0.05859375
28 0.55859375 0.5 0.0796875 0.046875
28 0.47578125 0.5015625 0.0796875 0.04921875
28 0.79140625 0.5046875 0.0640625 0.04296875
28 0.8609375 0.5046875 0.05859375 0.04296875
28 0.63984375 0.5046875 0.0640625 0.040625
28 0.71796875 0.50625 0.0671875 0.03984375
28 0.88359375 0.696875 0.0765625 0.053125
28 0.8015625 0.70078125 0.07109375 0.0515625
28 0.6390625 0.7 0.07421875 0.05390625
28 0.72109375 0.7015625 0.0765625 0.05078125
28 0.3921875 0.703125 0.07421875 0.05546875
28 0.228125 0.703125 0.07421875 0.05625
28 0.06875 0.70390625 0.06953125 0.0578125
28 0.31171875 0.703125 0.0734375 0.05625
28 0.55546875 0.7046875 0.0796875 0.053125
28 0.471875 0.7046875 0.08203125 0.05546875
28 0.14921875 0.70625 0.0734375 0.05859375
28 0.8734375 0.76875 0.07421875 0.046875
28 0.96875 0.76875 0.0625 0.05546875
28 0.78984375 0.76953125 0.0734375 0.0484375
28 0.7140625 0.7703125 0.07421875 0.04921875
28 0.6359375 0.7703125 0.07109375 0.046875
28 0.48046875 0.771875 0.0796875 0.053125
28 0.5578125 0.771875 0.07109375 0.05078125
28 0.40234375 0.77265625 0.0734375 0.0515625
28 0.3234375 0.771875 0.07109375 0.05078125
28 0.2453125 0.7734375 0.07109375 0.053125
28 0.1671875 0.7734375 0.07421875 0.05078125
28 0.0875 0.77734375 0.06953125 0.0515625