28 0.7421875 0.24375 0.05546875 0.10234375
28 0.8078125 0.2484375 0.05078125 0.1
28 0.87421875 0.25 0.0515625 0.10078125
28 0.9359375 0.2546875 0.053125 0.10078125
28 0.0890625 0.3578125 0.11171875 0.1
28 0.2078125 0.3609375 0.10078125 0.09765625
28 0.32578125 0.3609375 0.1078125 0.10234375
28 0.446875 0.3625 0.103125 0.10234375
28 0.5515625 0.3703125 0.08671875 0.08203125
28 0.6484375 0.375 0.08203125 0.078125
28 0.73125 0.378125 0.08203125 0.08203125
28 0.8078125 0.38125 0.046875 0.071875
28 0.86171875 0.3828125 0.0484375 0.071875
28 0.9171875 0.3859375 0.046875 0.071875
28 0.1109375 0.49921875 0.103125 0.1203125
28 0.69375 0.4984375 0.05390625 0.03984375
28 0.21953125 0.5 0.0953125 0.11875
28 0.8109375 0.50078125 0.04921875 0.0359375
28 0.75390625 0.5015625 0.0484375 0.0375
28 0.3171875 0.5015625 0.084375 0.11796875
28 0.41171875 0.5125 0.0796875 0.09375
28 0.496875 0.51328125 0.078125 0.0953125
28 0.5703125 0.528125 0.053125 0.06875
28 0.90078125 0.528125 0.0890625 0.06484375
28 0.63125 0.528125 0.05390625 0.06640625
28 0.6921875 0.5421875 0.04921875 0.03828125
28 0.7515625 0.5421875 0.046875 0.03828125
28 0.80546875 0.5421875 0.0484375 0.03828125