28 0.2673928415158099 0.7950557719605473 0.07442098997087018 0.08833634134309047
28 0.20496103767574397 0.7934392753023651 0.058341348904643354 0.07252952800763594
28 0.33008305812971506 0.8146319279519567 0.07079588479802065 0.07111247867599957
28 0.14735312615554602 0.7870807346435466 0.058295884798020656 0.07096702800763613
28 0.09679919668865944 0.7798591279837734 0.05677884890464333 0.07251134667409058
28 0.041466839008527476 0.7758170653246368 0.05673338479802066 0.07094884667409058
28 0.2764080726446845 0.16313360996181994 0.099875631037097 0.10425224267981759
28 0.36731421747183496 0.17925750194941142 0.104563131037097 0.1043067866804539
28 0.1845842854976659 0.15170630864100118 0.09661423871722893 0.09952838001272664
28 0.4536010584589195 0.19309218793763921 0.09330738229073816 0.09324201734563582
28 0.101263320137402 0.14330400998568246 0.09661423871722889 0.09952838001272671
28 0.22873848462710084 0.48623530263368336 0.07865384890464336 0.07276588534372692
28 0.08484373211981834 0.46604207598663694 0.0803072771178887 0.07590906667727211
28 0.1578038590002802 0.48159380331000107 0.0690969924781526 0.06640679734245403
28 0.33453854057873783 0.6615069279519568 0.07396634890464338 0.07271134134309047
28 0.2621550752184739 0.6529773599618199 0.07543792069139794 0.06960452267663583