28 0.9171875 0.62578125 0.07421875 0.0609375
28 0.7609375 0.6265625 0.07421875 0.06015625
28 0.83828125 0.62734375 0.0734375 0.0609375
28 0.6859375 0.62734375 0.06953125 0.0640625
28 0.61875 0.63515625 0.05390625 0.0453125
28 0.31328125 0.63671875 0.0484375 0.0453125
28 0.4359375 0.634375 0.05390625 0.04453125
28 0.49609375 0.63671875 0.0515625 0.0453125
28 0.371875 0.63671875 0.05390625 0.0453125
28 0.5578125 0.63515625 0.05546875 0.0453125
28 0.10625 0.64453125 0.05078125 0.0265625
28 0.15859375 0.64453125 0.0453125 0.0265625
28 0.20859375 0.6453125 0.0453125 0.02734375
28 0.25703125 0.6453125 0.0453125 0.02734375