28 0.18540559745520813 0.2544714914785834 0.10225479065319454 0.09862050649282175
28 0.28188120716260395 0.23638791883313742 0.10527068787965285 0.09398755357072248
28 0.10202939979190948 0.2801357390429514 0.08288654160312507 0.07173072402541773
28 0.0028496302246179333 0.31160965584419864 0.005699260449235867 0.039280688311602675
28 0.035895253515381684 0.30315622767886563 0.057268292553055586 0.04473184740221221
28 0.9309382626334374 0.1313466737076967 0.03441267401194459 0.06932274431795714
28 0.8838632408819442 0.1407586298762069 0.0656990416031249 0.07143071509696393
28 0.6687441211065621 0.29054794440397796 0.12594686379145834 0.10996710957707681
28 0.04013077146715262 0.41484770413991534 0.08026154293430524 0.07655459172016936
28 0.439491725779965 0.34296738109072755 0.10799564437666671 0.07685460064862308
28 0.5500480192829511 0.3238570965947286 0.12376611474138902 0.08337733603812651