28 0.16655614722453088 0.09317834913967833 0.061985346843970036 0.06440793364502548
28 0.11996635422116282 0.2968618853422277 0.057488847832553217 0.06906816256778665
28 0.13439095155942446 0.23052381303532482 0.05573534684397004 0.06437157220870704
28 0.1488473823957833 0.16340449072842195 0.054363847832553255 0.06904998184962738
28 0.7545668473010806 0.3333741614876321 0.129809516805914 0.08042381908544902
28 0.7326162514456938 0.3926355319991369 0.10567167984777566 0.06309996369925477
28 0.698295648175933 0.4869895199970843 0.07729201186299797 0.056686337235821685
28 0.7063919910655704 0.4417133814334028 0.07553851087441502 0.05198974687674216
28 0.46864134578102484 0.734149824546398 0.06941584486680377 0.05507838544042354
28 0.55435860026683 0.31814355034590125 0.07104201186299797 0.05664997579950315
28 0.5731815375289796 0.22057365875715762 0.06947951186299814 0.05664088544042354
28 0.5829677144110057 0.1721816105525557 0.06947951186299797 0.05664088544042358
28 0.5642402776431478 0.2674077521412993 0.06785334486680376 0.05506929508134393
28 0.5833788912930318 0.12373502019347607 0.04741351087441501 0.051826120413308904
28 0.4001366738790956 0.3633509903356385 0.09881418479069151 0.08649201190385662
28 0.41685594167359274 0.27905325838781525 0.09731535178688593 0.08804542154477701
28 0.41318445501946555 0.21573564695149677 0.06147601087441497 0.05190793364502548
28 0.43428747528542055 0.11974189090137259 0.05997717787060921 0.05346134328594586
28 0.42378371539958887 0.1665668939264347 0.06310217787060939 0.05347952400410509
28 0.27378903258606374 0.24227490017295059 0.07917284684397004 0.0645079275949012
28 0.281740795437645 0.18136921642972928 0.07155134783255317 0.06914997579950315
28 0.29372614228161503 0.11736125858420698 0.07005251482874755 0.07070338544042358