28 0.446875 0.796875 0.06484375 0.084375
28 0.3015625 0.7984375 0.07109375 0.0875
28 0.3734375 0.796875 0.07421875 0.08671875
28 0.2234375 0.803125 0.08515625 0.08203125
28 0.559375 0.803125 0.046875 0.06640625
28 0.509375 0.8046875 0.040625 0.06640625
28 0.18125 0.6296875 0.07421875 0.12734375
28 0.2609375 0.63203125 0.06953125 0.1265625
28 0.3421875 0.6328125 0.06484375 0.12734375
28 0.41015625 0.6578125 0.0421875 0.071875
28 0.4609375 0.6609375 0.04453125 0.06953125
28 0.515625 0.6609375 0.046875 0.07421875