28 0.43125 0.23046875 0.03828125 0.0484375
28 0.47109375 0.2296875 0.0359375 0.05078125
28 0.3921875 0.2296875 0.0375 0.04453125
28 0.35078125 0.23046875 0.0359375 0.0484375
28 0.5453125 0.2609375 0.03125 0.02734375
28 0.58125 0.2609375 0.03125 0.02265625
28 0.5109375 0.2625 0.03125 0.02734375
28 0.42890625 0.2796875 0.0328125 0.04453125
28 0.46796875 0.28203125 0.0359375 0.0453125
28 0.34921875 0.28125 0.0359375 0.04921875
28 0.3890625 0.28203125 0.0375 0.0484375
28 0.54375 0.2890625 0.03359375 0.02890625
28 0.50625 0.290625 0.03359375 0.02890625
28 0.5765625 0.29140625 0.02890625 0.0265625
28 0.5765625 0.43671875 0.05625 0.0484375
28 0.4484375 0.43828125 0.06015625 0.0484375
28 0.5109375 0.4375 0.06015625 0.05078125
28 0.6390625 0.4390625 0.05859375 0.04921875
28 0.58046875 0.515625 0.0453125 0.05859375
28 0.63203125 0.515625 0.0453125 0.0625
28 0.375 0.571875 0.04296875 0.08046875
28 0.5359375 0.57734375 0.05625 0.0796875
28 0.4171875 0.58125 0.03515625 0.071875
28 0.6375 0.58515625 0.046875 0.0640625
28 0.5875 0.5859375 0.04296875 0.06484375
28 0.684375 0.58671875 0.046875 0.0640625
28 0.49453125 0.590625 0.0296875 0.05078125
28 0.56953125 0.73046875 0.0609375 0.0765625
28 0.4453125 0.7296875 0.05859375 0.06953125
28 0.5078125 0.7296875 0.05625 0.06953125
28 0.6421875 0.734375 0.05859375 0.07421875