28 0.803125 0.3984375 0.07578125 0.053125
28 0.64140625 0.3984375 0.0765625 0.053125
28 0.96875 0.3984375 0.0625 0.05078125
28 0.89296875 0.4 0.0765625 0.05078125
28 0.5515625 0.40078125 0.0875 0.0453125
28 0.7203125 0.40234375 0.08515625 0.0484375
28 0.2015625 0.490625 0.05078125 0.05859375
28 0.25703125 0.49140625 0.0515625 0.0578125
28 0.0484375 0.4984375 0.040625 0.040625
28 0.0984375 0.4984375 0.040625 0.03984375
28 0.1515625 0.4984375 0.03828125 0.040625
28 0.81328125 0.4984375 0.0765625 0.04921875
28 0.90078125 0.4984375 0.0765625 0.04921875
28 0.728125 0.5015625 0.084375 0.046875