28 0.2868885518634356 0.1423998266536456 0.0646938527754691 0.09360583605604171
28 0.3691360246773983 0.2692694915475344 0.05519151878308026 0.09026263050895836
28 0.3184502751716899 0.2681076882609025 0.05206651878308026 0.0901898953265973
28 0.4236961906850095 0.2711216258562149 0.05362901878308026 0.09022626291777787
28 0.4765346892021348 0.27691637775607597 0.05844385277546919 0.0934603656913195
28 0.12135244068500954 0.2781587547496526 0.0349771778706093 0.05388871941479163
28 0.15644502368881513 0.2789029839480901 0.0365396778706093 0.053925087005972296
28 0.19469444019071794 0.2787932279641665 0.03335101087441492 0.05228985182361114
28 0.270157355209746 0.28484189979190944 0.03803851087441492 0.05239895459715278
28 0.23115852220594038 0.2841885895714234 0.0381021778706093 0.05396145459715278
28 0.7339493052862957 0.5105412696642008 0.07161501482874755 0.0719126740119446
28 0.5880465562748789 0.5092541394395829 0.0686173488211363 0.07496493882958326
28 0.20602989372730876 0.4986329492788192 0.046296679847775656 0.06351829255305574
28 0.15537597771969752 0.4966898959921874 0.04317167984777566 0.06344555737069442
28 0.25743322623682274 0.5013390687698609 0.049612680836358794 0.06827852773541672
28 0.3556478917501424 0.5045166605254858 0.05098417984777566 0.0636273953265972
28 0.7992241368072265 0.5176075808346173 0.07155134783255317 0.07035017401194459
28 0.4039898912558508 0.5057330151988886 0.046296679847775656 0.06351829255305574
28 0.8694093028148376 0.5190960392314923 0.07161501482874755 0.0719126740119446
28 0.3065883092406284 0.5017559896476733 0.051047846843970034 0.06518989532659739
28 0.6581362217881985 0.5130863478364578 0.06823534684397004 0.06558993882958326
28 0.5221987217881985 0.5162503282691662 0.05997717787060939 0.05447060087368065
28 0.45670105578058723 0.5146527670987495 0.05841467787060921 0.05443423328249999