28 0.8030731907406441 0.9380541518826121 0.11605346834337489 0.12070588410204479
28 0.7120896805943744 0.948320827327311 0.11449096834337488 0.10335834534537795
28 0.07602848620028231 0.1527147472985769 0.11931483603812651 0.1287003946253887
28 0.020255773131913245 0.17678230787839033 0.03652960957707686 0.12543961575678067
28 0.17559210957707685 0.13353908404557524 0.12405688311602718 0.13209841041040424
28 0.27592334618439623 0.11362767342340951 0.12567393019392786 0.13531441567207608
28 0.6554296140413036 0.1700714493788329 0.10180005357072233 0.10894933674699833
28 0.7355574448044244 0.15522697035493313 0.10344437418757338 0.11372784200867021
28 0.14615184577735912 0.2801109761813024 0.07636367694751697 0.08249325256024882
28 0.8234977755675452 0.14083751763939262 0.11454551542127547 0.12373987884037314
28 0.20374615746575642 0.2709781708631608 0.0811875446422687 0.09057876834526431
28 0.581715424511885 0.19465494944942008 0.08105117694751698 0.08276626834526431
28 0.4440614659077429 0.22253848379146146 0.08107845048646745 0.0843287683452643
28 0.5132927069792891 0.2094007179358587 0.08107845048646727 0.0843287683452643
28 0.26615070007943026 0.2691496313300347 0.05868525324641087 0.053367194681858444
28 0.32607512499835234 0.2593720839044009 0.06027502678536125 0.055020699943530274
28 0.3859450028393738 0.2464695364787671 0.05865797970746058 0.05180469468185844
28 0.02970250567874757 0.449711573663406 0.0456591477265238 0.11192314732681186
28 0.0988110158250173 0.42954255780780315 0.13022506249917618 0.12777493145709168
28 0.2077496392018119 0.41091292612483254 0.1349398360381265 0.12961044724210713
28 0.3252138287312306 0.3888775733810572 0.12397506249917623 0.1274109104104042
28 0.7715649030015296 0.2954648334808779 0.12710006249917605 0.12759292093374786
28 0.5553865239426921 0.34062760210849086 0.13022506249917604 0.1277749314570916
28 0.6588427605500116 0.32089820200966884 0.12238528896022594 0.12575740514873246
28 0.8835603425309483 0.273110962321251 0.13181483603812652 0.12942843671876342
28 0.43800415503012446 0.36735045485226625 0.12243983603812651 0.12888240514873237
28 0.8154939553544359 0.4424077229151819 0.11271028003177222 0.10802387357870132
28 0.7167661290555422 0.4647538887990194 0.11901482710967279 0.11151289462538863
28 0.9321632581143795 0.4195456175405706 0.12523755357072233 0.11031441567207598
28 0.4470360560030591 0.5270894758989536 0.10629663879807012 0.098284852532014
28 0.1538821197200513 0.5888412340738102 0.10308981818121903 0.09341534200867016
28 0.34906220616521494 0.5479186444136271 0.1219489123370204 0.10075740514873247
28 0.5349218396882792 0.5095750231834131 0.09519549756436803 0.08827281570031094
28 0.24955312986632103 0.5702193076666289 0.10629663879807003 0.098284852532014
28 0.05903326988220707 0.6098524131118273 0.08894549756436802 0.08790879465362345
28 0.6244110336819249 0.49449532572954447 0.11082049756436803 0.0891828683170294
28 0.4757804391190863 0.6536365653473751 0.11287392126547413 0.11739887357870131
28 0.574576449265356 0.6351966494635375 0.11909664772652384 0.11620039462538863
28 0.3755582966675683 0.6797979759695408 0.11106595941492099 0.10324536831702957
28 0.7241537094116258 0.619714404584035 0.06690685633066593 0.07725972099021768
28 0.7918088137136969 0.6057043834667605 0.07471935633066593 0.0777147472985769
28 0.6634889448011292 0.6317901993788329 0.06682503571381489 0.07257222099021768
28 0.8571747150936687 0.5946828544569781 0.07156708279171582 0.07597023677523325
28 0.9232673193957398 0.5805818280780317 0.07628185633066593 0.07780575256024883
28 0.9751984176120262 0.5651535201290543 0.04960316477594766 0.07992969468185826