28 0.19495002441385342 0.8769808225920942 0.06017639342673622 0.1045923247398008
28 0.12632731098298539 0.8751151074178033 0.06173889342673618 0.10467421189493038
28 0.3777807082094437 0.8666187754419135 0.05508884992374998 0.08715916327441135
28 0.0599756123697562 0.8762515615108178 0.0664263934267362 0.10491987336031983
28 0.2630278771873951 0.86873123134395 0.05352634992375007 0.08707727611928177
28 0.3192596933918048 0.866564543759279 0.05356271751493065 0.08863977611928178
28 0.6753824068226729 0.8533630223896955 0.04985583605604162 0.06347600180902227
28 0.7300699068226729 0.8504969719601542 0.04669446846486114 0.06174972749876275
28 0.0075864559283329875 0.8733179912935729 0.015172911856665975 0.10023901741285428
28 0.6090670758006242 0.85293697648271 0.04985583605604162 0.06347600180902227
28 0.1006584298084369 0.7040147133652687 0.07569229065319451 0.10072369629109837
28 0.18110899601284663 0.7005787748760863 0.06798889342673617 0.10500176051544959
28 0.38666866499079805 0.6859043639765241 0.06428201196784719 0.07983798620519007
28 0.31719196637756886 0.687204592379798 0.059594511967847284 0.0795923247398008
28 0.25082208396874944 0.6891222964728124 0.06435474715020835 0.08296298620519008
28 0.7600697973996174 0.6678958339005133 0.09375130642076393 0.07201884215265544
28 0.951385128421666 0.6617709073971187 0.05937630642076428 0.0702173247398008
28 0.8654658122172563 0.665493450929255 0.09062630642076393 0.07185506784239593
28 0.5656840177643397 0.6718407847141674 0.04985583605604162 0.06347600180902227
28 0.4501681205378814 0.6732129341937692 0.051381968464861316 0.0619953889641522
28 0.5079442529467009 0.6717456094539683 0.05294446846486114 0.06207727611928178
28 0.6744959733114231 0.6567746274326497 0.05083645459715278 0.0385578889641522
28 0.6221885909026035 0.6579553471294963 0.04774782218833344 0.03995661465389251
28 0.38429116024114535 0.5533784690194782 0.08176045269729171 0.09323874491161739
28 0.47180934403673563 0.5480115383322121 0.09258884992375016 0.0891244549975255
28 0.02821978519269075 0.558972208276886 0.0564395703853815 0.06733798620519008
28 0.16813948337940926 0.5537823400049489 0.07500130642076393 0.07103619629109836
28 0.2423764171749995 0.5491114501362856 0.06867857123840278 0.06758364767057934
28 0.3142332333794092 0.5461258910003169 0.06864220364722229 0.06602114767057934
28 0.0979542699485412 0.5519985119857876 0.07176720364722229 0.06618492198083885
28 0.7267332333794092 0.5245076820460625 0.04981946846486114 0.06191350180902226
28 0.6681758509705897 0.5260159503634282 0.052980836056041626 0.06363977611928177
28 0.5510429023573606 0.5298137369981596 0.0512728656913195 0.0573078889641522
28 0.6103815347661801 0.5282645251032291 0.051345600873680654 0.0604328889641522
28 0.7869258509705898 0.519792526573567 0.05614220364722229 0.06536605042954129
28 0.8494076671749996 0.5172982903683769 0.05145470364722229 0.06512038896415202
28 0.9696656157882287 0.513336729423386 0.03423083605604162 0.06265713025772471
28 0.9103269833794092 0.5148859413183167 0.05610583605604162 0.06380355042954129