28 0.7672630262346352 0.5412403609123302 0.06756418479069151 0.08780152837152996
28 0.7508872456257378 0.7904674710997446 0.06587435079830276 0.08463106426490725
28 0.7457951804164293 0.8761549185133198 0.06919035178688589 0.08940949247815269
28 0.7011976744477493 0.451921796647423 0.1081891847906915 0.08898359514371953
28 0.6954198597327323 0.5399302620076869 0.09431768577927464 0.09326191818411544
28 0.698555494105682 0.38707804664742296 0.09696784190105419 0.04339831050398359
28 0.6893820598464631 0.6981602991547055 0.07968218281352506 0.07879024122451135
28 0.6836453488954984 0.8829301042484126 0.07687551779449713 0.08651181301126627
28 0.6862026631162238 0.7924869606749034 0.07681185079830274 0.08494931301126592
28 0.6976495687065306 0.34569452870073436 0.0955963428896375 0.04804034639736088
28 0.6998049763111849 0.30283943896729104 0.09865767589344294 0.046568774610606226
28 0.6896102115196182 0.6271574773679508 0.07949118182494211 0.07410274122451135
28 0.7012428009120335 0.26152411718053636 0.09872134288963733 0.04813127461060622
28 0.7010544585166877 0.21860083128715907 0.09865767589344294 0.046568774610606226
28 0.6986178666156335 0.17795309923384775 0.09709517589344294 0.046523310503983506
28 0.6999920242202877 0.1350752774470931 0.09715884288963732 0.04808581050398355
28 0.701366181824942 0.09219745566033846 0.09709517589344294 0.04652331050398355
28 0.5760278725843136 0.5973215616911178 0.06421900889724856 0.04400606426490725
28 0.569902547983465 0.6385004911580043 0.05165534190105418 0.04207985141192587
28 0.5295945884781942 0.4344434769722394 0.10886034684397003 0.06715405925034226
28 0.5142878538384144 0.9014120166265404 0.09023768083635879 0.06973348997087
28 0.5309223251323212 0.3712758872387961 0.10723417984777565 0.06554609514371972
28 0.5178001730020555 0.8344063730530312 0.09011034684397004 0.06660848997087002
28 0.5166568256637939 0.7680455871596539 0.09023768083635879 0.06973348997087019
28 0.5307512287826428 0.3096253333987301 0.10710684585538673 0.06242109514371963
28 0.518288309846463 0.6931819794795219 0.0886751808363588 0.06968802586424747
28 0.5311703814443811 0.24331001161197552 0.10892401384016441 0.06871655925034226
28 0.5219531848278726 0.49586671027919194 0.09109984387822045 0.05259145407749273
28 0.5315258671099251 0.17543218982522085 0.10886034684397003 0.06715405925034235
28 0.5306053542583439 0.11454015393184354 0.10873301285158128 0.06402905925034233
28 0.5089332144853678 0.6359461409997198 0.06578150889724857 0.044051528371529966
28 0.5087767055881193 0.5938041051063425 0.06578150889724857 0.044051528371529966