28 0.6140625 0.3109375 0.08984375 0.071875
28 0.8109375 0.3109375 0.09765625 0.07109375
28 0.7125 0.3125 0.09375 0.06953125
28 0.90703125 0.3125 0.0921875 0.06875
28 0.9265625 0.3953125 0.07109375 0.03515625
28 0.8484375 0.3953125 0.07109375 0.03828125
28 0.77109375 0.396875 0.0765625 0.03828125
28 0.61640625 0.39765625 0.0640625 0.0359375
28 0.69296875 0.3984375 0.0734375 0.03515625
28 0.4375 0.4 0.03984375 0.021875
28 0.3921875 0.4 0.03984375 0.021875
28 0.5453125 0.39921875 0.05859375 0.0359375
28 0.34609375 0.4 0.0421875 0.021875
28 0.4859375 0.4 0.03984375 0.021875
28 0.38671875 0.425 0.0484375 0.02734375
28 0.3375 0.425 0.04296875 0.02734375
28 0.434375 0.4265625 0.05546875 0.02734375
28 0.484375 0.4265625 0.03984375 0.021875
28 0.5421875 0.43984375 0.06640625 0.0453125
28 0.92421875 0.43984375 0.0734375 0.0484375
28 0.84609375 0.44140625 0.0671875 0.0484375
28 0.61640625 0.44140625 0.0671875 0.0453125
28 0.77421875 0.4421875 0.0734375 0.046875
28 0.69453125 0.44296875 0.0734375 0.0453125
28 0.16796875 0.4453125 0.0578125 0.040625
28 0.22578125 0.4453125 0.0578125 0.04296875
28 0.28359375 0.44609375 0.0515625 0.0421875
28 0.1109375 0.446875 0.05546875 0.040625
28 0.38828125 0.453125 0.0421875 0.025
28 0.43984375 0.453125 0.0421875 0.02421875
28 0.3390625 0.453125 0.04296875 0.025
28 0.4859375 0.4546875 0.03828125 0.02421875