28 0.18248960744074988 0.4845484361034799 0.08278167889684288 0.05683650496239885
28 0.18826219432892258 0.4365111964425621 0.07965667889684287 0.056690955748187125
28 0.19619652069375154 0.3854581186923031 0.08278167889684288 0.05683650496239867
28 0.20105134968941646 0.3350407417278324 0.08259966837349922 0.05371150496239867
28 0.209258691839261 0.2886751639775734 0.08599768415851469 0.0585445541766104
28 0.4823824626035996 0.603698812239381 0.09388577886860787 0.08696065260503386
28 0.4895509495200073 0.526119621792675 0.0956302893919517 0.09015842721213971
28 0.5254913656156063 0.20679173304138 0.10840330517696728 0.0954281240689866
28 0.5135891470444631 0.3636217758454509 0.09755681043863902 0.09648120181924558
28 0.5072929153897274 0.44279985359570995 0.09544827886860804 0.08703342721213972
28 0.5199308813300347 0.28522494809519194 0.10206229991529536 0.09357452564056316
28 0.5370288341161624 0.1239621164159915 0.11014781570031093 0.09862589867609248
28 0.5473601183876167 0.060554587879944236 0.10722023677523325 0.07511562406898657
28 0.5848249231410608 0.5967831863083677 0.04170165258848364 0.047131865177646406
28 0.5904077942301005 0.558865809343897 0.03839464206513998 0.04386131596343468
28 0.5928656653191402 0.5208028831652145 0.04170165258848364 0.047131865177646406
28 0.5681119201572891 0.9653127084342742 0.08350972099021767 0.06933650496239849
28 0.5747644675829229 0.9056294933804623 0.08378273677523325 0.07402400496239885
28 0.5829795150085567 0.8460190529337561 0.08212923151356133 0.07238873035529281
28 0.5888963150650264 0.7870807005763913 0.08681673151356133 0.07260705417661058
28 0.6106887441030435 0.6930417562007438 0.062287168373499215 0.052765435070022626
28 0.6064786572148709 0.7411517704687675 0.062287168373499215 0.052765435070022626
28 0.6277265127306566 0.477236973735755 0.08194722099021767 0.0692637303552928
28 0.6157710862528882 0.6465306292362731 0.06394067363517095 0.05440070967712849
28 0.6361690733104701 0.42153278328904903 0.07882222099021767 0.06911818114108126
28 0.6452563759977756 0.3635212301458959 0.08176521046687384 0.0661387303552929
28 0.6520909339467532 0.30696301509208396 0.08194722099021767 0.0692637303552928
28 0.6604879918957307 0.2504775746453779 0.08056673151356133 0.07231595574818694
28 0.632200452080256 0.6075601745215434 0.041519642065139986 0.044006865177646404
28 0.6678307840596928 0.1892682468951189 0.0836917315135615 0.07246150496239871
28 0.6369110679076238 0.5680439102535197 0.0416106473268119 0.045569365177646405
28 0.6758638209619828 0.12653280644841283 0.08185621572854593 0.06770123035529285
28 0.6416216837349917 0.5285276459854961 0.04326415258848364 0.04720463978475227
28 0.6838436499576477 0.07626097869815382 0.07983868942018653 0.05981595574818699
28 0.7450112652203181 0.6315135589296121 0.0937037683452644 0.08383565260503385
28 0.7584227758848362 0.48721990342909416 0.09544827886860788 0.08703342721213972
28 0.7533705258142491 0.561002005786459 0.09223227360693613 0.08532537799792798
28 0.7706882864787671 0.41689028680370566 0.09526626834526439 0.08390842721213972
28 0.7783950996894164 0.3619309590534467 0.07700211575678076 0.03786818114108117
28 0.7852142470868154 0.3318624693925289 0.07543961575678075 0.037795406533975305
28 0.7878996313300346 0.2977057932138465 0.07543961575678075 0.037795406533975305
28 0.7995890182746772 0.19073020119556383 0.07543961575678075 0.037795406533975305
28 0.7977758892931297 0.2264857646777992 0.07700211575678076 0.03786818114108108
28 0.8065677893919517 0.12327087344530482 0.07700211575678076 0.03786818114108117
28 0.7952270129424182 0.2629861908564816 0.07682010523343692 0.03474318114108117
28 0.8046181525178964 0.15668268692754023 0.08040013154179633 0.0427012303552929