28 0.315685116784825 0.5390625 0.09491534639736088 0.09375
28 0.32363635761362497 0.46328125 0.09312552586424747 0.0859375
28 0.37293504631821855 0.06328125 0.09987563103709692 0.103125
28 0.3064501722742436 0.678125 0.07088681301126601 0.0734375
28 0.31465146568946833 0.6109375 0.07410274122451135 0.0765625
28 0.38859949874635874 0.0109375 0.0678239974927175 0.021875
28 0.3136920224325282 0.7390625 0.04708560015828454 0.0609375
28 0.4421864661516867 0.2953125 0.06275606426490725 0.0625
28 0.42834057798845376 0.41015625 0.06601745658477536 0.0671875
28 0.42305969609342703 0.4703125 0.06748902837152997 0.0640625
28 0.43610160220334865 0.3546875 0.06592652837152997 0.0640625
28 0.43124323528550956 0.7515625 0.10791545157021036 0.1109375
28 0.4479102465682807 0.653125 0.09826766693047428 0.1015625
28 0.4608074001709198 0.559375 0.09358016693047429 0.1015625
28 0.47882396278647443 0.48046875 0.06427310015828454 0.0609375
28 0.49184313684308467 0.3640625 0.06427310015828454 0.0609375
28 0.5010302687381115 0.30390625 0.0660174565847754 0.0671875
28 0.4880110946815012 0.4203125 0.06427310015828454 0.0609375