28 0.5799125772995015 0.272966539580508 0.06471702800763594 0.058860346843970034
28 0.4594000826305017 0.28525168087353986 0.053761346674090583 0.0568521778706093
28 0.5173125799650016 0.27901360973273237 0.05844884667409058 0.05704317885919252
28 0.7816296186346378 0.2678983320895846 0.04097044533736351 0.031342841901054186
28 0.8254523439688196 0.2634310079830275 0.033139764003817976 0.029462006920082207
28 0.9029233633036376 0.25564502429464986 0.031540901336727246 0.026273339923887827
28 0.8653597286362287 0.2595857663859845 0.033139764003817976 0.029462006920082294
28 0.6414949672979107 0.28720013593018645 0.04111589600572696 0.04384284190105418
28 0.6860898519653198 0.28354589532172664 0.045839758672817865 0.04715884288963732
28 0.7353904179662744 0.27852015570184996 0.04111589600572714 0.04384284190105418
28 0.801669398631456 0.2921635030401116 0.03780908267027252 0.02809050790866543
28 0.8924398492998197 0.2833561888193863 0.03937158267027243 0.02815417490485981
28 0.8439205332988653 0.28841376193736024 0.03940794533736351 0.031279174904859805
28 0.9346818933004559 0.2803876977166349 0.036246582670272434 0.028026840912470964
28 0.32189953528804754 0.3468683187065306 0.08237724267981754 0.10018568380210838
28 0.3978080546228656 0.3390186680219586 0.08393974267981755 0.10024935079830274
28 0.47045521395609297 0.34276043334499784 0.06642497867599957 0.07142401384016442
28 0.6027046399586382 0.3293902945234239 0.06644316000954512 0.07298651384016441
28 0.539305211290593 0.33696803117755103 0.07113066000954511 0.07317751482874764
28 0.21290579595004777 0.3768184624710204 0.05067270934118147 0.059849843878220454
28 0.261434202617775 0.37097963935304656 0.04438634667409058 0.05647017589344294
28 0.7638057719605473 0.3218854951314462 0.047511346674090585 0.0565975098858317
28 0.6636239586250928 0.33343580737500517 0.05063634667409058 0.05672484387822054
28 0.7152682746260473 0.3285055682494201 0.052217028007635946 0.058351010874414924
28 0.8067381592934563 0.326761337526792 0.03319430800445451 0.0341495069200823
28 0.8497887252944109 0.3214809299221377 0.039462489337999784 0.03596667490485981
28 0.9327012226289109 0.3162615307204405 0.04100680800445424 0.03446784190105419
28 0.8920398599618199 0.31773118881938633 0.04100680800445424 0.03446784190105419
28 0.8217268126193659 0.38208550748873593 0.04273294000636341 0.04859400889724856
28 0.8632057879535475 0.3775226828878873 0.04115225867281787 0.046967841901054186
28 0.9086001039545021 0.37233777577752464 0.04115225867281787 0.046967841901054186
28 0.45823592994113904 0.4524710143716371 0.09158861067790873 0.08650518577927464
28 0.37685866060632095 0.46009783056952874 0.09315111067790856 0.08656885277546919
28 0.06538481126673033 0.4935218483268448 0.08526588534372681 0.08000051779449713
28 0.15146776193509387 0.4845235331175363 0.0915704293443631 0.08494268577927463
28 0.6233069466104572 0.4396566324701454 0.08515679734245421 0.07062551779449713
28 0.5434649052753209 0.44969086566423144 0.08050566000954511 0.073559516805914
28 0.6999512626114116 0.4357450652836706 0.06629770934118148 0.060486513840164416
28 0.2984882126034575 0.47800823075980914 0.08045111600890867 0.068872016805914
28 0.22415128393541206 0.48514029844057555 0.07888861600890866 0.06880834980971962
28 0.7773950099459116 0.4303028315952929 0.08508407200827221 0.06437551779449713
28 0.8892864826145933 0.4200112718231919 0.04429544000636341 0.04865767589344294
28 0.9369972766152296 0.4172656152071209 0.042769302673454135 0.051719008897248564
28 0.8430745539465481 0.4282893454354574 0.04276930267345449 0.051719008897248564
28 0.532433761895323 0.7931543641813567 0.07256589067472685 0.06230368182494193
28 0.5997303498965957 0.7865170450177155 0.07411020934118148 0.060804848821136306
28 0.16933377788832332 0.8299461210642578 0.08045111600890867 0.06887201680591418
28 0.24443377522282325 0.8244083868815887 0.07576361600890866 0.06868101581733085
28 0.3899644512253686 0.811579417527667 0.08045111600890867 0.06887201680591382
28 0.4627025172263231 0.8075086828507063 0.07401930267345413 0.052992348821136306
28 0.3179349098902323 0.821931985702725 0.07885225334181775 0.06568334980971961