28 0.54296875 0.403125 0.0359375 0.03828125
28 0.5046875 0.4046875 0.03125 0.040625
28 0.5859375 0.43125 0.02734375 0.02734375
28 0.65078125 0.43046875 0.0296875 0.0296875
28 0.61875 0.43046875 0.03125 0.0296875
28 0.359375 0.440625 0.05625 0.08984375
28 0.30703125 0.4421875 0.0453125 0.09375
28 0.8171875 0.44375 0.06015625 0.06953125
28 0.75703125 0.44453125 0.0609375 0.0734375
28 0.4671875 0.4515625 0.04921875 0.06640625
28 0.69921875 0.45 0.0515625 0.06484375
28 0.4171875 0.4515625 0.046875 0.06484375
28 0.515625 0.4578125 0.03828125 0.046875
28 0.5546875 0.4578125 0.03984375 0.046875
28 0.65546875 0.465625 0.0296875 0.03359375
28 0.590625 0.4671875 0.03125 0.03359375
28 0.6234375 0.4671875 0.02734375 0.03359375
28 0.815625 0.58671875 0.03984375 0.0515625
28 0.4328125 0.5875 0.06015625 0.06875
28 0.76796875 0.58828125 0.0453125 0.0515625
28 0.7171875 0.5890625 0.04296875 0.04921875
28 0.49609375 0.5890625 0.0609375 0.05546875
28 0.36875 0.58984375 0.0625 0.0734375
28 0.55859375 0.5890625 0.0578125 0.05625
28 0.6703125 0.5921875 0.04296875 0.046875
28 0.61328125 0.5921875 0.0453125 0.04921875
28 0.6828125 0.821875 0.02265625 0.03984375
28 0.6546875 0.821875 0.02421875 0.03984375
28 0.625 0.825 0.025 0.040625
28 0.7921875 0.9265625 0.03984375 0.053125
28 0.75 0.92890625 0.04453125 0.0578125
28 0.7078125 0.93125 0.040625 0.05625
28 0.66796875 0.934375 0.0421875 0.05859375
28 0.575 0.934375 0.04921875 0.06640625
28 0.5203125 0.9375 0.05546875 0.06953125
28 0.625 0.9375 0.03984375 0.0625
28 0.465625 0.94296875 0.05078125 0.0671875
28 0.409375 0.94453125 0.05390625 0.0671875
28 0.35390625 0.95 0.0515625 0.06875
28 0.3015625 0.9515625 0.05625 0.06875