28 0.6747558782278477 0.5458392812080168 0.09273432028847228 0.09326191818411544
28 0.7084918325406601 0.38521166976696114 0.08960932028847228 0.09317098997087019
28 0.6892346458952782 0.46350415432755493 0.09436955547083344 0.09643238229073817
28 0.7152672029816322 0.30733672235338594 0.07362064437666671 0.07709134890464338
28 0.7307817937873266 0.23596182752623535 0.07213087955902786 0.08017088479802066
28 0.7454969507974306 0.16378295064577353 0.07372974715020852 0.08177884890464338
28 0.4723842523716327 0.9676063518076372 0.0924070119678472 0.06478729638472558
28 0.4833568135420494 0.9095511255603135 0.07511040919430556 0.07401181301126628
28 0.536967550339931 0.6636225116119755 0.07347517401194459 0.07084134890464319
28 0.4959100585080563 0.8451165525199176 0.07198540919430556 0.07392088479802084
28 0.5094082076343757 0.7877359615328332 0.07027743882958344 0.06762542069139794
28 0.5235966877827437 0.7264718525990601 0.0719126740119446 0.07079588479802049
28 0.5512287656706603 0.6054834026782023 0.07027743882958326 0.06762542069139794
28 0.5666699680836115 0.49741248990436315 0.055887630508958355 0.053153743731793844
28 0.5537530472057991 0.546222062944759 0.05116376291777769 0.05145485141192587
28 0.5749721241437851 0.4515915245440992 0.05272626291777769 0.05150031551854859
28 0.6372850605048266 0.17702944523549718 0.05443423328249999 0.05779577962517113
28 0.613104637727153 0.27860030542291164 0.05116376291777787 0.05145485141192587
28 0.6244590586049654 0.2297452682758931 0.054288762917777865 0.05154577962517113
28 0.5778055302039586 0.405611434810656 0.03379442496187508 0.043142246239076296
28 0.5877065538553128 0.36139843355701473 0.03539329255305575 0.04475021034569897
28 0.5983706437110767 0.3164269143566848 0.03539329255305575 0.04475021034569897
28 0.3668784815700702 0.9366100675636126 0.0831774823325695 0.08517663354437914
28 0.39917922245201454 0.7814057420159342 0.08001611474138892 0.08352320533113407
28 0.41938131325770894 0.7101672395086517 0.09436955547083344 0.09643238229073817
28 0.38142998441986187 0.8573999406831506 0.0800524823325695 0.08508570533113406
28 0.43636748508545187 0.6349315587881239 0.09124455547083343 0.09634145407749273
28 0.44861160552642404 0.5572157357477281 0.07703658510611114 0.08968227711788863
28 0.5129591673624307 0.26944060259906005 0.0738024823325695 0.08490384890464338
28 0.4959184441479169 0.34233253331958785 0.07532861474138901 0.083386813011266
28 0.46254551253652815 0.48501412681395484 0.07703658510611114 0.08968227711788863
28 0.4780419195466322 0.4128579819868044 0.07060474715020852 0.08168792069139807
28 0.519734537803403 0.19156565518548477 0.06580814437666671 0.07686402837152992
28 0.5351763934267362 0.11706576035833427 0.06744337955902786 0.0800344924781526