28 0.9472800418598901 0.4647724525382332 0.10543991628021984 0.13719201201463566
28 0.8715589209556018 0.4727036785487327 0.09123405405833437 0.10574201734563574
28 0.6132833335233885 0.5304001892505038 0.09911018657189175 0.11677042401336309
28 0.8067242613146813 0.47502070389086865 0.06921360831306052 0.08048747867599956
28 0.5375929871141847 0.5469069839274578 0.09599427693097126 0.11829656134627217
28 0.7505378938282388 0.4866127318985047 0.07394656010845857 0.08835452267663584
28 0.13187931829988214 0.6438216306492736 0.1101749515990064 0.13877269334818115
28 0.44857139373004296 0.5549745699395483 0.12405564441741394 0.10768632535009015
28 0.05930488153159867 0.6587295626591367 0.0898351805217675 0.13384883601209036
28 0.681002098648699 0.4866405512412769 0.07221134328594588 0.05864884134309047
28 0.34011854429577704 0.5804569226209566 0.11313632513557322 0.11068405601527206
28 0.233986718963812 0.6020057533020469 0.12723518657189173 0.11709768801718105
28 0.3073464300307882 0.4534858899586382 0.1101022287263694 0.12627269334818111
28 0.40168223731057645 0.41879216927913887 0.10678633118569744 0.09342383068109025
28 0.21755267700572606 0.46312506663750136 0.094368144417414 0.10734088001272664
28 0.13872824023744262 0.4781057239815463 0.10377041549465287 0.11213746801399935