28 0.8188340456798429 0.396635598838199 0.08608798620519016 0.06635705417661049
28 0.6548910543862702 0.406145377788531 0.08608798620519006 0.06635705417661039
28 0.9750470058793226 0.38694388337010227 0.04990598824135475 0.057234611248705033
28 0.909871803481759 0.39386166335389167 0.08592421189493074 0.06323205417661049
28 0.5648802080497434 0.4136432005763913 0.09826043758467104 0.060689251033457306
28 0.7358953929208809 0.40524215735803565 0.09529921189493056 0.06366870181924558
28 0.225501204770383 0.5256486251024439 0.06116987336031983 0.06675516046291677
28 0.2815464868825586 0.5243622609582548 0.06273237336031982 0.06682793507002263
28 0.07134264925245902 0.5434075516954111 0.047687227498762794 0.04742296360606986
28 0.12261854420950488 0.5403403637299043 0.047687227498762794 0.04742296360606986
28 0.17701943916655077 0.5374187249786094 0.04604284034363308 0.045787688998963995
28 0.8451685736081471 0.497618056034128 0.0858423247398008 0.061669554176610575
28 0.9337397506773686 0.49239120863916186 0.0858423247398008 0.061669554176610575
28 0.7598861708491851 0.5061154526433059 0.09357293758467104 0.060470927212139716