28 0.6557407336511967 0.4569454506099994 0.05465300790866543 0.038736498100139016
28 0.6645228260465423 0.41381304644968697 0.05784167490485963 0.04037173328250003
28 0.42525732657801496 0.027812609423055402 0.13073534684397004 0.055625218846110804
28 0.42135639376448986 0.09868358140329826 0.13028436068413446 0.13259690729444457
28 0.41704428406893845 0.223665397607708 0.10133168973360748 0.11162979065319456
28 0.4021475014456938 0.37855291935920105 0.07754667984777566 0.06424564437666672
28 0.4093816812934694 0.3159438165856594 0.08073534684397003 0.06588087955902786
28 0.3744177963890471 0.5610569480445482 0.07547484387822045 0.05170927678548622
28 0.3948496546017236 0.44272452213274266 0.08504084486680377 0.056614982332569494
28 0.3854627257425312 0.5007006762930553 0.07735567885919252 0.05955814437666671
28 0.324730883804296 0.9376382850505205 0.08612318380210837 0.0831774823325695
28 0.3366034841083071 0.8569695132990276 0.08443334980971962 0.08001611474138884
28 0.3602439139560828 0.79397855081809 0.04728617688202617 0.04949216014423623
28 0.5098406432330171 0.49390320279420097 0.09336268083635879 0.06929682028847228
28 0.5425907707230657 0.28396450513090227 0.10005834980971962 0.08037979065319459
28 0.5302870888981236 0.35605771067798564 0.10311968281352506 0.07889002583555564
28 0.5219214905712788 0.4272787472471176 0.09030134783255335 0.07078658510611113
28 0.552614369544202 0.21036335097058984 0.10018568380210838 0.08350479065319456
28 0.5893530938038584 0.7262052500969093 0.09030134783255335 0.07078658510611113
28 0.6083378571497313 0.6625421403895133 0.0742943458553869 0.06104790919430556
28 0.6258847958947555 0.5575455158644786 0.07997134288963732 0.04713087955902786
28 0.638237557263462 0.503402876521805 0.08009867688202607 0.05025587955902786
28 0.6215673690127294 0.6060375672512495 0.07260451186299814 0.0578865416031249