28 0.890999056988262 0.1700792437550962 0.05130355042954129 0.05637897477225655
28 0.8759118882867835 0.36868043486208874 0.04694359905006031 0.06246528366526398
28 0.8816130116471033 0.3045360893085925 0.0467798247398008 0.05934028366526398
28 0.8866147721625529 0.23885652560626164 0.042256099050060315 0.06230159255827132
28 0.2800848111721335 0.29512892840830285 0.11733798620519006 0.06648315027015243
28 0.28330498643233265 0.3527231735989794 0.0962066146538925 0.05014882213985139
28 0.2868626763918529 0.44851682323615966 0.06956222749876276 0.04765873920022692
28 0.29314365389061575 0.40306791398033254 0.06767217887824381 0.041354175497895974
28 0.42944084351145173 0.7188144211519086 0.06331222749876275 0.047440484390903495
28 0.46857742311249256 0.31428068857510383 0.06339411465389269 0.049002984390903316
28 0.47982253957540755 0.21874993376578042 0.06026911465389269 0.04889385698624169
28 0.48384165422930003 0.17182037006344958 0.06026911465389251 0.04889385698624169
28 0.47428186849907983 0.2649528111704421 0.06018722749876275 0.0473313569862416
28 0.49707199457293305 0.12768842414713358 0.03831222749876275 0.0465674651536097
28 0.5975821703989592 0.3822990238769811 0.08814180913596843 0.07482143992586625
28 0.6065278024657063 0.3008853327699885 0.08518058344622811 0.07783731252120454
28 0.6275263772055071 0.24244535019318367 0.05385534034363317 0.04555060217691827
28 0.6363049129357273 0.14934019093735654 0.05237472749876275 0.04705853847458741
28 0.6315864354369645 0.19473453649085282 0.05393722749876275 0.04711310217691826
28 0.7489609639310955 0.29123253585788067 0.06997166327441154 0.055471239200226743
28 0.7590220386708963 0.23317449919739178 0.06092421189493056 0.0613938569862416
28 0.7677253312985215 0.1712647762392338 0.06100609905006031 0.06295635698624165