28 0.08684802029583474 0.5341631383370102 0.08326824188232515 0.11940927956950453
28 0.20495313799058645 0.5318451211735025 0.06424550649282175 0.10291098428423436
28 0.15096506737373544 0.5340218972283504 0.06262845941492108 0.09971320967712849
28 0.25747416599376366 0.5241268205115487 0.05950345941492108 0.09956766046291676
28 0.6201747633959759 0.48472414205655473 0.07030459172016953 0.09226458271265763
28 0.5551128250843732 0.49420399586166164 0.07033186525911965 0.09382708271265763
28 0.77909579586338 0.4733607646777992 0.08107845048646727 0.08339900496239885
28 0.6960378340128269 0.48356621050118875 0.09207049756436803 0.08703342721213972
28 0.15429284456613374 0.6569328583532209 0.041197744317957155 0.034704639784752266
28 0.20050932549141026 0.6520484592628437 0.041170470779006776 0.033142139784752264
28 0.2451633064166868 0.6470912855653606 0.041170470779006776 0.033142139784752264
28 0.2921746741114385 0.6414620237785363 0.04262387662320544 0.02696491439185813
28 0.48904967411143846 0.6506316242738743 0.0496102621748646 0.06944351282028158
28 0.5321820653451406 0.6432579259692854 0.0511454886359143 0.06795378742738745
28 0.7766002670494239 0.6163295146777992 0.05265344155801373 0.06490156203449331
28 0.8314104979747003 0.6118453759265042 0.054270488635914306 0.06809933664159899
28 0.286723515020829 0.6849936999572187 0.04437729139585782 0.037975188998963995
28 0.15196668547552422 0.700610083746115 0.03968979139585782 0.037756865177646405
28 0.19504452963132557 0.696361385441526 0.042842064934808154 0.03946491439185813
28 0.24282351055660206 0.6915497609582547 0.04133411201270878 0.042517139784752266
28 0.8299689545502478 0.7392255132300571 0.09829322402541782 0.08576202564056316
28 0.5321648798762069 0.913007499790603 0.06855117694751697 0.08125430810555194
28 0.5947876108014833 0.9088872340748374 0.0731841298696164 0.07834763192686936
28 0.6698694314183344 0.9076929152159184 0.0794341298696164 0.07863873035529281