28 0.18950802784280452 0.8514930308695486 0.06017663354437941 0.0825956008736803
28 0.13098247400273852 0.8524729962002778 0.0633925617576248 0.08579333605604163
28 0.24791992141631378 0.8466068155388197 0.06334709765100213 0.08423083605604162
28 0.3024482970431344 0.842410931230139 0.061784597651002124 0.08419446846486096
28 0.12023152744709309 0.6976400258355556 0.08375052586424747 0.087828614741389
28 0.19966897486066837 0.6909010229857641 0.07750052586424747 0.08768314437666688
28 0.27212063638086625 0.68556086597566 0.08062552586424747 0.08775587955902786
28 0.3444586376345075 0.6763144589655559 0.06004024122451135 0.07790810087368065
28 0.7233505157686106 0.6578080336224311 0.04459709765100204 0.08379442496187509
28 0.45670858504808276 0.6703391755305559 0.05686977711788863 0.0762728656913195
28 0.7662283375553652 0.6556831423798964 0.04620506175762475 0.08539329255305557
28 0.8122538913954311 0.6544122363197229 0.047722097651002215 0.08386716014423605
28 0.856648749075563 0.6507612126683687 0.05084709765100186 0.08393989532659721
28 0.39820576326132817 0.672100390861285 0.06004024122451144 0.07790810087368065
28 0.50007214014179 0.6580762180836115 0.0407446719450391 0.05872168977951393
28 0.5889527837152994 0.6538991707809033 0.0407446719450391 0.05872168977951393
28 0.9008162862225817 0.6392976890170147 0.04079013605166182 0.06028418977951393
28 0.9398105900626478 0.6378631287965286 0.04079013605166182 0.06028418977951393
28 0.545316443981856 0.6567871282278477 0.04069920783841656 0.05715918977951393
28 0.6333476413954312 0.6502481471295491 0.0423071719450391 0.058758057370694415
28 0.6751032323825157 0.6363863220914242 0.04006271034569906 0.03528418977951393
28 0.11046641937124972 0.5498564892664237 0.07607441818411552 0.09233427678548622
28 0.1797703488381363 0.5436623470739586 0.07437552586424748 0.08761040919430556
28 0.25148622446495694 0.539866506268264 0.07272209765100213 0.08444904160312508
28 0.39701167313217345 0.5237356260436462 0.074011813011266 0.07511040919430556
28 0.4679462987589941 0.5199216014423615 0.07235838479802066 0.07194904160312507
28 0.3260315833987301 0.5259871506449307 0.074011813011266 0.07511040919430556
28 0.5237643897460786 0.5063870847248616 0.04226170783841656 0.057195557370694414
28 0.5674916576927672 0.5066241272779172 0.04230717194503928 0.058758057370694415
28 0.6991819268930971 0.49797843873267417 0.045386707838416564 0.057268292553055565
28 0.6095427653728992 0.5029185522397922 0.04226170783841656 0.057195557370694414
28 0.6524205871596538 0.5007936609972574 0.045386707838416564 0.057268292553055565
28 0.1112667382550105 0.4163718420399654 0.07530152837152992 0.06577177678548618
28 0.18755645361527443 0.4087788540078126 0.07369356426490725 0.0641729091943056
28 0.262397329242095 0.4050557483844794 0.06427310015828454 0.06239220364722229
28 0.326323436922227 0.40185931962288224 0.07047763605166191 0.06097517401194454
28 0.4635051881758683 0.3941221676467712 0.06735263605166182 0.06090243882958335
28 0.39882056254904763 0.39808166261277805 0.0641821719450391 0.05926720364722229
28 0.5289710638026888 0.3901808564763546 0.061102636051661816 0.06075696846486114