28 0.2670048905375014 0.7963824619669106 0.04511392319868044 0.04738407733927232
28 0.27035119939213226 0.7502341679662743 0.048102530878812465 0.04273294000636341
28 0.3203057352855096 0.7480898652928201 0.05279003087881238 0.04278748400699968
28 0.31928044437756736 0.7934296372931382 0.055915030878812375 0.04282384667409058
28 0.38700750197855704 0.7574734086171386 0.04506845909205772 0.04582157733927232
28 0.3901037582467632 0.7027313646165023 0.04506845909205772 0.0458215773392725
28 0.4261449628529815 0.010227333306819401 0.07103992570596293 0.020454666613638803
28 0.426287366851332 0.06615751794241173 0.07423913354437946 0.08208634134309048
28 0.42722539271557947 0.15211319927595718 0.07460284639736088 0.09458634134309048
28 0.4280724903665815 0.23494388060950264 0.07106866943775678 0.08048747867599956
28 0.4288968559642723 0.3169933119430481 0.06500052586424747 0.08666475334181775
28 0.43197404334871764 0.3958904712762753 0.05659699247815268 0.06626134667409059
28 0.4366137307331631 0.4747694492759571 0.055398205331134064 0.07874316534054522
28 0.43399015056663126 0.7069097872772299 0.04984688730530316 0.04900112133990895
28 0.43388250197855704 0.7569279686107753 0.049755959092057725 0.045876121339908774
28 0.5186507115993402 0.020610302633683335 0.06542642319868044 0.04122060526736667
28 0.5163657637235465 0.34176549793127586 0.06325616943775678 0.0803965720082724
28 0.5143128333987301 0.5129410639322304 0.06463681301126592 0.07416475334181775
28 0.5150509678010394 0.43087345126513954 0.06472774122451135 0.07728975334181776
28 0.5167879978884289 0.16826436326386685 0.06500052586424747 0.08666475334181781
28 0.5133450299543756 0.6676921985996394 0.06252874373179385 0.055396572008272214
28 0.5159409002374268 0.08543368193032139 0.06789820533113407 0.07888861600890866
28 0.5145187365391508 0.7348887892664122 0.06252874373179385 0.055396572008272395
28 0.5153645195295343 0.6028029952657759 0.06271060015828453 0.06164657200827221
28 0.5217151225908128 0.7942001545990032 0.049755959092057725 0.04587612133990859
28 0.5200509856812211 0.8981609485996394 0.049665030878812286 0.04275112133990859
28 0.5208716881093612 0.8457899265993213 0.04984688730530316 0.049001121339908596
28 0.5271237558059878 0.2548922065961396 0.04156302586424747 0.08639203333863614