28 0.6529178632272294 0.44669029850897735 0.05221706493480802 0.040202276119281774
28 0.6482752276755704 0.40470751639680175 0.05854888555165907 0.0452173247398008
28 0.30310345495069424 0.0727647133652686 0.13680234496658022 0.1455294267305372
28 0.327668852677218 0.18066466531057648 0.12567393019392786 0.13459408525525038
28 0.36093709455954315 0.2946519222079814 0.09875687418757355 0.11288950361804462
28 0.39163944399035033 0.44083420341564594 0.07296594155801354 0.06626680913596861
28 0.38044679951023735 0.3819914699239893 0.07609094155801355 0.06643058344622803
28 0.41737760389173867 0.6162093396662646 0.07123980032431163 0.056809921980838854
28 0.4028729987788887 0.5020206869073025 0.0822318474022122 0.06050813206674697
28 0.41088609618110095 0.5579021947092186 0.07598184740221221 0.06018058344622794
28 0.47724312215238796 0.9547904828142881 0.08042388555165907 0.04636374491161739
28 0.46765388798070057 0.8982096121675017 0.08417617694751697 0.0824650192218769
28 0.4720044228837367 0.8338605071245475 0.044595479707460584 0.050730340343633176
28 0.526733238632619 0.5197703516520521 0.09023526217486477 0.07185506784239593
28 0.49583029179959964 0.3172971268668228 0.09664890340856669 0.08155761646291486
28 0.5056513510523649 0.38715924751360914 0.09980117694751697 0.08328389077317437
28 0.5193377499967047 0.45447290027257115 0.08716480925276535 0.07481629353213641
28 0.48444673254683435 0.2475168933751662 0.09832049756436803 0.08788950361804462
28 0.6684782280793122 0.7109608384230691 0.08716480925276535 0.07481629353213641
28 0.6673872865212986 0.6484608384230691 0.07293866801906326 0.06470430913596843
28 0.6546497329505762 0.5459090485089774 0.07891593262956001 0.049406857756487635
28 0.6498434561652149 0.49455126639680175 0.07894320616851011 0.05096935775648763
28 0.6640616891190863 0.5923336691557637 0.07126707386326174 0.05837242198083885