28 0.45 0.2953125 0.07578125 0.07421875
28 0.5203125 0.2953125 0.06875 0.07421875
28 0.890625 0.29921875 0.084375 0.0765625
28 0.321875 0.3015625 0.06015625 0.05546875
28 0.384375 0.3015625 0.0625 0.05625
28 0.965625 0.30703125 0.06484375 0.0578125
28 0.2671875 0.3140625 0.05078125 0.03359375
28 0.68828125 0.38515625 0.0515625 0.0484375
28 0.58125 0.384375 0.05390625 0.05078125
28 0.5265625 0.3859375 0.05078125 0.053125
28 0.63359375 0.3859375 0.0515625 0.05078125
28 0.271875 0.421875 0.08984375 0.084375
28 0.3625 0.4265625 0.08203125 0.07578125
28 0.45 0.4296875 0.084375 0.07109375
28 0.52421875 0.4375 0.0484375 0.05078125
28 0.63203125 0.4375 0.0484375 0.05078125
28 0.6875 0.43984375 0.05390625 0.0515625
28 0.58046875 0.4390625 0.0484375 0.05078125