28 0.49296875 0.63046875 0.0734375 0.1421875
28 0.5703125 0.628125 0.07578125 0.14296875
28 0.6453125 0.64296875 0.0625 0.1296875
28 0.11171875 0.6453125 0.0734375 0.11328125
28 0.5328125 0.078125 0.040625 0.15625
28 0.5859375 0.0796875 0.04296875 0.15859375
28 0.10546875 0.8421875 0.0484375 0.1625
28 0.2625 0.8609375 0.05078125 0.13203125
28 0.321875 0.86171875 0.053125 0.1234375
28 0.37734375 0.86171875 0.0515625 0.1265625
28 0.21171875 0.8765625 0.0421875 0.09765625
28 0.1640625 0.878125 0.04453125 0.09609375
28 0.43125 0.8953125 0.03515625 0.05859375
28 0.4734375 0.89609375 0.03828125 0.0609375
28 0.3671875 0.0984375 0.0375 0.11796875
28 0.321875 0.1 0.03828125 0.12265625