28 0.1578125 0.91328125 0.06640625 0.0890625
28 0.08984375 0.9140625 0.0640625 0.08671875
28 0.215625 0.91796875 0.05078125 0.0734375
28 0.26796875 0.9171875 0.0578125 0.06484375
28 0.58515625 0.92109375 0.0359375 0.0296875
28 0.615625 0.9203125 0.03359375 0.03125
28 0.5453125 0.92265625 0.03984375 0.0328125
28 0.9015625 0.3640625 0.06015625 0.07421875
28 0.82890625 0.36640625 0.0609375 0.0796875
28 0.796875 0.521875 0.06640625 0.07578125
28 0.8640625 0.525 0.06484375 0.07578125
28 0.08203125 0.66640625 0.0671875 0.0640625
28 0.1484375 0.67109375 0.05625 0.0640625
28 0.859375 0.6703125 0.05859375 0.05546875
28 0.21015625 0.6703125 0.0640625 0.0625
28 0.746875 0.6703125 0.053125 0.05390625
28 0.80234375 0.6734375 0.0515625 0.05546875