28 0.23836704939000058 0.6762953761688456 0.0750376740119445 0.06917724687674216
28 0.308189240119445 0.6891998971478885 0.07031380642076393 0.06758747579950324
28 0.5152756947165977 0.726337324546398 0.0767456443766669 0.07543633723582169
28 0.3804097322356603 0.7044618036655509 0.08448540919430556 0.07235678903121964
28 0.15851589522968806 0.668800517855785 0.08430357123840282 0.06454428903121964
28 0.4472160257386465 0.7220356439264346 0.06558993882958326 0.06599770472226432
28 0.46322484507718825 0.8393004119786115 0.04763871941479181 0.033085210772388504
28 0.548762954784584 0.8562020865484505 0.03982621941479181 0.03303975897699054
28 0.5087555506242716 0.8489390323919203 0.03506598423243048 0.029887487899751618
28 0.5420232987244106 0.9022503847530524 0.04763871941479181 0.033085210772388504
28 0.49890907835968823 0.8957503998783629 0.03677395459715278 0.03614657825883114
28 0.4565942917905563 0.8900362101832133 0.04473192496187508 0.04244203005422946
28 0.580668877846598 0.9516873033709633 0.07514677678548623 0.0738647468767418
28 0.6505456199628133 0.9649993278660478 0.07670927678548622 0.07000134426790439
28 0.7241285903275354 0.9714629513044187 0.07641833605604162 0.05707409739116258
28 0.44603930470833414 0.9399680324901162 0.03993532218833344 0.037727258976990544
28 0.4891717088686466 0.9472492673648057 0.04149782218833344 0.03773634933607006
28 0.529179113028959 0.9545123215213358 0.03993532218833344 0.03772725897699018
28 0.09006848765090306 0.34578974385167993 0.05686955547083341 0.09406816256778665
28 0.25418619224805583 0.38267718637549997 0.0692604526972918 0.08945338544042354
28 0.3177583829775003 0.3955453459182245 0.07398432028847228 0.09104315651766237
28 0.5123084699834726 0.4310475504440971 0.0708229526972918 0.08946247579950324
28 0.5735005431217365 0.4423395744482022 0.07710932028847228 0.09106133723582169
28 0.3813305737069448 0.408413505460949 0.07089568787965277 0.09258747579950324
28 0.6362733000555906 0.4544219388113869 0.06933318787965277 0.09257838544042354
28 0.4448663968452086 0.41971916500367357 0.07245818787965277 0.09259656615858276
28 0.1955742584524656 0.3815550479100143 0.04680357123840282 0.0643261204133089
28 0.1430668542921531 0.3742192708808471 0.05319904160312507 0.07061248184962735
28 0.40022865691319487 0.5491294090517452 0.09625936379145839 0.10835792154477701
28 0.4913082518029519 0.569187899878363 0.0928797906531944 0.09740224082661779
28 0.5737213615103477 0.586071393730043 0.10072865824437507 0.09901019262201594
28 0.13207741574691015 0.5061687076491306 0.06915134992375008 0.08476588544042354
28 0.1964490402719449 0.5198226623713949 0.06758884992375007 0.08475679508134401
28 0.07250239399541708 0.4972295240041051 0.06907861474138895 0.08164088544042354
28 0.24922920136611157 0.5388771894005621 0.05465243882958344 0.06593407220870695