28 0.37331859907072873 0.5287789337394838 0.049383057370694414 0.043163501809022266
28 0.36906620374413146 0.5770526594292243 0.04785692496187508 0.04464411465389251
28 0.3639961908263537 0.6268479415413999 0.05098192496187508 0.04480788896415202
28 0.375227244397326 0.4803823773170487 0.047893292553055564 0.04620661465389251
28 0.35805400893062445 0.6805085300760106 0.047966027735416715 0.049331614653892686
28 0.35218456221725636 0.7310441186106214 0.04778418977951393 0.041519114653892686
28 0.36505542344326364 0.3460925864984458 0.03848192496187508 0.04415279172311406
28 0.36676404701836784 0.3062897800760107 0.03542966014423614 0.04711401741285455
28 0.35604213972392323 0.4308803443003619 0.03677395459715278 0.03782090456798422
28 0.360130880890208 0.38963786861062144 0.040080792553055564 0.04579717887824382
28 0.3709073395714234 0.2627035543862702 0.03837282218833345 0.03946529172311397
28 0.3751051835112499 0.2167735786965297 0.03848192496187508 0.04415279172311406
28 0.2861757428787146 0.8449151888278665 0.08426720364722229 0.0668400192218769
28 0.28832077754798546 0.7863623824054313 0.09069904160312507 0.07498006784239593
28 0.27768978923149235 0.9070466966297825 0.08902743882958344 0.07021068068726635
28 0.2714930341974992 0.9678586256215977 0.09062630642076393 0.06428274875680451
28 0.34636454730270827 0.10732333559393467 0.06366376291777787 0.05327548620519007
28 0.34056783577170124 0.15473392412854542 0.0636273953265972 0.05171298620519007
28 0.2874680987863883 0.7221770516727368 0.07013196846486114 0.06297803482570892
28 0.29335572929534665 0.6708602131381259 0.06522626291777786 0.05335737336031983
28 0.29688142600871475 0.6202017938708206 0.06366376291777787 0.05327548620519007
28 0.3047686208222218 0.5165821489137747 0.062210365691319505 0.057881099050060315
28 0.31063806753558987 0.46604656037916403 0.0636273953265972 0.05171298620519007
28 0.3011156375397218 0.5727093181810801 0.06384560087368066 0.06108798620519007
28 0.3201981715434026 0.29055191542211817 0.03844555737069442 0.042590291723113974
28 0.31683612899034697 0.33417908468942353 0.03542966014423614 0.04711401741285455
28 0.30705977906659687 0.41814464891377473 0.03848192496187508 0.04415279172311415
28 0.32512271409645815 0.24700663330994255 0.03855466014423614 0.04727779172311397
28 0.327721690445104 0.20255727046507227 0.041716027735416716 0.049004066033373574
28 0.3096405716196525 0.3744765360689045 0.03848192496187508 0.04415279172311406
28 0.23182926861736103 0.12165807326946276 0.08771951196784729 0.08106629353213633
28 0.19274074629718707 0.5240084673219976 0.08146951196784728 0.0807387449116174
28 0.21403909052135398 0.281077338873295 0.09407861474138898 0.08608134215265535
28 0.20582524059760385 0.365124790252776 0.09418771751493064 0.09076884215265535
28 0.22214383767156232 0.20171738749381402 0.08782861474138899 0.08575379353213633
28 0.18312805053374953 0.6009427815463487 0.08157861474138897 0.08542624491161739
28 0.19608525826503437 0.4475278544771273 0.08775587955902786 0.08262879353213641
28 0.1726613695879508 0.6809611521931351 0.08154224715020844 0.08386374491161738
28 0.16368445345979105 0.7641864099950512 0.08939111474138892 0.08583568068726599
28 0.14375054711527702 0.9148890948661889 0.07819904160312507 0.07432497060135787
28 0.13935268142395754 0.9694128205559294 0.06962282218833335 0.041103034825708915
28 0.1470223239007632 0.8415334820213186 0.08139677678548618 0.07761374491161739
28 0.03722267059347202 0.5366268967660682 0.07444534118694404 0.08575379353213641
28 0.025718860088645497 0.8557487109904194 0.051437720177290994 0.08962242198083885
28 0.02161193512677046 0.93449118668016 0.04322387025354092 0.07835737336031982
28 0.027372932276978856 0.7784459045679843 0.05474586455395771 0.08501680913596861
28 0.03240723081395809 0.6161096788782439 0.06481446162791618 0.08846935775648763
28 0.029899173443263614 0.6972777917231141 0.05979834688652723 0.08830558344622812