28 0.78671875 0.1 0.0296875 0.06875
28 0.75078125 0.1 0.0296875 0.06953125
28 0.71171875 0.1 0.0296875 0.06953125
28 0.678125 0.1015625 0.02734375 0.06953125
28 0.66875 0.26328125 0.05078125 0.0734375
28 0.6171875 0.26015625 0.04453125 0.0609375
28 0.56484375 0.26171875 0.0453125 0.0609375
28 0.9390625 0.3734375 0.06640625 0.06640625
28 0.86875 0.371875 0.06484375 0.06484375
28 0.7984375 0.3734375 0.06484375 0.06640625
28 0.728125 0.37578125 0.0625 0.0640625
28 0.2859375 0.3796875 0.05546875 0.04921875
28 0.35546875 0.38125 0.0609375 0.05625
28 0.42421875 0.38125 0.0609375 0.05625
28 0.22265625 0.3828125 0.0578125 0.06015625
28 0.53828125 0.384375 0.0453125 0.04921875
28 0.1625 0.3859375 0.05859375 0.05859375
28 0.48515625 0.3859375 0.0484375 0.04921875
28 0.6609375 0.3859375 0.05859375 0.04453125
28 0.59609375 0.38671875 0.0578125 0.0453125
28 0.846875 0.615625 0.05390625 0.046875
28 0.6703125 0.61875 0.03515625 0.04296875
28 0.9203125 0.61640625 0.05859375 0.0484375
28 0.75625 0.61796875 0.03125 0.0453125
28 0.63203125 0.61875 0.0328125 0.04296875
28 0.7109375 0.61953125 0.03125 0.0421875
28 0.7953125 0.61953125 0.03515625 0.0421875
28 0.67109375 0.68984375 0.0265625 0.0359375
28 0.70703125 0.6890625 0.0265625 0.03515625
28 0.74609375 0.68984375 0.0296875 0.0359375
28 0.78515625 0.690625 0.0265625 0.03359375
28 0.88671875 0.7203125 0.0296875 0.021875
28 0.825 0.7203125 0.025 0.02265625
28 0.8546875 0.721875 0.02890625 0.02421875
28 0.925 0.72265625 0.03515625 0.0203125
28 0.6765625 0.7484375 0.03125 0.03984375
28 0.7171875 0.74921875 0.03359375 0.0421875
28 0.75703125 0.7515625 0.0328125 0.040625
28 0.7984375 0.7515625 0.03125 0.03828125
28 0.90390625 0.7578125 0.0328125 0.02265625
28 0.8375 0.759375 0.03125 0.02265625
28 0.86875 0.759375 0.02734375 0.021875
28 0.9390625 0.7609375 0.03125 0.021875