28 0.1749552889293852 0.7989455414833123 0.04663095909205772 0.04715884288963732
28 0.05145837417532369 0.18605290513319633 0.10291674835064737 0.09801568874502423
28 0.0666035121407009 0.25869456768076643 0.10102895407749282 0.0930735207602467
28 0.09835831433141425 0.40098022676829537 0.09946645407749281 0.09300985376405232
28 0.08328489528936892 0.3290243137264337 0.09946645407749284 0.09300985376405224
28 0.11653400132014824 0.47359005581776825 0.09955738229073816 0.09613485376405215
28 0.13567279473537294 0.5399180513691441 0.08798338479802066 0.07381418479069168
28 0.14738553305689045 0.5932831319014917 0.08632995658477531 0.07062551779449713
28 0.18458635319429245 0.7361272065023403 0.083386813011266 0.07674818380210838
28 0.16631137780489866 0.6401117109509646 0.06390938730530316 0.05098417984777566
28 0.1759758828194636 0.6834160419776039 0.06551735141192579 0.052610346843970035
28 0.21118830562243263 0.7873249505708413 0.040335494985435094 0.04534167490485981
28 0.30223084276945117 0.7961004312934694 0.07235838479802066 0.07317751482874754
28 0.19235132139104322 0.14744670847950667 0.06707985141192578 0.05267401384016446
28 0.2005897187254762 0.18612720650234033 0.06707985141192578 0.05267401384016446
28 0.21025422374004116 0.22943153752897957 0.06707985141192578 0.052674013840164416
28 0.21782503134103082 0.2642376190499104 0.06694345909205772 0.04798651384016441
28 0.3611201094624986 0.7835566689361796 0.05990384890464338 0.07423067885919252
28 0.42568271463534807 0.7637588220922097 0.06767088479802066 0.07298651384016441
28 0.3444640876883792 0.2832675088600675 0.10419941818411553 0.09476335475263546
28 0.3293452045397112 0.21287409581820588 0.09946645407749291 0.09300985376405231
28 0.3128911419241566 0.13473184977253855 0.10102895407749282 0.09307352076024666
28 0.3619494528903586 0.3527841714076376 0.09151756175762475 0.08800401878308026
28 0.38035246041220605 0.4175815004571105 0.08035274122451135 0.07974584980971962
28 0.4126444716949771 0.5145864930427367 0.062392351411925694 0.05248301285158128
28 0.4029572346271008 0.4720634120160975 0.062392351411925694 0.05248301285158128
28 0.48548962364826365 0.7464957262368228 0.06762542069139812 0.07142401384016442
28 0.5484215326611791 0.7291052963890471 0.07222199247815268 0.06849001482874754
28 0.638992708367142 0.7004444441078697 0.07231292069139794 0.07161501482874755