28 0.6312612138195538 0.9369838839982932 0.14546298620519008 0.06912248924663303
28 0.6890238834255434 0.7121807830886704 0.12407930913596861 0.07747864474715094
28 0.6571010967908121 0.8305690641059172 0.12111808344622813 0.0804580955329393
28 0.8385258322030327 0.13473852564507235 0.08904921189493073 0.06337760339082217
28 0.8247632253510563 0.1891541978948134 0.09217421189493047 0.06352315260503386
28 0.6696696958408724 0.769194916463282 0.12268058344622812 0.08053087014004508
28 0.6386100463612708 0.8859843101769757 0.11774742198083885 0.07562504631872749
28 0.805490924921515 0.2446058312694249 0.08904921189493047 0.06337760339082213
28 0.5397586250578005 0.5118276803170209 0.08477114767057933 0.07097177956950454
28 0.5873373891912947 0.3475083151393744 0.08468926051544959 0.06940927956950453
28 0.5728344759168831 0.4011791246926683 0.08781426051544958 0.06955482878371626
28 0.5567281190649067 0.45570395885306814 0.08789614767057934 0.07111732878371627
28 0.617813862506186 0.19723433333633947 0.05426477611928178 0.05396406203449331
28 0.5908209153105765 0.2959094278358215 0.05426477611928178 0.05396406203449331
28 0.6067634978522933 0.24450959367542166 0.05113977611928178 0.053818512820281585
28 0.3739078957500154 0.6130734648489241 0.12234639077317437 0.10389559553293921
28 0.35172195726083316 0.6943791228306415 0.12744332654882315 0.11192641935425698
28 0.39477699570458685 0.5271530814743126 0.12086577792830404 0.10538532092583353
28 0.3247256880389563 0.7782468546336764 0.11486143939369331 0.10978172249741007
28 0.4050804098835096 0.4495182330458892 0.09611808344622799 0.07929370181924558
28 0.4225412268213942 0.38401951158193653 0.09619997060135783 0.08085620181924558
28 0.48819163952997896 0.12767531224389028 0.09307497060135787 0.08071065260503386
28 0.4503121019907364 0.2705006670824545 0.09167624491161738 0.08376287799792799
28 0.46727827397157523 0.1995695829220547 0.0885512449116174 0.0836173287837163
28 0.4284913336733707 0.3299677123677248 0.0702173247398008 0.06094180810555185