28 0.23523845752810452 0.20699126557325406 0.043906508897248564 0.04464464206513996
28 0.13470383011241818 0.7810063472703421 0.10193918479069156 0.09167083148532633
28 0.14990306577796214 0.7140841577795684 0.09562551779449713 0.08974431043863902
28 0.17480095361095288 0.5791400103821693 0.09399935079830275 0.08809080517696728
28 0.1627585514435061 0.6470254603962868 0.09087435079830275 0.08790879465362363
28 0.19000018927649687 0.5122178208913957 0.09250051779449713 0.08956229991529537
28 0.20613984243252684 0.4492473840314578 0.08073534684397003 0.06861276308359247
28 0.2158212485543063 0.3999299234939967 0.08060801285158128 0.06548776308359247
28 0.246187886387297 0.2653042945124492 0.07930018083635879 0.07164675782192056
28 0.23194365566466893 0.3556639840032229 0.06122134288963732 0.048770699943530185
28 0.23963148026551756 0.314803765573254 0.0612850098858317 0.05033319994353027
28 0.2699954595052709 0.21836838133003472 0.039155341901054186 0.042809126280124385
28 0.35461054003761855 0.21004691809115048 0.06667284684397004 0.06779371572854584
28 0.2702248360439172 0.8169577997741211 0.06441000988583179 0.050515210466873836
28 0.27732241163334903 0.7807395787133162 0.0644100098858317 0.050515210466874017
28 0.28507390323039206 0.7414418602833474 0.0644100098858317 0.050515210466874017
28 0.2914857293141154 0.7075218865917066 0.06428267589344294 0.047390210466874014
28 0.4103976250185905 0.22109010488050113 0.05586268083635879 0.07028167889684286
28 0.4711905449805345 0.24021880745486732 0.06361151384016459 0.0691742052052021
28 0.4076545573750051 0.6893472812170953 0.09718801779449712 0.08983531570031093
28 0.396329738211364 0.7557157338620486 0.09399935079830275 0.08809080517696728
28 0.3821664205305976 0.8289334259836583 0.09399935079830275 0.08809080517696728
28 0.42369871003674353 0.6240330943571575 0.08605951680591399 0.08451077886860787
28 0.43918444718516236 0.5641421548663837 0.0779286818249421 0.07624325256024882
28 0.46664626091159594 0.47299351009982066 0.0581600098858317 0.05015118942018652
28 0.45736410281265016 0.5129814732681177 0.0581600098858317 0.05015118942018652
28 0.5271686309500896 0.2559494942442179 0.06348417984777566 0.0660492052052021
28 0.5870848004177419 0.2726889441877482 0.06654551285158128 0.06466871572854575
28 0.6715380548663662 0.29865147568719214 0.06660917984777566 0.06623121572854576