28 0.7348049850854519 0.6268469055357038 0.08517639342673622 0.10204428903121965
28 0.7288498450771883 0.8408457730221464 0.08375936379145835 0.10828519867214012
28 0.7294836650813201 0.7338327037403056 0.08212412860909737 0.1051511083130606
28 0.7242006722995147 0.9431486164062882 0.0820877610179167 0.1035886083130606
28 0.6331762820069106 0.9590230804001305 0.04400587955902786 0.07837043969514994
28 0.6351004982875702 0.8738895562978296 0.04713087955902786 0.07838862041330899
28 0.6362980159550007 0.7910952370159888 0.04727634992375016 0.08463862041330898
28 0.6410186174942714 0.6247389839909268 0.0438240416031249 0.07055793969514959
28 0.6374591660312505 0.706738417734148 0.044078614741388834 0.08149543969514958
28 0.6435402861878823 0.431029890606785 0.026054660144236054 0.04545794574527377
28 0.6447384570656947 0.38182477614540444 0.026054660144236054 0.04545794574527395
28 0.6415621717308337 0.5474088695295463 0.043678571238402776 0.06430793969514959
28 0.6467178779435072 0.33262420686356364 0.026091027735416716 0.047020445745273864
28 0.642414850492431 0.4833600050681655 0.026054660144236054 0.04545794574527377
28 0.6187935529053823 0.3746435352205907 0.0340853656913195 0.05487839754067192
28 0.6198826210096531 0.3207509207592102 0.03393989532659738 0.04862839754067192
28 0.6153061834143406 0.4261787641433519 0.03423083605604162 0.06112839754067192
28 0.6142171153100697 0.4800713786047325 0.026054660144236054 0.04545794574527377
28 0.5977030689572922 0.5424668394753168 0.05487064437666671 0.07530907220870695
28 0.5854109292333689 0.9540583244482022 0.0597399823325695 0.08314884328594588
28 0.5865720793096187 0.8697015051663615 0.05799564437666689 0.07532725292686634
28 0.5933078161075005 0.6221179780389983 0.05487064437666671 0.07530907220870695
28 0.5878786997505909 0.7915946858845206 0.056614982332569494 0.08313066256778683
28 0.5897847322356603 0.7056799117822197 0.056614982332569494 0.08313066256778665
28 0.6038906790459376 0.137088993066113 0.04836607123840277 0.0643352107723885
28 0.6022203826931599 0.19957081234795376 0.05152743882958344 0.06591589149054781
28 0.5989875863403821 0.2620435412707149 0.04978310087368065 0.058094301131468205
28 0.6040166591943056 0.07537933342519262 0.04829333605604162 0.06121021077238855
28 0.5883248029053822 0.37446627321853815 0.030778527735416717 0.0470477168225127
28 0.5872902861878824 0.4307026376799188 0.029216027735416716 0.047038626463433174
28 0.5894320548052433 0.3213549087571576 0.032377395326597204 0.048619307181592394
28 0.5837665491056601 0.48067536660267984 0.02910692496187508 0.04235112646343318