28 0.2546875 0.262879399379497 0.0234375 0.04599446159934022
28 0.2796875 0.2628255750854599 0.0234375 0.04443196159934022
28 0.30546875 0.2604507328447342 0.0234375 0.04443196159934022
28 0.39296875 0.2661217228156043 0.0265625 0.044522889812585564
28 0.334375 0.2620730688172538 0.0296875 0.04148881802583091
28 0.3625 0.26289142273646204 0.025 0.04135242570596294
28 0.42265625 0.26386054084143523 0.028125 0.044568353919208194
28 0.2609375 0.16228000580598775 0.0234375 0.024119461599340218
28 0.28515625 0.1598596994586393 0.01875 0.02242056927947216
28 0.5203125 0.1479520475053528 0.04375 0.055960494985435094
28 0.42578125 0.14285771905468062 0.040625 0.05274456677218971
28 0.3828125 0.14238870612255689 0.040625 0.051182066772189706
28 0.4734375 0.1426818743066724 0.046875 0.05136392319868044
28 0.259375 0.12317204169936506 0.0234375 0.02568196159934022
28 0.2875 0.12320914561857332 0.025 0.02260242570596289
28 0.246875 0.7556208288463836 0.053125 0.09217077962517131
28 0.68046875 0.7651121184341776 0.05 0.08270485141192588
28 0.3546875 0.7564141022033486 0.0515625 0.0874378155185486
28 0.73359375 0.7666578980593488 0.0515625 0.0858753155185484
28 0.7828125 0.7680900174179632 0.0453125 0.08569345909205772
28 0.62734375 0.7627850888090064 0.053125 0.0827957796251713
28 0.57109375 0.7611483809705899 0.046875 0.07636392319868043
28 0.30234375 0.7525473046314888 0.0515625 0.08587531551854859
28 0.46171875 0.7556221435070023 0.0515625 0.0796253155185486
28 0.51875 0.75806283339873 0.05 0.07489235141192588
28 0.40859375 0.754857613881831 0.05 0.08114235141192587
28 0.32578125 0.629010516230829 0.040625 0.08711956677218975
28 0.37265625 0.6288119394295094 0.04375 0.088772994985435
28 0.6890625 0.6325496710206024 0.0375 0.06671613855894432
28 0.57421875 0.6299893091838353 0.0375 0.06984113855894432
28 0.765625 0.6347774122451137 0.0375 0.06671613855894432
28 0.64921875 0.631390336301724 0.0375 0.06671613855894432
28 0.72734375 0.632882291632858 0.034375 0.06506271034569906
28 0.61015625 0.630253733636157 0.034375 0.06975021034569906
28 0.534375 0.6272674744649569 0.0375 0.0698411385589445
28 0.41640625 0.6214911844149444 0.034375 0.06662521034569906
28 0.49453125 0.6253268897460786 0.0375 0.06671613855894432
28 0.45546875 0.6226277870805115 0.0359375 0.06667067445232178
28 0.409375 0.5142553459351424 0.034375 0.08225021034569906
28 0.446875 0.5161277344940868 0.0375 0.08077863855894432
28 0.33125 0.5112008906040084 0.0375 0.08546613855894432
28 0.29375 0.510891002045064 0.034375 0.08225021034569906
28 0.2546875 0.5081918993794969 0.0375 0.0823411385589445
28 0.6953125 0.5163252774470932 0.028125 0.0695683539192082
28 0.37109375 0.5076727253228868 0.0359375 0.07292067445232178
28 0.603125 0.5144241451563548 0.028125 0.06644335391920819
28 0.66484375 0.5154387273679508 0.0296875 0.06961381802583091
28 0.63359375 0.5153106952354972 0.028125 0.07113085391920819
28 0.4828125 0.5101421589464085 0.025 0.06947742570596294
28 0.54453125 0.5119379911580044 0.028125 0.0695683539192082
28 0.5125 0.5110059769722394 0.028125 0.0695683539192082
28 0.5734375 0.5119978271305239 0.025 0.06635242570596275
28 0.46015625 0.4008891794003796 0.0453125 0.06069345909205772
28 0.4140625 0.39798548825501057 0.0453125 0.06069345909205772