28 0.7325932293125464 0.1488525312325797 0.03799089600572696 0.04240566861791084
28 0.8059216413112738 0.15780028435583762 0.03648294000636341 0.04708407825883123
28 0.7708381166454555 0.15175481743512903 0.03951703333863606 0.039289758976990455
28 0.8387068693109555 0.15995313681516565 0.036592028007635946 0.05645907825883123
28 0.6780329986473645 0.1382331938003663 0.046076116008908666 0.0658886204133089
28 0.9776057373090467 0.1732065948570797 0.03490225867281822 0.04551248789975162
28 0.9058670973106373 0.16190600137474212 0.044349984006999674 0.05181703005422929
28 0.9433307346435467 0.16481283275683128 0.04429544000636341 0.047129530054229284
28 0.8442145045353697 0.9622105284039094 0.052326116008908484 0.06592498184962707
28 0.7622468892027787 0.9572190222555893 0.050890885343726745 0.07685339149054755
28 0.8847940512015061 0.9658804290678393 0.05223520934118149 0.05811248184962707
28 0.723211661203097 0.9551025312325798 0.05094542934436319 0.08154089149054755
28 0.8028355265356879 0.9601076729195193 0.050818160009544845 0.07060339149054755
28 0.6842309772040513 0.94829854020957 0.05092724801081765 0.07997839149054756
28 0.6436968838717786 0.9407223895456402 0.04776588534372674 0.0768352107723885
28 0.5641366532065968 0.9302484978587007 0.049328385343726924 0.07684430113146803
28 0.5243565378740058 0.925011552015231 0.05089088534372692 0.07685339149054755
28 0.6062968812062786 0.9323468081635511 0.05083634134309047 0.07216589149054756
28 0.7882752292330046 0.734426416869395 0.03702838001272681 0.09395907825883114
28 0.9146377345640048 0.7508775977839459 0.038590880012726814 0.09396816861791084
28 0.883442278564641 0.7463719049655383 0.038590880012726814 0.09396816861791084
28 0.8194706852323683 0.7389321096878027 0.038572698679180915 0.09240566861791084
28 0.8514655725652773 0.7418707573266705 0.038590880012726814 0.09396816861791084
28 0.6276922652371407 0.7048939738545956 0.05085452267663584 0.07372839149054773
28 0.667463289902959 0.7109121696980653 0.04776588534372674 0.0768352107723885
28 0.747050792568459 0.7190423113850049 0.05241702267663584 0.07373748184962743
28 0.7080882899029589 0.7106758203619952 0.04609429734245403 0.06745112041330899
28 0.8676916512571854 0.5558514440949539 0.03372156667727211 0.07831589754067192
28 0.9441268819223673 0.5663435165000527 0.03372156667727211 0.0783158975406721
28 0.9176098352562307 0.5625918026044061 0.03530224801081765 0.07988748789975161
28 0.8918467665897761 0.5611792935292198 0.03532042934436319 0.08144998789975162
28 0.6493143685948669 0.5250928443661004 0.038336341343090476 0.07209316861791085
28 0.7085802805935943 0.5341224107210749 0.03837270401018138 0.07521816861791084
28 0.7397848272597306 0.5378468535394825 0.03993520401018138 0.07522725897699054
28 0.6204444812619578 0.5221360160090732 0.038336341343090476 0.07209316861791067
28 0.6789564152610034 0.5288263775435876 0.03519316000954511 0.07051248789975162
28 0.8037473299252307 0.5460678988172182 0.03831816000954511 0.07053066861791084
28 0.8380586952578216 0.5513366609174666 0.03833634134309065 0.07209316861791067
28 0.7733422145926397 0.5407764108192707 0.038336341343090295 0.07209316861791085
28 0.7044756779519568 0.34978377215739337 0.03030566534054504 0.0532977168225127
28 0.7567376119510023 0.3565104951282262 0.03186816534054522 0.0533068071815924
28 0.7302205652848659 0.35275878123257964 0.028743165340545218 0.05328862646343317
28 0.7817012492839114 0.3594900493829523 0.03030566534054522 0.0532977168225127
28 0.805120567950366 0.36091619399675806 0.02874316534054495 0.05328862646343317
28 0.8808018206158661 0.3690690615813966 0.027217028007635945 0.056404536104353475
28 0.8300842052832749 0.36389574825148413 0.028743165340544864 0.05328862646343309
28 0.9049751172820024 0.3728344110156625 0.02719884667409076 0.054842036104353474
28 0.9268137546149114 0.37583214598854786 0.027198846674090404 0.054842036104353474
28 0.9697188699475024 0.38105091111385836 0.02719884667409076 0.054842036104353474
28 0.8566285239497298 0.36530371214713064 0.03037839067472703 0.0595477168225127
28 0.9486523919478206 0.37882988096143316 0.02876134667409076 0.054851126463433084
28 0.6343722632877293 0.33222408831597616 0.023801126670909056 0.031386355386194255
28 0.6788307879535476 0.3382150130822071 0.02380112667090888 0.031386355386194255
28 0.6140961259548202 0.3292172629840112 0.02538180800445424 0.032957945745273866
28 0.5719995326225475 0.3216502026791609 0.023837489337999784 0.03451135538619425
28 0.5914853292886839 0.32544282319066564 0.022220445337363514 0.029814765027114644
28 0.655447831954184 0.33366386846840135 0.023819308004454243 0.032948855386194256