28 0.5439847633458729 0.06643105942108754 0.03590300790866543 0.03769998789975158
28 0.5534526052469271 0.10710151121648562 0.039155341901054186 0.04084316861791083
28 0.5642282791632036 0.14153105337096333 0.035775673916276673 0.03457498789975162
28 0.5453164530794803 0.17578787870292828 0.06466467787060921 0.05348861436318471
28 0.559885630455798 0.2266418515755652 0.061412343878220456 0.050345433645025396
28 0.5017826758934429 0.046658914905477675 0.04559634288963732 0.045567030054229296
28 0.5137534352849832 0.09124925223949518 0.043970175893442945 0.04399543969514967
28 0.5264736111784261 0.1350628847530525 0.043906508897248564 0.04243293969514968
28 0.43345844022789903 0.11421405356735508 0.06029551285158128 0.06127384328594586
28 0.41625901136870647 0.056315195156098695 0.05717051285158128 0.061255662567786626
28 0.4525387040680634 0.17993450233769104 0.060486513840164416 0.06596134328594587
28 0.46820746642535316 0.23860552038986782 0.060422846843970035 0.06439884328594588
28 0.48468931228073997 0.29806233362158435 0.05710684585538672 0.05969316256778665
28 0.5020479086304185 0.35986744203284077 0.05710684585538672 0.05969316256778665
28 0.5183705869953193 0.41541800526455724 0.057106845855386903 0.05969316256778665
28 0.5530877796946763 0.53902822208707 0.060486513840164416 0.06596134328594587
28 0.5366059338392895 0.47957140885535343 0.057106845855386903 0.05969316256778665
28 0.4480090074515548 0.43297314392643466 0.07375051779449712 0.0847840661585828
28 0.405305559809282 0.2858845204880637 0.06893568380210838 0.08163179508134392
28 0.42239224212851567 0.36018508371978025 0.07062551779449713 0.08476588544042354
28 0.37747237847863163 0.2162078247427898 0.05455484882113639 0.07373748184962733
28 0.34112901878308033 0.09102601756119742 0.052674013840164416 0.06591589149054775
28 0.3592688651327588 0.15283567115199362 0.054427514828747636 0.07061248184962739
28 0.2824689431936485 0.12739478873663215 0.06880834980971962 0.07850679508134392
28 0.324790388858755 0.26510841217500314 0.07518568380210837 0.08166815651766246
28 0.30483337452429893 0.19703966822512736 0.07030718281352524 0.07695338544042354
28 0.36499091901054176 0.40827715007475474 0.073559516805914 0.08009656615858277
28 0.344906570683697 0.33708340612487897 0.07368685079830276 0.08322156615858275