28 0.8692527861208521 0.14096310037837326 0.054815959414921164 0.0990396778706093
28 0.9130186026805134 0.320998110264205 0.09606825081077872 0.1366325197716635
28 0.11521412256601567 0.16261935821267656 0.08688416558343129 0.14718801779449714
28 0.8265044042226408 0.30574584197541627 0.08954551542127547 0.12075285178688588
28 0.9721617775994353 0.33669870611959185 0.047439836038126515 0.12372134288963732
28 0.4977032942385269 0.24153085577839967 0.09930234496658023 0.14300985376405223
28 0.4212771619332786 0.2305986729648745 0.08337733603812651 0.12518568380210837
28 0.34881182670593097 0.21670065764183527 0.07551028896022585 0.1217423488211364
28 0.7538481542226408 0.30278532665237706 0.060956865259119655 0.0930443458553869
28 0.2893004590111793 0.22209381178644838 0.0594761858759707 0.0976681788591925
28 0.2402589870143565 0.20993205140632507 0.05788641233702041 0.09604201186299806
28 0.18544875608907996 0.21473495653952135 0.055723894480112925 0.061603344866803744