28 0.89296875 0.353125 0.0296875 0.02734375
28 0.85390625 0.3546875 0.0328125 0.02890625
28 0.81875 0.3546875 0.02734375 0.02734375
28 0.790625 0.38125 0.040625 0.053125
28 0.7390625 0.38125 0.03828125 0.05078125
28 0.92265625 0.3875 0.0359375 0.03515625
28 0.8765625 0.3890625 0.03515625 0.03359375
28 0.834375 0.3890625 0.03359375 0.03359375
28 0.8734375 0.47109375 0.05078125 0.0453125
28 0.9328125 0.471875 0.05078125 0.04296875
28 0.8078125 0.4703125 0.05390625 0.04453125
28 0.75 0.471875 0.053125 0.04453125
28 0.690625 0.4734375 0.04921875 0.04296875
28 0.628125 0.4734375 0.04921875 0.04296875
28 0.571875 0.4734375 0.04921875 0.04296875
28 0.4484375 0.4734375 0.05546875 0.04453125
28 0.5078125 0.4734375 0.04921875 0.04296875
28 0.571875 0.5453125 0.071875 0.053125
28 0.7203125 0.5453125 0.07109375 0.04921875
28 0.64609375 0.54921875 0.0734375 0.0484375
28 0.7921875 0.5515625 0.06484375 0.0375
28 0.91796875 0.5515625 0.0578125 0.03515625
28 0.8546875 0.5515625 0.06015625 0.0375
28 0.896875 0.61875 0.06640625 0.04921875
28 0.7578125 0.615625 0.06875 0.05390625
28 0.8265625 0.61640625 0.06484375 0.0515625
28 0.61328125 0.6171875 0.0671875 0.053125
28 0.6859375 0.6171875 0.07109375 0.053125