28 0.5359375 0.4546875 0.07421875 0.08984375
28 0.69921875 0.4578125 0.0796875 0.084375
28 0.61484375 0.45703125 0.0796875 0.0890625
28 0.86171875 0.471875 0.0796875 0.06484375
28 0.7859375 0.47265625 0.07421875 0.0640625
28 0.1203125 0.571875 0.06484375 0.08203125
28 0.18125 0.578125 0.05390625 0.06953125
28 0.2390625 0.578125 0.05390625 0.071875
28 0.296875 0.5796875 0.05390625 0.071875
28 0.465625 0.5796875 0.05390625 0.07421875
28 0.3546875 0.58125 0.05546875 0.07109375
28 0.4109375 0.58125 0.05546875 0.06953125
28 0.6125 0.590625 0.040625 0.053125
28 0.565625 0.58984375 0.04453125 0.0515625
28 0.87109375 0.58984375 0.0453125 0.0578125
28 0.5203125 0.590625 0.04453125 0.05546875
28 0.77890625 0.58984375 0.0421875 0.0515625
28 0.91953125 0.59140625 0.0453125 0.0578125
28 0.825 0.5921875 0.04296875 0.053125
28 0.69375 0.5984375 0.03515625 0.03359375
28 0.73671875 0.5984375 0.0328125 0.03359375
28 0.6515625 0.6 0.02890625 0.03125
28 0.2734375 0.696875 0.06953125 0.08671875
28 0.2 0.6984375 0.071875 0.08671875
28 0.4125 0.6984375 0.06875 0.08203125
28 0.3421875 0.7 0.06484375 0.08671875
28 0.1296875 0.7 0.07109375 0.078125
28 0.553125 0.703125 0.07109375 0.08515625
28 0.48125 0.7046875 0.06875 0.08203125
28 0.6984375 0.709375 0.07109375 0.08515625
28 0.625 0.7125 0.06875 0.07421875
28 0.83046875 0.71953125 0.0640625 0.0640625
28 0.8921875 0.71875 0.05859375 0.06875
28 0.765625 0.72109375 0.06640625 0.0609375