28 0.2851351204956042 0.6267003987445867 0.06986151384016441 0.0683626808363588
28 0.2252189510279518 0.6375623028891998 0.06667284684397004 0.06667284684397004
28 0.16761469806220228 0.6493009575281046 0.06667284684397004 0.06667284684397004
28 0.5471469836511966 0.49573553612046695 0.04741351087441501 0.0534088428896375
28 0.46978864619876665 0.5121471033069417 0.0425350098858317 0.04853034190105419
28 0.5084200646778358 0.5051131947137043 0.04266234387822045 0.05165534190105418
28 0.8981430923581648 0.3895252757775246 0.069317685779275 0.09329901384016441
28 0.9462450113315255 0.3805296191614536 0.0483048488211363 0.07528384288963733
28 0.5904632435370283 0.45054771151961825 0.08156301779449712 0.08755834980971962
28 0.6567567469970694 0.4368154753597827 0.08156301779449712 0.08755834980971962
28 0.3830208166550022 0.4906130015200558 0.05905134783255326 0.07104201186299815
28 0.3380757311797386 0.4989547421285156 0.05755251482874755 0.07254084486680376
28 0.42724831912646016 0.48067692741349877 0.06074118182494206 0.07423067885919252
28 0.24883947623682276 0.5187950568435326 0.05905134783255326 0.07104201186299815
28 0.2923812292025723 0.5064833992388783 0.06230368182494202 0.0742943458553869
28 0.7713750039171516 0.4086188325838761 0.07030718281352506 0.07930018083635879
28 0.7154287514456937 0.41807740421897516 0.0748036818249421 0.07480368182494206
28 0.5025494080617647 0.45713860973273235 0.04266234387822045 0.05165534190105418
28 0.5381194935370284 0.4484148671471062 0.04435217787060921 0.05484400889724857
28 0.4655123230807929 0.4634549353221642 0.04266234387822045 0.05165534190105418