28 0.2859375 0.656286503100372 0.0859375 0.08837760339082212
28 0.26484375 0.7224915459044429 0.0859375 0.08837760339082212
28 0.2390625 0.7837907648871962 0.06875 0.07195208271265763
28 0.80703125 0.7336818345701753 0.134375 0.1312586162111037
28 0.759375 0.8642747090534467 0.0953125 0.07631425103345749
28 0.77265625 0.8070807932138464 0.096875 0.07482452564056316
28 0.8 0.6474168488381989 0.0625 0.07009848428423418
28 0.8109375 0.59011377108794 0.059375 0.06839043507002263
28 0.66328125 0.7113615707164365 0.115625 0.12882282092583353
28 0.63046875 0.7895208039672135 0.0828125 0.08354455417661058
28 0.603125 0.8491847483428611 0.065625 0.0811815334984459
28 0.665625 0.19193948262709526 0.0921875 0.07616870181924558
28 0.67890625 0.14333931678749506 0.0859375 0.060252603390822126
28 0.653125 0.2468260357702484 0.0890625 0.07133565260503386
28 0.6359375 0.29836926509208395 0.090625 0.06984592721213971
28 0.62109375 0.35236540632457836 0.0890625 0.06821065260503385
28 0.56640625 0.5216932950758734 0.0703125 0.05171235731976367
28 0.57734375 0.48235896732561423 0.0765625 0.05981595574818712
28 0.5109375 0.7198910465236154 0.0703125 0.06421235731976367
28 0.4953125 0.7699445504525568 0.0640625 0.05767125889134021
28 0.54375 0.5589193132728384 0.05 0.042953787427387445
28 0.46640625 0.8537544702210985 0.0515625 0.04615156203449331
28 0.475 0.8111859805601807 0.053125 0.054036836641598994
28 0.44453125 0.8902356257216164 0.0296875 0.03263271753501122
28 0.4359375 0.9257728653825342 0.0296875 0.037320217535011226
28 0.4859375 0.3741954028099217 0.0875 0.07907537799792799
28 0.46875 0.4335511321317572 0.0921875 0.07616870181924558
28 0.43828125 0.5524445272931929 0.090625 0.08078342721213971
28 0.4515625 0.4921256114535928 0.090625 0.08078342721213971
28 0.4203125 0.6125451193114756 0.090625 0.08234592721213971
28 0.3984375 0.6654325248119937 0.06875 0.05945208271265763
28 0.3859375 0.7148503279551468 0.0703125 0.06421235731976367
28 0.36875 0.7656123072769823 0.0671875 0.05937930810555194
28 0.33828125 0.8516932024384183 0.05 0.04607878742738762
28 0.3484375 0.8091974873846063 0.05 0.04451628742738754
28 0.32265625 0.8962779563673596 0.0515625 0.04927656203449331