28 0.35655491072877515 0.30320873366374973 0.10152905925034235 0.10854115824437507
28 0.725251086434738 0.26964416594072854 0.09036423871722903 0.10047408510611114
28 0.45126801715526577 0.29475849439732604 0.0980858105039836 0.09753092306201391
28 0.6390862659016247 0.27945688345565917 0.08880173871722903 0.10043771751493065
28 0.5396401953685113 0.2895787254956246 0.09192673871722903 0.1005104526972918
28 0.8057425684880494 0.2669899849949299 0.08866534639736087 0.09575021751493065
28 0.47287492953339355 0.46445274534725656 0.09371655925034225 0.10835932028847228
28 0.8148949449727997 0.43541267667430483 0.08723923871722894 0.10040134992375016
28 0.20192593204067605 0.4926193386214928 0.0799723079967011 0.11896951196784719
28 0.6465852141731296 0.45104094272621464 0.09197220282385157 0.1020729526972918
28 0.12440032561418535 0.5006695343849306 0.07983591567683304 0.1142820119678472
28 0.5619828936400163 0.46081729264996485 0.09054609514371972 0.10672408510611113
28 0.7310966064929977 0.4443895928024647 0.08880173871722903 0.10043771751493065
28 0.38108223462710084 0.47986149943131917 0.093625631037097 0.10523432028847228
28 0.28395718204067605 0.49071004008451363 0.093625631037097 0.10523432028847228
28 0.33123168415224713 0.663710475779965 0.06330163354437941 0.08266833605604162
28 0.5902800752184739 0.6420666394395829 0.04713106426490725 0.06355466014423605
28 0.649791467538342 0.6359971709747217 0.04713106426490725 0.06355466014423605
28 0.26854982772575636 0.6714151794271872 0.06481866943775678 0.08114220364722229
28 0.5370641470052286 0.6464281375397217 0.04713106426490725 0.06355466014423605
28 0.4892033085254265 0.6545685990707287 0.04713106426490725 0.06355466014423605
28 0.205041257192643 0.6807005668699998 0.06481866943775669 0.08114220364722229
28 0.13840768665952957 0.6900586894951735 0.06812552586424747 0.08746493882958344
28 0.43826293415224715 0.6612192957840968 0.04713106426490725 0.06355466014423605
28 0.3865413097790677 0.6678881762930552 0.05025606426490725 0.0636273953265972