28 0.519451605608781 0.20455822970416526 0.08312011646291495 0.09667617694751698
28 0.6727780014703381 0.18846739975182342 0.08961577792830404 0.10147277110331832
28 0.5972457349619946 0.19731451988220708 0.09265889077317446 0.09996481818121902
28 0.754724042288941 0.17660437377724109 0.10507700361804453 0.09862050649282175
28 0.39963375056582684 0.20794055397446423 0.06174308344622812 0.07600912094116259
28 0.45316818634147565 0.20105535429877577 0.05549308344622812 0.07590002678536119
28 0.8094514066041493 0.35584758887420503 0.09963923111680728 0.14379663879807011
28 0.7240085515611951 0.3598299310014115 0.0948698439616777 0.14215231818121907
28 0.6391422286304166 0.36773215989809316 0.09018234396167771 0.14207049756436801
28 0.5659061244919735 0.347686666797952 0.055738744911617386 0.08058752678536116
28 0.5119179873368438 0.34830822970416525 0.058781857756487456 0.07907957386326192
28 0.45373699513876 0.3543303587630027 0.0621525192218769 0.08382162094116259