28 0.8055076243376036 0.8326886029795265 0.08390352773541672 0.0497668762235353
28 0.6329786609067354 0.8211905638719669 0.07140352773541672 0.04933036660488845
28 0.4721684474758674 0.8101017525318888 0.07133079255305556 0.046205366604888456
28 0.7141013743376035 0.8294966263931715 0.07140352773541672 0.04933036660488845
28 0.5519345615516663 0.5071702146902736 0.0924070119678472 0.07972719473518967
28 0.6440129587781247 0.515076973127794 0.0924070119678472 0.0797271947351895
28 0.4621271791428468 0.5024703018062493 0.09553201196784719 0.0798363221398514
28 0.8857094962971871 0.5446280969890767 0.047893292553055744 0.04538691106992569
28 0.8279151800927774 0.5418279900028351 0.05098192496187508 0.043933538474587405
28 0.7162873490707288 0.5340204352861788 0.04778418977951393 0.040699411069925515
28 0.7716651800927774 0.5398636967189242 0.05410692496187508 0.04404266587924912
28 0.6503701019205204 0.6114708234906138 0.08746493882958326 0.0686260036281972
28 0.7408859991469787 0.6193230182258034 0.08895470364722229 0.06555556733052796
28 0.5636695357161107 0.6076612880112512 0.08739220364722229 0.06550100362819719
28 0.8329280287822565 0.6287922766633238 0.09356946846486096 0.06259425843752045
28 0.47231783710288144 0.6021255614248961 0.08739220364722229 0.06550100362819719
28 0.7690090395158327 0.721168260421255 0.07143989532659738 0.050892866604888454
28 0.6854880246981938 0.7151241023465543 0.06515352773541672 0.04911211179556503
28 0.5277846274717355 0.7049256684111379 0.06824216014423605 0.04765873920022692
28 0.3607062302452772 0.6943998522617363 0.07133079255305556 0.046205366604888456
28 0.6074175760849647 0.7100521672300115 0.06827852773541672 0.04922123920022674
28 0.44816986265409664 0.6990179195922641 0.07136716014423605 0.04776786660488845
28 0.8454806205378812 0.727748131835467 0.06835126291777768 0.05234623920022692
28 0.3952065571832632 0.7909945992665113 0.07133079255305556 0.046205366604888456
28 0.5526190136802771 0.8136930332019278 0.06824216014423605 0.04765873920022692