28 0.43359375 0.14453125 0.1109375 0.0640625
28 0.31328125 0.14765625 0.1109375 0.0640625
28 0.18125 0.15234375 0.09765625 0.0578125
28 0.0625 0.1546875 0.09140625 0.05859375
28 0.48671875 0.2671875 0.1109375 0.08671875
28 0.38828125 0.271875 0.0734375 0.07109375
28 0.315625 0.2921875 0.05078125 0.02734375
28 0.259375 0.29296875 0.046875 0.0265625
28 0.2046875 0.2953125 0.05078125 0.02734375
28 0.0796875 0.2953125 0.05390625 0.02734375
28 0.1421875 0.29453125 0.06015625 0.0296875
28 0.3609375 0.390625 0.08515625 0.04921875
28 0.1453125 0.39296875 0.08984375 0.0484375
28 0.2625 0.39375 0.08984375 0.053125