28 0.7954981556428425 0.37062736997863155 0.10178928413027996 0.0877579495445131
28 0.8812837371987563 0.3434621800527653 0.09544827886860788 0.08597719473518968
28 0.43258936098921896 0.4706224578123976 0.09388577886860805 0.08592263103285873
28 0.34781254258748495 0.49385411588709827 0.09866428413027979 0.0876488221398514
28 0.5166304320217889 0.44663683158886214 0.09388577886860805 0.08592263103285873
28 0.7182986188111397 0.3842384913928435 0.07239021046687402 0.06490080290255759
28 0.655025074086929 0.3997022894860777 0.07082771046687383 0.06484623920022684
28 0.5891802662085386 0.41915418313280817 0.07239021046687384 0.06490080290255769
28 0.2707950162791257 0.5043402373013103 0.0676117052052021 0.06317461179556502
28 0.20821171629324317 0.5213392535433791 0.07100972099021767 0.06797123920022692
28 0.14700120050822763 0.5281547379342825 0.06192314732681177 0.04582342068857255
28 0.08832415052234506 0.5450173449205241 0.060178636803468064 0.0426438569862416
28 0.028865850536462484 0.5619072337579312 0.056962631541796226 0.04097222958158007
28 0.40228648193708433 0.36174845481717266 0.11639781570031094 0.09762402286549073
28 0.29857765301200667 0.3887598773198437 0.11161931043863911 0.09589783175849816
28 0.5032798345396854 0.3278149097191633 0.11566977360693613 0.08512402286549073
28 0.8131623397307701 0.241366455913481 0.10620376834526439 0.08323414065150567
28 0.7063740134365283 0.26770575582081374 0.10280575256024882 0.07843751324684396
28 0.6049634318806147 0.2954165827699885 0.10914675782192056 0.0802182680561673