28 0.9340724377801568 0.27444172931732636 0.07988137978345548 0.11762845574818695
28 0.8487487032195631 0.29153287592650423 0.1080518438900783 0.12050089867609248
28 0.7667545571387713 0.31580082174989377 0.08071645407749273 0.0927012303552929
28 0.6876353584715548 0.331620566787495 0.08393238229073816 0.09597177956950453
28 0.2728574561225569 0.3950022466902311 0.117063131037097 0.10843754631872767
28 0.37391985094970737 0.38254509615211185 0.10585284639736088 0.09855312406898661
28 0.4732606214036785 0.3645464210068867 0.11366534639736088 0.09891699710451585
28 0.16664456004176514 0.4181421861034799 0.11862563103709696 0.10851032092583349
28 0.6195673200708949 0.3518559840748373 0.06753449247815269 0.06868153349844608
28 0.08226119985435071 0.44073847001621064 0.09308006175762477 0.08859592721213971
28 0.5624822457768579 0.3741633236119206 0.057522994985435005 0.0463698858558109
28 0.9757681927947217 0.46784928101273743 0.04846361441055649 0.09807793507002263
28 0.9073293960142849 0.48150721256810336 0.10750627461060631 0.10175089867609248
28 0.8094601973470683 0.4964536623204344 0.10447220282385139 0.10473034946188058
28 0.7070626230530312 0.5166505382514478 0.10759720282385174 0.10487589867609248
28 0.6100428705457487 0.5339771253073315 0.11522784639736088 0.0989897717116218
28 0.5006140462517116 0.5538465155063687 0.11049488229073816 0.09720894789030403
28 0.4013187399043631 0.5734076906515939 0.1025459899708702 0.0921575748547749
28 0.28883311177026005 0.5954752816364192 0.09446070533113407 0.08241870181924575
28 0.18875655542291164 0.6150000694780914 0.09910274122451135 0.08107452564056317