28 0.94453125 0.1609375 0.0453125 0.08046875
28 0.2671875 0.3109375 0.06953125 0.103125
28 0.84609375 0.31171875 0.0359375 0.0328125
28 0.3390625 0.3109375 0.07109375 0.103125
28 0.884375 0.31171875 0.03984375 0.0328125
28 0.8109375 0.3125 0.03359375 0.03515625
28 0.4109375 0.3125 0.06875 0.10234375
28 0.925 0.3125 0.040625 0.03515625
28 0.4734375 0.32421875 0.05859375 0.0796875
28 0.53125 0.325 0.05546875 0.08203125
28 0.58984375 0.3265625 0.0609375 0.08203125
28 0.65078125 0.3265625 0.0578125 0.08203125
28 0.7671875 0.32890625 0.05546875 0.0796875
28 0.709375 0.33046875 0.05546875 0.0796875
28 0.8171875 0.3515625 0.040625 0.03359375
28 0.8578125 0.3515625 0.03828125 0.03515625
28 0.8984375 0.35390625 0.0375 0.0328125
28 0.93671875 0.35390625 0.0359375 0.0328125
28 0.5328125 0.415625 0.03515625 0.03828125
28 0.6234375 0.41796875 0.03515625 0.0359375
28 0.4890625 0.4171875 0.03984375 0.0375
28 0.5765625 0.41796875 0.0375 0.0359375
28 0.7140625 0.41875 0.03828125 0.0375
28 0.853125 0.41875 0.0375 0.03984375
28 0.6703125 0.41875 0.0375 0.0375
28 0.7640625 0.4171875 0.040625 0.03828125
28 0.8078125 0.41875 0.03828125 0.040625
28 0.8984375 0.4203125 0.03984375 0.040625
28 0.03125 0.446875 0.03125 0.078125
28 0.1078125 0.45078125 0.03359375 0.0765625
28 0.0703125 0.4515625 0.03359375 0.078125
28 0.14375 0.45234375 0.0375 0.0765625
28 0.1828125 0.4515625 0.02890625 0.078125
28 0.2234375 0.45390625 0.03359375 0.0796875
28 0.26015625 0.4546875 0.0328125 0.08046875
28 0.29609375 0.4546875 0.0359375 0.078125
28 0.371875 0.45625 0.0375 0.078125
28 0.4078125 0.45625 0.025 0.078125
28 0.33359375 0.45546875 0.0328125 0.0796875
28 0.44375 0.45625 0.03125 0.078125
28 0.48671875 0.4671875 0.0359375 0.05078125
28 0.53203125 0.46953125 0.0421875 0.0515625
28 0.57578125 0.4703125 0.0421875 0.05078125
28 0.62421875 0.47109375 0.0453125 0.0515625
28 0.67109375 0.471875 0.0421875 0.04921875
28 0.71953125 0.4734375 0.0421875 0.053125
28 0.76875 0.47265625 0.040625 0.0484375
28 0.8140625 0.4734375 0.03984375 0.053125
28 0.9078125 0.47421875 0.03828125 0.0515625
28 0.8609375 0.4734375 0.03828125 0.053125
28 0.1296875 0.59453125 0.06953125 0.0671875
28 0.2015625 0.59765625 0.06484375 0.0734375
28 0.584375 0.596875 0.05859375 0.071875
28 0.5171875 0.5984375 0.06640625 0.071875
28 0.27265625 0.5984375 0.0640625 0.06484375
28 0.059375 0.5984375 0.06953125 0.071875
28 0.3359375 0.603125 0.05859375 0.0625
28 0.6453125 0.60390625 0.05859375 0.0640625
28 0.396875 0.6046875 0.05625 0.06015625
28 0.453125 0.60546875 0.05390625 0.0578125
28 0.7640625 0.6078125 0.05859375 0.0625
28 0.703125 0.6078125 0.05546875 0.0625
28 0.82421875 0.6078125 0.0578125 0.06484375
28 0.884375 0.6078125 0.05859375 0.0625