28 0.21491866470399829 0.2811603864473733 0.05377952800763604 0.05779577962517113
28 0.22950842337681618 0.32688206340697745 0.05526930267345422 0.05159124373179384
28 0.28018967604231626 0.3197658968722146 0.059974984006999674 0.053290136051661816
28 0.2671533267027256 0.2733084340192331 0.06313634667409058 0.05650606426490725
28 0.3463050247055891 0.2966981214036785 0.053761346674090583 0.05623327962517113
28 0.3617851213796797 0.35181753041659397 0.053761346674090583 0.05623327962517113
28 0.5604275421307667 0.9706464352728744 0.08679202267663584 0.05870712945425112
28 0.5415860881205854 0.9037390462517116 0.09344201201463562 0.11049488229073816
28 0.5210730461091313 0.818795744918928 0.08704656134627217 0.09781302586424764
28 0.5005781854312228 0.7354149435861446 0.08241360534690845 0.1023641335443795
28 0.48402593742040506 0.6552728025199177 0.07120338534372692 0.07860838479802065
28 0.4682458487428146 0.5743721435070023 0.0697863360120902 0.09106292069139794
28 0.40692489871099796 0.3382922395086517 0.05690452800763594 0.05788670783841656
28 0.39383400537077096 0.2871472766556703 0.05688634667409058 0.05632420783841656
28 0.5820912674251776 0.6932705591838353 0.07765338001272663 0.09597774122451135
28 0.5378947300684059 0.5193867783050229 0.07912497334499946 0.08821070533113406
28 0.5591617500795418 0.6020090616911178 0.08074201734563573 0.09294366943775678
28 0.6278775767822674 0.8695435541692703 0.08241360534690845 0.10236413354437915
28 0.49701409671386154 0.36200017563945586 0.07581816000954511 0.07249477711788863
28 0.649153687460176 0.9524336443649322 0.08390338001272664 0.09513271127013567
28 0.48060729937140734 0.29435803457322907 0.07581816000954511 0.07249477711788863
28 0.5157464627227701 0.42814801286561666 0.07587270401018138 0.07718227711788868
28 0.47207663669636235 0.23241196404011566 0.060029528007635946 0.05797763605166182
28 0.4435147373488174 0.12692884217421876 0.05684998400699968 0.053199207838416515
28 0.45819540268936265 0.18046301913382287 0.06004770934118149 0.059540136051661904
28 0.616684990770177 0.780185537476223 0.05890338001272664 0.0954321719450391