28 0.23671875 0.384375 0.0359375 0.0875
28 0.1953125 0.384375 0.03125 0.0875
28 0.278125 0.38671875 0.040625 0.0796875
28 0.7640625 0.4046875 0.0375 0.05546875
28 0.8125 0.4046875 0.03515625 0.05546875
28 0.6875 0.5140625 0.07421875 0.08046875
28 0.7625 0.51953125 0.05546875 0.0734375
28 0.25625 0.521875 0.04453125 0.053125
28 0.20625 0.521875 0.04453125 0.053125
28 0.30625 0.521875 0.04296875 0.05390625
28 0.44765625 0.52265625 0.0609375 0.0578125
28 0.52109375 0.52734375 0.0734375 0.0515625
28 0.60078125 0.528125 0.0671875 0.053125
28 0.3515625 0.53125 0.03984375 0.03359375
28 0.3921875 0.5328125 0.0375 0.03359375