28 0.30644601759283113 0.645276228493266 0.08085318511654283 0.0817637303552928
28 0.23602439018816948 0.6388763711735025 0.08085318511654283 0.0817637303552928
28 0.1681647675928312 0.6388356757643977 0.06468254809323426 0.06541098428423435
28 0.41761906433530305 0.14346763357949927 0.1167559687818068 0.12711477171162172
28 0.2769395006329722 0.1353554189399721 0.06404763103285874 0.09190070967712845
28 0.33580606914462646 0.14589696670644176 0.06259425843752045 0.09495293507002259
28 0.49619049763774725 0.18222622663123922 0.06290179328391084 0.059088209677128446
28 0.5558928798517324 0.1943666617012618 0.06279266587924912 0.05596320967712844
28 0.3881275156939147 0.28171034222317043 0.1161557680561673 0.10992727171162171
28 0.30154517494974176 0.2815776015287953 0.07449405771188111 0.07834763192686944
28 0.23608386605673432 0.28320856803034933 0.07540179328391083 0.059670406533975304
28 0.8825471822061359 0.4802336569437509 0.06399306733052797 0.0903382096771285
28 0.9342733733131284 0.48732271897824414 0.04820437622353531 0.08492296360606985
28 0.8260516455456471 0.47058252108794 0.06075893992586634 0.08706766046291677
28 0.7705283318433163 0.466436522535682 0.05768850362819702 0.08848461124870503
28 0.7140873588851582 0.45834788667987125 0.05763393992586607 0.08692211124870504
28 0.5333730722246693 0.44291116955914467 0.04297123920022674 0.06907963978475226
28 0.5756696996293311 0.4480010839510028 0.049384930307219396 0.07405823821317573
28 0.32574162149902997 0.41608103411761854 0.05541667549789597 0.06809933664159917
28 0.27250749409436825 0.41048169747601937 0.0505654843909034 0.06319351282028159
28 0.4906771407363236 0.4487223678637336 0.03757441106992569 0.048548815963434674
28 0.18182793039203737 0.40469827026387967 0.04075397477225655 0.0502568651776464
28 0.22660471705252622 0.4138035965663966 0.04856647477225655 0.05062073821317572
28 0.13991324890369167 0.4105458558720215 0.02905258293962456 0.02787244292790536
28 0.10305808964786452 0.40492940260503385 0.03374008293962456 0.028090766749222996
28 0.6463046365599724 0.5721877547530017 0.07002481252120454 0.08437930810555194
28 0.5828869773041452 0.5653341331652145 0.0639385036281972 0.08877570967712849
28 0.459766935834333 0.5463400765074047 0.07013393992586625 0.08750430810555195
28 0.5210318180483181 0.5585532861845331 0.07013393992586625 0.08750430810555195
28 0.3963765584296713 0.5402677049196175 0.07169643992586625 0.08757708271265763
28 0.33786465398316756 0.5398824071531478 0.050729175497895976 0.06788101282028158
28 0.28689243102500955 0.5320484824222075 0.05541667549789597 0.06809933664159917
28 0.23212308547151328 0.5271576211735025 0.05218254809323426 0.06482878742738744
28 0.13909977176918242 0.521265032050704 0.040699411069925695 0.0486943651776464
28 0.18301346287617498 0.527990221049668 0.039136911069925694 0.04862159057054054
28 0.09222477176918242 0.5190817938375283 0.0438244110699257 0.04883991439185813