28 0.15985070782260075 0.8174723079967011 0.12021068068726612 0.0908643438900782
28 0.14650418079880775 0.741418273356965 0.11535940637700656 0.0876029515702104
28 0.6447712624360136 0.7824383592629777 0.09035940637700665 0.08687552586424747
28 0.6676598857963334 0.8470691605957612 0.07046298620519006 0.0644549565847754
28 0.6884946862258747 0.9022794978219221 0.05138543758467122 0.0576593873053028
28 0.6997497687675917 0.9533108004083466 0.049659163274411534 0.05448892319868044
28 0.5615294787419582 0.31042095526462704 0.06067855042954129 0.05636967194503919
28 0.5433692989592033 0.2467077962517116 0.07744997060135787 0.07869931301126601
28 0.5713858355939346 0.3645317937444291 0.06092421189493056 0.06105717194503919
28 0.6874755823145743 0.49583928120801685 0.07942190637700666 0.08655727711788863
28 0.6697724259375677 0.411077836301724 0.07958568068726599 0.08968227711788863
28 0.7723097642450358 0.834512987792792 0.09093261646291495 0.09781302586424764
28 0.7933835820874316 0.9240528609123302 0.08797139077317447 0.10084709765100222