28 0.6560701367661799 0.44430956903701857 0.08466710064862308 0.11107327886860804
28 0.7969951456946337 0.45330659548655217 0.08000687418757338 0.11236276308359247
28 0.7272729809219813 0.4464188296309494 0.08628414772652385 0.11428928413027979
28 0.5938604630650738 0.4197792768730566 0.057340941558013545 0.06577618942018652
28 0.49756216152294624 0.4136573504658753 0.05736821509696384 0.06733868942018653
28 0.6594018680984935 0.27675804799033116 0.09088982710967279 0.10987479991529536
28 0.5756308400953163 0.27147057948977504 0.08781937418757338 0.11281778939195171
28 0.7376632357932452 0.2800202849067387 0.09256142126547413 0.11621580517696728
28 0.49339503855318867 0.26452960572754713 0.08938187418757337 0.11290879465362354
28 0.41265355316368535 0.2535913767036474 0.08935460064862308 0.1113462946536236
28 0.33566831330995506 0.23383188452556797 0.08423072402541765 0.08607327886860802
28 0.26208080884572815 0.22951538182414488 0.07628185633066593 0.0778057525602488
28 0.17905012053412547 0.22183866069275293 0.08409435633066598 0.07826077886860802