28 0.303125 0.078125 0.02734375 0.07421875
28 0.271875 0.078125 0.02890625 0.07109375
28 0.33203125 0.08046875 0.0265625 0.0734375
28 0.34609375 0.8265625 0.0296875 0.02734375
28 0.203125 0.82734375 0.02890625 0.0296875
28 0.4078125 0.82734375 0.02890625 0.0296875
28 0.309375 0.828125 0.03359375 0.02890625
28 0.3765625 0.82890625 0.02890625 0.0296875
28 0.271875 0.828125 0.03515625 0.02890625
28 0.2390625 0.83046875 0.03125 0.0296875
28 0.28671875 0.86875 0.0328125 0.03359375
28 0.31953125 0.8671875 0.0296875 0.03515625
28 0.4125 0.86875 0.02890625 0.03125
28 0.2546875 0.86875 0.03359375 0.0375
28 0.35 0.86875 0.03125 0.03359375
28 0.190625 0.86875 0.02890625 0.0375
28 0.3828125 0.87109375 0.03359375 0.0328125
28 0.2234375 0.871875 0.03125 0.03359375
28 0.40859375 0.91640625 0.0359375 0.0296875
28 0.3703125 0.9171875 0.02890625 0.02890625
28 0.334375 0.9171875 0.03359375 0.02890625
28 0.26015625 0.91875 0.0296875 0.02734375
28 0.18515625 0.9203125 0.0328125 0.025
28 0.2953125 0.91875 0.03125 0.02890625
28 0.22421875 0.9203125 0.0328125 0.02890625
28 0.7859375 0.1890625 0.025 0.05078125
28 0.76015625 0.23125 0.0328125 0.071875
28 0.72109375 0.2328125 0.0328125 0.06875
28 0.684375 0.234375 0.03125 0.071875
28 0.7921875 0.240625 0.02890625 0.05078125
28 0.51484375 0.33515625 0.0578125 0.0734375
28 0.4578125 0.3359375 0.053125 0.07421875
28 0.365625 0.3375 0.03828125 0.06875
28 0.575 0.3375 0.053125 0.06484375
28 0.2796875 0.3375 0.040625 0.06953125
28 0.3234375 0.3375 0.040625 0.06953125
28 0.19296875 0.3375 0.0421875 0.06875
28 0.409375 0.3390625 0.03984375 0.06953125
28 0.2359375 0.33984375 0.03828125 0.0671875
28 0.4578125 0.4390625 0.021875 0.06640625
28 0.4296875 0.44140625 0.021875 0.0640625
28 0.484375 0.4421875 0.021875 0.0625
28 0.6421875 0.4421875 0.053125 0.06015625
28 0.39765625 0.44453125 0.0359375 0.0640625
28 0.5390625 0.44453125 0.02421875 0.0609375
28 0.696875 0.44375 0.053125 0.05859375
28 0.58515625 0.44453125 0.0515625 0.0578125
28 0.35234375 0.4453125 0.0421875 0.0625
28 0.5109375 0.4453125 0.02421875 0.05859375
28 0.3078125 0.44609375 0.03828125 0.0640625
28 0.3109375 0.53984375 0.046875 0.0578125
28 0.259375 0.54296875 0.05546875 0.0515625
28 0.35078125 0.54296875 0.0328125 0.0453125
28 0.384375 0.54296875 0.03125 0.0453125
28 0.48828125 0.54375 0.0296875 0.03984375
28 0.4203125 0.54296875 0.03359375 0.0453125
28 0.2 0.5453125 0.05546875 0.053125
28 0.45546875 0.5453125 0.0296875 0.04296875
28 0.4109375 0.6421875 0.03125 0.046875
28 0.44609375 0.64375 0.0328125 0.046875
28 0.375 0.64296875 0.03125 0.0453125
28 0.30625 0.64453125 0.03125 0.0484375
28 0.340625 0.64453125 0.03359375 0.0484375
28 0.27265625 0.64765625 0.0328125 0.0453125
28 0.23515625 0.64765625 0.0328125 0.0453125
28 0.2 0.64765625 0.02890625 0.0453125
28 0.50390625 0.7484375 0.0421875 0.05625
28 0.453125 0.75 0.04296875 0.053125
28 0.21484375 0.7515625 0.0453125 0.05859375
28 0.259375 0.7515625 0.040625 0.05625
28 0.4046875 0.7515625 0.04453125 0.05546875
28 0.309375 0.753125 0.04296875 0.053125
28 0.3578125 0.753125 0.04296875 0.05078125
28 0.3609375 0.0765625 0.025 0.07421875
28 0.2421875 0.0765625 0.025 0.071875
28 0.1828125 0.0765625 0.02890625 0.06953125
28 0.21328125 0.078125 0.0265625 0.07109375