28 0.7503796217784402 0.4326155186716045 0.04538109905006031 0.06216503087881229
28 0.7130433960886997 0.4283993801126601 0.04702548620519007 0.06377299498543501
28 0.7873064116925319 0.44464415723054884 0.04661605042954129 0.055960494985435004
28 0.674966863976524 0.42337925950040445 0.0452173247398008 0.05904003087881247
28 0.5951941547951269 0.4077566080093364 0.04505355042954129 0.05591503087881233
28 0.6339291061746078 0.41514321067490345 0.04661605042954129 0.05596049498543505
28 0.5602835662605161 0.40204616561032597 0.04357293758467105 0.057432066772189615
28 0.5261951713034703 0.39557720526462703 0.04702548620519007 0.0637729949854351
28 0.7951488099289381 0.5786698162434643 0.06979460085908258 0.11123902837152996
28 0.6935829879026707 0.5608481672596787 0.07135710085908258 0.11128449247815268
28 0.7439548021270219 0.5701382507249159 0.07119332654882307 0.10815949247815268
28 0.6439105365231897 0.553143315847753 0.07135710085908258 0.11128449247815268
28 0.5926346415661439 0.5461742503292044 0.07143898801421251 0.11284699247815269
28 0.5226530122129303 0.552744847584495 0.03765048620519007 0.06350021034569905
28 0.5506142379026707 0.5566882015037035 0.03789614767057934 0.06818771034569907
28 0.4700193351437087 0.5418240679593239 0.03789614767057934 0.06818771034569907
28 0.44283935945396824 0.537903446093427 0.03945864767057934 0.0682331744523216
28 0.49703553652318977 0.5488696898252208 0.03797803482570909 0.06975021034569906
28 0.3846141016520521 0.5291672920950765 0.03773237336031983 0.06506271034569906
28 0.41401499660909796 0.5354998601209073 0.03797803482570909 0.06975021034569906
28 0.6978975944159629 0.7323283621659714 0.07135710085908258 0.11128449247815268
28 0.7497500214851843 0.7432264097378314 0.07143898801421251 0.11284699247815269
28 0.5987164659672605 0.7137936593421198 0.07341092378986111 0.1207049565847754
28 0.6451820301916117 0.7229700825408003 0.0716846494796016 0.11753449247815269
28 0.5467412081653442 0.70523936177026 0.06510710085908258 0.11110263605166182
28 0.4923403132082985 0.6981793680384663 0.0715208751693421 0.11440949247815269