28 0.5429907290173034 0.7820524431373025 0.13001777210332363 0.12464474317557439
28 0.6766155712580293 0.7500125769261987 0.11738137978345584 0.11937504631872767
28 0.789214859658689 0.721298917911024 0.12363137978345566 0.11966614474715094
28 0.9010556301126602 0.6934028961994023 0.1268473079967009 0.12293669396136267
28 0.975885516230829 0.6643639055050272 0.04822896753834201 0.11875430810555195
28 0.947852759104693 0.5003399468613561 0.08325042069139812 0.07253427956950453
28 0.5837889444440745 0.3021615818885974 0.10166545157021041 0.11552230024766903
28 0.4897577996169239 0.32375194561850174 0.10166545157021041 0.11552230024766903
28 0.6561807699917528 0.2628036753546221 0.07235838479802066 0.07358735731976358
28 0.8527004173261856 0.21453518755573114 0.06748902837152997 0.06711903349844599
28 0.7944703801791672 0.22976423532220078 0.06753449247815269 0.06868153349844605
28 0.7268653430321486 0.24542993073130562 0.0769549565847754 0.07068068114108117