28 0.06655791398208258 0.7521533733401752 0.09836903349844602 0.06617951190385671
28 0.5220266639820826 0.7548032130118838 0.0807448858558109 0.056704517953980724
28 0.4480069671252357 0.7668759661351416 0.0744948858558109 0.05666815651766246
28 0.3746593583577301 0.7812970144379395 0.06646406203449332 0.051935204722264317
28 0.31161354880443615 0.7926521500747548 0.06809933664159917 0.05350679508134384
28 0.24079162655469516 0.803180583916172 0.07278683664159917 0.05353406615858276
28 0.1784542923942954 0.8161027647325272 0.06646406203449332 0.051935204722264317
28 0.11466362014455438 0.8266721051898026 0.07129711124870503 0.05508747579950324
28 0.04149794789481336 0.8371869034926004 0.074422111248705 0.055105656517662284
28 0.5382105136488511 0.25632480639602545 0.08234592721213971 0.0910795179539809
28 0.46277386600621595 0.26526346916020377 0.08547092721213971 0.09109769867214013
28 0.6144647985950391 0.24660943881138692 0.07602315260503385 0.08948065651766246
28 0.38395750723871036 0.2796527012062229 0.0935017510334573 0.09583065046753828
28 0.6900106081483331 0.23532702604720854 0.08866870181924558 0.09267837939029935
28 0.7557447700589919 0.2333650711285525 0.06606595574818712 0.07692611436318471
28 0.9280756883797915 0.20779796544777063 0.05505568114108108 0.07529998184962743
28 0.8140303050051798 0.22354516441449834 0.06606595574818704 0.07692611436318471
28 0.8762220899513681 0.21374798359814323 0.07231595574818712 0.07696247579950322
28 0.6394947237402644 0.3467821556338996 0.05945208271265763 0.06907725292686617
28 0.6945824840793465 0.33850656820168623 0.05959763192686936 0.07220225292686626
28 0.585496428454994 0.36522308342519266 0.05091183664159917 0.05340680113146821
28 0.5367314427230176 0.37197253229372446 0.05552656203449331 0.05187157220870695
28 0.2681354923515141 0.5181061471478885 0.05145549214211709 0.03154089149054773
28 0.3274377177444083 0.520014080792914 0.07507708271265771 0.06916815651766246
28 0.1534351375129499 0.5479158461146162 0.07507708271265771 0.06916815651766246
28 0.39246340426217297 0.5164850806947181 0.05694351282028158 0.04875566256778665
28 0.5041650376367844 0.500724246189371 0.057016287427387444 0.05031816256778665
28 0.21775234863782042 0.5428198008368806 0.05552656203449331 0.05187157220870695
28 0.5592891852794196 0.49166740875715753 0.06177656203449331 0.0519079336450254
28 0.44751477729770217 0.5089907432625047 0.055381012820281586 0.04874657220870695
28 0.27233068672716165 0.5454817134046672 0.05145549214211718 0.03154089149054773
28 0.12988201344396333 0.6509317618056608 0.10014985731976359 0.07087610226293642
28 0.04078647301639327 0.6667834999018041 0.08157294603278654 0.0724113311856975