28 0.8832423512809775 0.7401991730177151 0.0956579336450254 0.059929511903856716
28 0.4124349475919856 0.7921586662802198 0.07685339149054773 0.050445427594901206
28 0.4898105138487643 0.7971774435057787 0.07216589149054772 0.05041815651766228
28 0.5664184656441623 0.8045445159108773 0.06121930113146803 0.048792024004105004
28 0.6328519867214013 0.8088456756499938 0.06434430113146802 0.048810204722264314
28 0.7063122126191003 0.8123246787732515 0.06903180113146803 0.04883747579950324
28 0.7727639144144984 0.819750838512368 0.06121930113146803 0.048792024004105004
28 0.8391928903121976 0.8232707482514842 0.06904089149054755 0.05039997579950324
28 0.9165593662098963 0.826727025477043 0.07216589149054756 0.05041815651766228
28 0.36255103873663214 0.2752438770526083 0.07394656010845857 0.08792724687674199
28 0.4414754694547914 0.2779098139190876 0.07707156010845857 0.0879454275949012
28 0.2820731983775525 0.27414953054520863 0.06769656010845856 0.08789088544042353
28 0.5235430808911099 0.28368257006740766 0.0833488311856975 0.09266928903121974
28 0.2039209273003137 0.26991654849918956 0.0786340601084586 0.0879545179539809
28 0.13520274355709233 0.2757852742986927 0.05981133723582168 0.07534543364502548
28 0.07501922247985349 0.271447753123258 0.05981133723582164 0.07534543364502548
28 0.027349336941234058 0.2693812590751863 0.031677246876742025 0.0736193071815924
28 0.2631646379745064 0.38129441003370385 0.05039997579950324 0.06904089149054782
28 0.2061152072563471 0.3785012081401099 0.05354315651766237 0.07218407220870696
28 0.3210544060266831 0.39423931674775803 0.04715680113146821 0.048710210772388504
28 0.3718492915653025 0.3962876300776704 0.05341589149054773 0.05030907220870704
28 0.6600719751121321 0.5188337540070208 0.05172612646343318 0.02842498184962743
28 0.5983986769075302 0.5270053231906656 0.07069429508134384 0.06603406615858276
28 0.7804981046006274 0.5376650463578901 0.07069429508134384 0.06603406615858276
28 0.5304481076256895 0.530525753810629 0.05182612041330899 0.04561248184962743
28 0.41401004136891084 0.5257342355620606 0.05183521077238851 0.04717498184962743
28 0.7133151497801672 0.5388371817983137 0.05029089149054773 0.05029089149054773
28 0.35617936065075156 0.5229455788480063 0.05653180113146812 0.04876475292686635
28 0.47340322208707003 0.528513801917035 0.05183521077238851 0.04717498184962743
28 0.657896396755105 0.5477536395456402 0.048601126463433175 0.028406801131468207
28 0.8115759086589618 0.6421752843558377 0.09568520472226431 0.06461701190385671
28 0.91161227009528 0.6478435013747421 0.09101588544042372 0.0677147408266178