28 0.9483813952029809 0.35712329827267986 0.09889201795398073 0.08385833148532651
28 0.9419899737563997 0.5160355666885313 0.10668633723582169 0.08118835779368574
28 0.9301388926688983 0.6737038535202343 0.10673178903121965 0.08900085779368574
28 0.9234025584581385 0.7576616245669217 0.1067499697493787 0.09212585779368573
28 0.9360576154433392 0.5960415851043828 0.10667724687674215 0.07962585779368574
28 0.9448200579671593 0.4323053087960235 0.10514201795398108 0.08422235253201382
28 0.4913466417851353 0.11586459257336754 0.11934087334017499 0.10847889988706054
28 0.443346898915414 0.8488814899001793 0.11774201190385672 0.10213789462538862
28 0.4938989491631194 0.21412008205002384 0.10367042154477701 0.09975634727034208
28 0.48628591618202394 0.3145296057275472 0.10367042154477701 0.09975634727034208
28 0.45795482046019115 0.7543124425451326 0.09267837939029935 0.08974431043863902
28 0.4822746061717612 0.46705536625089084 0.08957156010845857 0.09268729991529553
28 0.4952154885871226 0.3905460741575161 0.07379202400410509 0.0652147472985769
28 0.4733167209277294 0.66438539255925 0.08489315046753809 0.09397678413027996
28 0.4816882780111259 0.5678366162508908 0.08805451190385653 0.10040879465362344
28 0.6390523678792261 0.2330003427145419 0.06904998184962743 0.05556673151356133
28 0.6360586572050335 0.3448556006070497 0.06592498184962743 0.05538472099021767
28 0.6310666301758663 0.3974723663920652 0.06592498184962743 0.05538472099021767
28 0.6356001149523599 0.2894323532378856 0.06748748184962743 0.05547572625188959
28 0.6823347352674729 0.17659144801856602 0.04400453005422929 0.04629814732681177
28 0.6953983375304092 0.07898840592519124 0.045621572208706954 0.05576415258848362
28 0.6888619912194013 0.12857117697187864 0.04714771077238851 0.04960515785015547
28 0.6790945431364364 0.599293200649402 0.11766928903121965 0.08963789462538863
28 0.675501389643836 0.6799439611727456 0.11768746974937905 0.09276289462538863
28 0.6619832694269189 0.8556720032661204 0.12391019867214012 0.08843941567207594
28 0.6710815343558376 0.7684527243269252 0.12080337939029935 0.09138240514873246
28 0.7018149465308408 0.4527066269859962 0.09258747579950324 0.07411931043863902
28 0.695937130372258 0.5233376454018475 0.09885565651766229 0.0776083314853265
28 0.7270790878249969 0.2716085454300824 0.07377384328594587 0.0620897472985769
28 0.7170268560735653 0.38856082700011346 0.07061248184962743 0.055657736775233245
28 0.7220416090004316 0.33203781121509796 0.07221134328594588 0.06199874203690507
28 0.7328978166495621 0.21113377701423092 0.07217498184962742 0.05574874203690507
28 0.7556454911212054 0.05985970335082506 0.04718407220870695 0.05585515785015547
28 0.7490864189124984 0.11334872439751245 0.04560339149054773 0.05263915258848364
28 0.74568416296057 0.16118698492085612 0.04560339149054773 0.05263915258848364