28 0.4808290926161842 0.371875 0.0892635893539083 0.1515625
28 0.5605620459500477 0.36796875 0.09240677068745348 0.153125
28 0.634254084619684 0.34609375 0.07659995735199913 0.1375
28 0.09076716661363879 0.390625 0.0857931440165447 0.121875
28 0.5634735818746421 0.9234375 0.054834045353271674 0.146875
28 0.6166622165420511 0.91796875 0.05797722668681722 0.1484375
28 0.06887562730745575 0.190625 0.06602608402290804 0.16875
28 0.2278602759786828 0.15703125 0.06411813868554458 0.1390625
28 0.2880710699793191 0.15234375 0.06715223201781732 0.13125
28 0.34516595464672817 0.146875 0.06562609468490824 0.134375
28 0.17486254531350093 0.14609375 0.05276246801399935 0.103125
28 0.1263795919796373 0.15 0.0543067866804539 0.1015625
28 0.3979642379853643 0.1078125 0.04135225334181776 0.0625
28 0.44019719131922785 0.10390625 0.04451361600890884 0.065625
28 0.39313380987432395 0.92578125 0.04987382535009015 0.1234375
28 0.3478031285407785 0.92734375 0.05149086935072642 0.128125