28 0.61875 0.3296875 0.05078125 0.05859375
28 0.7140625 0.3296875 0.04453125 0.05546875
28 0.66796875 0.3296875 0.0453125 0.05625
28 0.4421875 0.36640625 0.06640625 0.0984375
28 0.9734375 0.378125 0.04296875 0.08203125
28 0.5046875 0.37890625 0.05859375 0.0796875
28 0.8796875 0.3796875 0.04296875 0.084375
28 0.56484375 0.38046875 0.0578125 0.0796875
28 0.92578125 0.3796875 0.0421875 0.08203125
28 0.7625 0.3796875 0.05390625 0.07578125
28 0.81875 0.38125 0.05390625 0.07578125
28 0.6625 0.38984375 0.04296875 0.0578125
28 0.615625 0.3890625 0.046875 0.05625
28 0.71015625 0.3890625 0.0484375 0.05625
28 0.740625 0.46875 0.03828125 0.03515625
28 0.7890625 0.4703125 0.040625 0.03515625
28 0.8328125 0.4703125 0.03515625 0.0375
28 0.8796875 0.4703125 0.040625 0.0375
28 0.9234375 0.471875 0.03828125 0.03515625
28 0.028125 0.50078125 0.05390625 0.0734375
28 0.53515625 0.5015625 0.0671875 0.084375
28 0.1 0.503125 0.071875 0.071875
28 0.6078125 0.503125 0.06953125 0.08515625
28 0.371875 0.50546875 0.02734375 0.0765625
28 0.40625 0.50546875 0.03359375 0.0796875
28 0.478125 0.5046875 0.03125 0.078125
28 0.4421875 0.50625 0.03515625 0.078125
28 0.6828125 0.50625 0.06953125 0.08046875
28 0.290625 0.5140625 0.0375 0.05390625
28 0.24765625 0.5140625 0.0359375 0.05546875
28 0.33203125 0.5140625 0.0359375 0.05078125
28 0.7390625 0.5234375 0.03828125 0.05390625
28 0.8328125 0.525 0.040625 0.05546875
28 0.78515625 0.525 0.0421875 0.053125
28 0.88125 0.525 0.04296875 0.053125
28 0.928125 0.525 0.03984375 0.053125
28 0.88359375 0.63203125 0.0296875 0.0265625
28 0.8515625 0.634375 0.025 0.02421875
28 0.92265625 0.634375 0.0296875 0.02734375
28 0.1 0.6390625 0.071875 0.08203125
28 0.171875 0.6421875 0.06640625 0.078125
28 0.24296875 0.64296875 0.0671875 0.0796875
28 0.3125 0.6421875 0.06953125 0.08203125
28 0.44140625 0.65390625 0.0578125 0.0640625
28 0.3796875 0.6546875 0.06015625 0.06484375
28 0.50078125 0.65625 0.0578125 0.06015625
28 0.559375 0.6578125 0.05859375 0.0625
28 0.6828125 0.65859375 0.05625 0.0609375
28 0.62109375 0.66015625 0.0609375 0.0609375
28 0.7421875 0.6609375 0.05859375 0.06875
28 0.803125 0.66328125 0.06015625 0.0640625
28 0.8890625 0.678125 0.02734375 0.02734375
28 0.928125 0.6796875 0.03515625 0.02734375
28 0.85 0.6796875 0.02890625 0.025