28 0.17985869182478276 0.45807293874473987 0.09883929328391079 0.059632949544513106
28 0.16518858973268252 0.7306647013586116 0.09867560217691826 0.0549454495445131
28 0.17225206686719177 0.6201091472749276 0.10503472958157997 0.058288704353836526
28 0.16788451459760628 0.6737971424656042 0.10045635698624164 0.06125001324684387
28 0.17632695325752815 0.5133507157865818 0.10180060217691826 0.055054576949174816
28 0.17740086913677725 0.5664484339354164 0.09862103847458736 0.0533829495445131
28 0.17390636922159525 0.8909300787632735 0.07351191106992569 0.04938493030721958
28 0.17110131695200978 0.9446726376562807 0.07351191106992569 0.04938493030721922
28 0.31147331269084055 0.7412351575265467 0.03902778366526398 0.045059528855940556
28 0.3129614016209149 0.6944692849312084 0.034012901451278846 0.035520837748947896
28 0.3093949467189242 0.7934424982707194 0.0360119110699257 0.048075401451278844
28 0.3472867169677082 0.09093754636395371 0.12147818511654282 0.08227184137714505
28 0.34438246097725844 0.16418407340579572 0.11808036660488845 0.07435021397248329
28 0.35210813702330857 0.027901833024442557 0.11359127404661713 0.03517858656782162
28 0.3540054868379741 0.2386483600662846 0.09442461179556502 0.06728175843752045
28 0.3509102578893663 0.30642613710812655 0.09129961179556512 0.06717263103285873
28 0.3443378540758348 0.43104419119181064 0.09442461179556512 0.06728175843752057
28 0.34840530598260055 0.368762446001134 0.09442461179556502 0.06728175843752053
28 0.3461905638719669 0.6628571863824873 0.06575397477225646 0.050674611795565025
28 0.3526637639646341 0.5577431004476378 0.06742560217691818 0.05385417549789597
28 0.34974958429038694 0.6083606593406452 0.06731647477225655 0.050729175497895976
28 0.3526166678629837 0.7574975637871489 0.04053571996293313 0.043551592558271325
28 0.34962064263524023 0.8057713726801563 0.040699411069925695 0.04823909255827132
28 0.3564757886442234 0.7115947867453069 0.04371528366526398 0.045223219962933034
28 0.4790104321213179 0.13143111550858017 0.09189981252120454 0.08436013103285878
28 0.47433534500534213 0.2210020469969259 0.09022818511654282 0.08118056733052795
28 0.47175847122887743 0.3036235740387679 0.09200893992586608 0.08748513103285874
28 0.48713790145127883 0.051344311424896164 0.08365080290255769 0.07158731252120451
28 0.47292415634542023 0.3816940103364371 0.07572917549789597 0.06818949400955025
28 0.47206354999215083 0.4464286329317753 0.07562004809323426 0.06506449400955035
28 0.47276544363888123 0.5112178192294445 0.0661904843909035 0.06317461179556502