28 0.248967336818541 0.7859215080362711 0.055378484232430567 0.030323846674090403
28 0.2466047498125688 0.8202783267027256 0.05218074905006951 0.027162484006999676
28 0.24731457105097157 0.7562067360359529 0.05537848423243066 0.030323846674090583
28 0.245716356670173 0.7241482140356348 0.05228985182361114 0.031849984006999676
28 0.24262837747173555 0.6889465107017712 0.05232621941479172 0.03341248400699968
28 0.2419205158644786 0.6522095793682257 0.05225348423243066 0.030287484006999675
28 0.2419393528704509 0.6178254887014529 0.05225348423243066 0.030287484006999675
28 0.12872691879052015 0.8149993860200446 0.02405574905006951 0.026835220003181347
28 0.12634745440972156 0.7829317733529536 0.024092116641249994 0.028397720003181703
28 0.1014403330188189 0.6779261000159084 0.062246733282500064 0.056959072008272396
28 0.09733536768808977 0.6192687153484993 0.062246733282500036 0.056959072008272396
28 0.09479290235736064 0.5606295120146356 0.05755923328250003 0.05690452800763594
28 0.08801099981256875 0.818432921347863 0.024019381458888912 0.025272720003181703
28 0.08254290302295073 0.7847664460136812 0.024164851823611146 0.0315227200031817
28 0.8371219534597911 0.7646326894493584 0.10621493882958326 0.0668431493475449
28 0.8364329288585065 0.6935116674490402 0.10319904160312499 0.07149428668045381
28 0.8356711690748607 0.6255156454487218 0.10308993882958353 0.06680678668045381
28 0.8325240660169785 0.8278775767822675 0.10301720364722229 0.06368178668045381
28 0.6833981946260759 0.7214264874283594 0.1091217332825 0.05750451201463562
28 0.6684654852792702 0.6243514927593594 0.08230466014423606 0.046257929344363194
28 0.6682492393633328 0.5329179707590412 0.08383079255305574 0.04471361067790856
28 0.6689369575438537 0.6712446740929048 0.08230466014423606 0.046257929344363194
28 0.6679576454235064 0.5790208114258139 0.08230466014423624 0.046257929344363194
28 0.541156143239305 0.7221157360757238 0.09956489532659737 0.04958292401336308
28 0.5408099979127077 0.7705623267424965 0.10258079255305556 0.04493178668045381
28 0.5406846709747216 0.6752225547421784 0.09952852773541672 0.04802042401336308
28 0.5276814035916316 0.39452653807286026 0.08989895459715277 0.036973836012090366
28 0.527772975779965 0.35701744740608754 0.08673758700597212 0.035374973344999464
28 0.5285912465815275 0.32186119740608754 0.08677395459715279 0.03693747334499946
28 0.5428985215640618 0.8151299394095874 0.09952852773541672 0.04802042401336308
28 0.5283710814032982 0.4320447194064057 0.0867375870059723 0.035374973344999464
28 0.5386325149145481 0.6290924420750874 0.09945579255305556 0.044895424013363085
28 0.5397235426499648 0.5822174420750874 0.09949216014423605 0.046457924013363086
28 0.5283340606017357 0.46721006007317845 0.08677395459715279 0.03693747334499946
28 0.5263572525654512 0.28354358473899666 0.08517508700597212 0.03535679201145401
28 0.5297497838162496 0.5406839227402693 0.08521145459715278 0.03691929201145392
28 0.5290055546178121 0.5055094914067239 0.08521145459715278 0.03691929201145392
28 0.40427569871013835 0.6267475973901793 0.07943423328249999 0.05715906667727229