28 0.923042515830975 0.42883495253823317 0.06437676051544941 0.06633407200827239
28 0.90566358604822 0.4922798345401421 0.0675017605154494 0.0663704346753633
28 0.9601042610812766 0.12390200453536968 0.07094766508343398 0.10232611600890866
28 0.9445401368164454 0.2123105238701878 0.09306832654882342 0.10726815467854492
28 0.9095399378118136 0.35872244720723306 0.10401247060135788 0.07772610534690845
28 0.7673115784734463 0.9123843438892779 0.12563516508343398 0.10296246268299925
28 0.931316440525347 0.28585711187146046 0.10442190637700648 0.08553860534690845
28 0.7843972591607125 0.8247388932209143 0.13821705223856356 0.10467041335136287
28 0.7946187861845054 0.7488849178867325 0.09792624491161739 0.08077838001272682
28 0.813270288898039 0.6760559452180507 0.10236808344622794 0.07614542401336308
28 0.8689691694944479 0.41775254921232374 0.06561171189493038 0.060102253341817756
28 0.8519177883322122 0.4749474312142327 0.06265048620519025 0.06319089067472702
28 0.2565389320460625 0.7364074779599109 0.11979460085908267 0.11070223734881743
28 0.28554475859488565 0.6298847579567293 0.12431832654882306 0.1076317813494537
28 0.3022586250578005 0.5344358979551384 0.10704893939369331 0.10586928668045381
28 0.35065293871632486 0.341021705283275 0.09570200361804462 0.09792951734563574
28 0.37205430517923965 0.24551830128104787 0.09849945499752559 0.09171588001272665
28 0.3223431529861046 0.4342631752864567 0.10384205223856355 0.10427042401336309
28 0.1522420149264637 0.4620080093093648 0.0924132293077851 0.094768154678545