28 0.5748001085380618 0.1544763736720134 0.0586141335443795 0.08255923328250007
28 0.5265444649645525 0.1493537689986107 0.058523205331134066 0.07943423328250007
28 0.47514108933773186 0.14508514950756904 0.0586141335443795 0.08255923328250007
28 0.4253684098708453 0.13843641242534685 0.055489133544379496 0.08248649810013893
28 0.377044570137402 0.13565755775194413 0.05865959765100213 0.08412173328250003
28 0.5751732154267708 0.46363316812493005 0.08696645407749273 0.09102634992375017
28 0.4981931782797524 0.4529333638883676 0.09022784639736088 0.09578658510611113
28 0.1792446014784328 0.41351372008038184 0.09527905925034234 0.10839568787965281
28 0.3338722655059132 0.43880139475791635 0.09647784639736087 0.09593205547083343
28 0.4115880885463091 0.4510455151988886 0.08705738229073816 0.09415134992375015
28 0.25698315657214 0.42497659052135395 0.09353470282385157 0.10210932028847228
28 0.09596910022479158 0.40452188620854157 0.09835859514371963 0.10690592306201392
28 0.03438387711157105 0.39905444262930556 0.0687677542231421 0.10490701196784728
28 0.52947661902941 0.5583832768823953 0.04644910266556703 0.04011716014423605
28 0.49130902929596676 0.5553680328663191 0.041716138558944314 0.03844555737069442
28 0.4540136177757688 0.5492096050546523 0.04644910266556703 0.04011716014423605
28 0.8881636457515875 0.6273261133196868 0.06955163354437914 0.08281380642076393
28 0.8282574483380121 0.6201325155801382 0.07428459765100222 0.08448540919430556
28 0.7683285188711254 0.6137201678405896 0.07106866943775678 0.08128767401194459
28 0.7100075535108615 0.6057089525098605 0.07276756175762475 0.08601154160312507
28 0.611660981724107 0.6048751107542356 0.0516821719450391 0.05897626291777787
28 0.6590671791376822 0.6123596492232286 0.0532446719450391 0.05901263050895835
28 0.3987123523363626 0.5715762207459718 0.0695061694377567 0.08125130642076392
28 0.5649905702039091 0.5989348884896523 0.053290136051661816 0.06057513050895835
28 0.3426669408161647 0.565854204028472 0.06941524122451134 0.07812630642076393
28 0.2850362972426554 0.5609498049021525 0.06638116943775678 0.08117857123840296
28 0.2282323677757688 0.5544647219802428 0.06950616943775678 0.08125130642076392
28 0.16982047420225954 0.5495785066495137 0.07258570533113406 0.07976154160312507
28 0.5218626958307296 0.6054037472471177 0.043324102665567035 0.04004442496187508
28 0.10991427678868429 0.5423849089099652 0.07267663354437941 0.08288654160312507
28 0.482959320203909 0.6008441870266316 0.043324102665567035 0.04004442496187508
28 0.04610182937510904 0.5352822301483681 0.06794366943775673 0.08121493882958326
28 0.4432974266303997 0.5955215606017358 0.04649456677218975 0.041679660144236054
28 0.011543939100305042 0.5323760889058333 0.023087878200610083 0.07587282218833344
28 0.5022057622072079 0.7175043569545135 0.08384145407749273 0.09095361474138883
28 0.3591831879131708 0.6958501753431247 0.08705738229073816 0.09415134992375015
28 0.4322115109535667 0.7082033985576385 0.08535848997087019 0.0894274823325695
28 0.2874900443396616 0.6912730845374303 0.08393238229073816 0.09407861474138901
28 0.23220315076615225 0.68631413402434 0.03968227711788872 0.07587282218833344
28 0.20099861487277493 0.6854789858479512 0.039636813011266 0.07431032218833344
28 0.16680547129926565 0.6800290728539234 0.039636813011266 0.07431032218833344
28 0.061010112365492475 0.6668770690542013 0.03963681301126601 0.07431032218833344
28 0.09518052388569041 0.673108232048229 0.0396822771178887 0.07587282218833344
28 0.006600374835397797 0.6574488240881944 0.013200749670795594 0.07572735182361115
28 0.13169468540588833 0.679284843655486 0.03811977711788872 0.07583645459715278
28 0.025967522632049184 0.6637890898557639 0.04133570533113405 0.07903418977951393