28 0.2829091482864179 0.5806697796614458 0.049166675497895974 0.06589771077238851
28 0.32487839347709446 0.5871652193565955 0.04911211179556503 0.0643352107723885
28 0.40722710200728224 0.6009282583878153 0.04911211179556503 0.0643352107723885
28 0.4484423790491242 0.6066379029034252 0.04754961179556503 0.06432612041330898
28 0.48494287423980076 0.613101526341796 0.04431548439090349 0.06118293969514958
28 0.36684763866777104 0.5936606590517453 0.04911211179556503 0.0643352107723885
28 0.24331093494690678 0.5734067255049157 0.047440484390903315 0.06120112041330898
28 0.3485490503706689 0.4239885084860111 0.041572430307219396 0.07210225897699055
28 0.3764830774125109 0.42962088494944417 0.03990080290255769 0.06896816861791084
28 0.2000941922033009 0.4012453791939077 0.041572430307219396 0.07210225897699049
28 0.3181621459241652 0.42146749648395854 0.03990080290255769 0.06896816861791084
28 0.25911452813815034 0.4117470628389331 0.03990080290255769 0.06896816861791084
28 0.23039925109630835 0.4061101411959601 0.041572430307219396 0.07210225897699049
28 0.2894195870311578 0.41661182484098563 0.03990080290255769 0.06896816861791084
28 0.37356395245491997 0.2670708879745064 0.07278771397248338 0.11602497579950324
28 0.3246998665200705 0.25662829166349843 0.0728968413771451 0.11914997579950322
28 0.27033974873405564 0.24693512909571175 0.07456846878180681 0.12228406615858285
28 0.2160614765015371 0.23489821652792514 0.07435021397248336 0.11603406615858276
28 0.16097467241785304 0.2236380087805987 0.07435021397248334 0.11603406615858278
28 0.5761235011811264 0.08305547803899836 0.07155259618646852 0.12539088544042357
28 0.6250421508183066 0.09193557435000632 0.07316965988879928 0.1269624757995032
28 0.5254786604369535 0.07885379136891078 0.07322422359113023 0.12852497579950317
28 0.47513392005560035 0.06605835469882321 0.06982640507947586 0.12069429508134395
28 0.4213913611625929 0.0610572373105764 0.07596727767481415 0.11760565651766242