28 0.5171875 0.62109375 0.03515625 0.0421875
28 0.47265625 0.621875 0.0359375 0.03984375
28 0.42578125 0.621875 0.0359375 0.04296875
28 0.5625 0.6234375 0.0375 0.03984375
28 0.3765625 0.621875 0.03984375 0.040625
28 0.3296875 0.6234375 0.03359375 0.040625
28 0.684375 0.64453125 0.03828125 0.0328125
28 0.721875 0.64609375 0.03984375 0.0296875
28 0.60546875 0.6453125 0.0328125 0.03125
28 0.64375 0.6453125 0.03828125 0.03359375
28 0.7625 0.64609375 0.03359375 0.0328125
28 0.8046875 0.64609375 0.0375 0.0328125
28 0.2171875 0.67421875 0.053125 0.0734375
28 0.271875 0.6765625 0.05859375 0.078125
28 0.1578125 0.67578125 0.05390625 0.0765625
28 0.0984375 0.6765625 0.05625 0.078125
28 0.90234375 0.68125 0.0421875 0.05390625
28 0.8578125 0.6828125 0.040625 0.05390625
28 0.3296875 0.6828125 0.05078125 0.06015625
28 0.37734375 0.6828125 0.0421875 0.05625
28 0.42421875 0.6828125 0.0421875 0.05390625
28 0.52109375 0.684375 0.0453125 0.053125
28 0.56875 0.684375 0.03984375 0.05546875
28 0.46953125 0.6828125 0.0484375 0.05390625
28 0.73046875 0.690625 0.0359375 0.03125
28 0.690625 0.68984375 0.03984375 0.0296875
28 0.6109375 0.69140625 0.03828125 0.0328125
28 0.771875 0.68984375 0.03984375 0.0328125
28 0.8125 0.690625 0.040625 0.03515625
28 0.6515625 0.69296875 0.03828125 0.0328125
28 0.8765625 0.7859375 0.06484375 0.07421875
28 0.5015625 0.7875 0.06640625 0.06875
28 0.7265625 0.7890625 0.06953125 0.08046875
28 0.64921875 0.7890625 0.0734375 0.08046875
28 0.8015625 0.7875 0.06875 0.07578125
28 0.4296875 0.7890625 0.07109375 0.06953125
28 0.571875 0.790625 0.06640625 0.07578125
28 0.3546875 0.7921875 0.06875 0.06875
28 0.2765625 0.79296875 0.06953125 0.0765625
28 0.1359375 0.79921875 0.06015625 0.0671875
28 0.0765625 0.7984375 0.04921875 0.0625
28 0.20390625 0.8015625 0.0640625 0.06875
28 0.4703125 0.9375 0.06953125 0.08046875
28 0.175 0.93671875 0.07421875 0.0921875
28 0.0984375 0.93828125 0.07421875 0.0921875
28 0.2484375 0.93984375 0.07109375 0.0890625
28 0.396875 0.940625 0.071875 0.08515625
28 0.321875 0.940625 0.071875 0.0875