28 0.09895329169936506 0.26150250408406256 0.1106767387172289 0.10094686379145842
28 0.06696412344874256 0.6378461453265972 0.09910274122451138 0.0788172906531944
28 0.07486990017091984 0.5607387846692709 0.10075616943775674 0.08197865824437507
28 0.09655336889639604 0.36684396751493065 0.09509720282385159 0.10214568787965277
28 0.08946594609342702 0.47207632817225703 0.08889266693047429 0.10356271751493065
28 0.06747024030007455 0.7089035277354168 0.06877874373179382 0.056251306420763925
28 0.060717786618293135 0.7719847559839237 0.06730717194503921 0.05933993882958344
28 0.06334634461499422 0.8891540721883334 0.04543217194503919 0.05883079255305575
28 0.07028065472326636 0.8323228439398264 0.045341243731793844 0.055705792553055744
28 0.307067320070895 0.3303655261198961 0.11468227711788863 0.07761846656500015
28 0.29985186513547235 0.40436607057281276 0.11789820533113407 0.08081620174736112
28 0.29500890393184354 0.5330722988213197 0.09556856426490726 0.06468205547083343
28 0.302678999933493 0.4746967543684031 0.09699467194503919 0.060030923062014095
28 0.2779818429656416 0.7528392849536113 0.09271634890464338 0.07398432028847246
28 0.2974101413954312 0.6424291150257294 0.06542642319868044 0.04836607123840277
28 0.2925695287007343 0.6907211446610072 0.06542642319868044 0.04836607123840277
28 0.3013103797169487 0.5886501515948613 0.06868781551854841 0.05312630642076392
28 0.2792237457103509 0.8223523511580211 0.06739810015828454 0.062464938829583525
28 0.2739428638153241 0.8823449469977085 0.07052310015828453 0.06253767401194424
28 0.440315392253361 0.48258460239229206 0.107688131037097 0.10556162860909737
28 0.4323103271305239 0.5831112792540282 0.11076766693047428 0.10407186379145834
28 0.42611546608517975 0.7726822723201738 0.08089831050398355 0.09713087955902786
28 0.4375637799543755 0.6831658306407989 0.08089831050398355 0.09713087955902786