28 0.9058015898681002 0.32578125 0.13063289734428024 0.1625
28 0.8002055748409855 0.30390625 0.13062380698520065 0.1609375
28 0.9734425660603868 0.34609375 0.05311486787922633 0.1515625
28 0.1697863009350764 0.178125 0.14460449375348405 0.146875
28 0.30980731293712893 0.20859375 0.16021131303532482 0.14375
28 0.703298758584207 0.2984375 0.10537836729005079 0.11875
28 0.41779707493918145 0.2390625 0.1037976865718917 0.115625
28 0.609453309813871 0.28203125 0.10537836729005097 0.11875
28 0.5007277496072164 0.259375 0.10223518657189175 0.115625
28 0.07922493344863375 0.1890625 0.05665906615858281 0.0703125
28 0.9341306020665445 0.5421875 0.13173879586691087 0.178125
28 0.6911901649054777 0.5 0.12586358411256365 0.1484375
28 0.8148049269075303 0.53046875 0.1602840359079618 0.15625
28 0.5747430082896194 0.49296875 0.1319681383672897 0.1234375
28 0.4433475625443455 0.46796875 0.1397988190854491 0.1265625
28 0.320536776439992 0.44140625 0.13826359016268785 0.13125
28 0.2181021228491958 0.42578125 0.09285109621281207 0.1140625
28 0.12972087889932002 0.40859375 0.09127950585373248 0.1125
28 0.050719180128984055 0.3921875 0.09285109621281211 0.1140625