28 0.7440526928274813 0.7410275502494091 0.04804265785015538 0.04792966014423605
28 0.663811455981661 0.7389942311952078 0.04013915258848364 0.04618532218833345
28 0.6163372165050047 0.7369784427262147 0.04032116311182747 0.04931032218833344
28 0.705217705981661 0.738030490028923 0.038758663111827296 0.04927395459715278
28 0.5751129770283484 0.7348171838924995 0.03857665258848364 0.04614895459715278
28 0.8763037507058717 0.7207851725902422 0.034905621018452494 0.036701219414791805
28 0.8396760059675434 0.7200773109829853 0.03959312101845249 0.036810322188333446
28 0.7992785191217232 0.7171166183536798 0.04740562101845249 0.03699216014423605
28 0.2493996164626524 0.7010481280404164 0.07430132096198286 0.09691267401194459
28 0.31332560857014463 0.7019008068020136 0.07117632096198286 0.09683993882958326
28 0.37647035067763684 0.702771669359201 0.07117632096198286 0.09683993882958344
28 0.189470879616832 0.6985420303008679 0.07117632096198281 0.09683993882958326
28 0.12476363750933976 0.697707535334861 0.07586382096198281 0.09694904160312508
28 0.43630037698599605 0.6935772008943399 0.06034523677523325 0.07162173328249999
28 0.5399336112009805 0.6958462560808328 0.060527247298576906 0.07474673328249999
28 0.48855312172432425 0.6939213865897912 0.060527247298576906 0.07474673328249999
28 0.6321666138318165 0.69291931820118 0.04133763154179615 0.03997168977951393
28 0.7610273612009806 0.690700241928784 0.042247684158514785 0.05559668977951393
28 0.7173683664626523 0.6901560344818396 0.042247684158514785 0.05559668977951375
28 0.674627129616832 0.687249893239305 0.040503173635170954 0.052435322188333446
28 0.5881358927710116 0.6853620445498259 0.04197466837349921 0.05090918977951393
28 0.8378628769859962 0.6842307299609367 0.04070059471009344 0.02903418977951393
28 0.8799593717243243 0.6848113049990617 0.03775760523343692 0.03208645459715278
28 0.800408379616832 0.6843223021492701 0.03472361049510866 0.03357621941479181
28 0.3411005400272362 0.5733030281166663 0.0699022472985769 0.07496493882958344
28 0.40580778213472846 0.5741375230826733 0.06695925782192055 0.07801720364722228
28 0.13682256370475954 0.5710359325613193 0.07642526308359246 0.07979790919430556
28 0.2047003084430877 0.5710164423449651 0.06999325256024873 0.07652743882958327
28 0.47051502424222064 0.5749720180486801 0.07008425782192056 0.07808993882958344
28 0.2733593031814158 0.5709787683330205 0.07008425782192056 0.07808993882958326
28 0.5316800373964002 0.5696474319926385 0.0613617052052021 0.06228310087368065
28 0.8358215058263692 0.5719307517124298 0.0613617052052021 0.06228310087368065
28 0.6542452821347284 0.5683550760849647 0.06127069994353036 0.060720600873680655
28 0.7735035163497128 0.5702604553596521 0.05970819994353036 0.060684233282499986
28 0.7150007716113848 0.570061740028923 0.0629242052052021 0.06231946846486114
28 0.5950522926580721 0.5666120445498258 0.061725726251889414 0.06853310087368066
28 0.8035088057416646 0.4837410739007632 0.04188366311182747 0.04934668977951393
28 0.723358574157516 0.4801452548465619 0.04197466837349921 0.05090918977951393
28 0.8433070531108287 0.48359495032565897 0.04197466837349921 0.05090918977951393
28 0.6812620794191879 0.47956467980843687 0.04197466837349921 0.05090918977951393
28 0.7631113188958443 0.4807803812714576 0.04197466837349921 0.05090918977951393
28 0.5955520925733675 0.47765864732336755 0.04197466837349921 0.05090918977951393
28 0.6369128399425316 0.4774761561570828 0.04197466837349921 0.05090918977951393
28 0.35976578199355413 0.42697288877399264 0.0613617052052021 0.06228310087368061
28 0.5523705109468666 0.428731491263194 0.0644867052052021 0.06235583605604167
28 0.29662103988606187 0.42610202621680526 0.0676117052052021 0.06242857123840277
28 0.4221292741010464 0.42786193512677045 0.0676117052052021 0.06242857123840277
28 0.48531951883937446 0.42795154768395793 0.0707367052052021 0.06250130642076393
28 0.2341665425168978 0.4267754798640276 0.0644867052052021 0.06235583605604163
28 0.16973231619442114 0.42125348489802067 0.0676117052052021 0.06242857123840277
28 0.820157250423523 0.4256194493757285 0.04509966837349921 0.05098192496187508
28 0.6899160135777026 0.4247498932393049 0.0418836631118273 0.04934668977951393
28 0.8622537451618513 0.4262000244138534 0.04509966837349921 0.05098192496187508
28 0.6057685267318822 0.422807493163055 0.0403211631118273 0.0493103221883334
28 0.7336660135777027 0.4237316006862494 0.04509966837349921 0.05098192496187508
28 0.6463480241010464 0.4226431857923606 0.04197466837349921 0.05090918977951393
28 0.775717005685195 0.42509342572437436 0.04197466837349921 0.05090918977951393
28 0.7308665082454435 0.35123900484656184 0.03407116311182747 0.04916485182361115
28 0.6965370108762795 0.3512578418525341 0.03572466837349921 0.05076371941479163
28 0.8041675003529358 0.35187347806107566 0.03572466837349921 0.05076371941479163
28 0.839968492460428 0.3533807734639229 0.03407116311182747 0.04916485182361115
28 0.7667130029837719 0.35196505024940905 0.03572466837349921 0.05076371941479172
28 0.6249350266612951 0.34824325104683973 0.03572466837349921 0.05076371941479163
28 0.6615172687687874 0.34973236265409663 0.038758663111827296 0.04927395459715278
28 0.6992216660955991 0.3051640918525341 0.03545165258848364 0.04607621941479163
28 0.8787271555722554 0.3041068188667701 0.035633663111827474 0.04920121941479163
28 0.6652106871422865 0.2997141788585064 0.03572466837349921 0.05076371941479163
28 0.7346054292497787 0.3004395710509716 0.03572466837349921 0.05076371941479163
28 0.8429716660955991 0.30181827346392287 0.03416216837349921 0.05072735182361114
28 0.769670673988107 0.30118380024940905 0.038849668373499215 0.05083645459715278
28 0.8071251713572709 0.30109222806107566 0.03572466837349921 0.05076371941479163
28 0.6294096950347943 0.29820688345565916 0.035633663111827474 0.04920121941479172