28 0.21167990963394537 0.9410222406645092 0.07322466837349921 0.05122730925276535
28 0.36469662073610387 0.33883995210802514 0.11944722099021768 0.06764324188232518
28 0.3678601471150503 0.2725564330333016 0.11935621572854585 0.06608074188232518
28 0.38954616033981704 0.20269394642598226 0.07660727360693613 0.08250458279171564
28 0.3932256262095372 0.11846895089020915 0.07477175782192065 0.07778980925276531
28 0.39492536312594473 0.0404530450460105 0.0679757262518895 0.06830571509696394
28 0.49685302823332356 0.7586905762955987 0.10876732622365459 0.09867505357072233
28 0.49619985182614224 0.8546752321397971 0.10867632096198285 0.09711255357072232
28 0.5028054385731405 0.9527233997551188 0.09782982622365459 0.09455320048976254
28 0.505963446747997 0.6605121749156269 0.11032982622365459 0.09870232710967279
28 0.5222361049510883 0.3369070795420095 0.0863617052052021 0.06238299756436803
28 0.5247093865917065 0.2721724236978108 0.0832367052052021 0.06232845048646736
28 0.527091662970653 0.2058752678536122 0.0863617052052021 0.06238299756436803
28 0.5289657051346149 0.14425197523993838 0.0847992052052021 0.06235572402541769
28 0.5321747341443973 0.0787497061652149 0.08489021046687402 0.06391822402541769
28 0.5254576284168502 0.5664173015388323 0.06384966837349922 0.05106366801906326
28 0.5279085232540004 0.4610985560030591 0.0619231473268119 0.04478639448011297
28 0.527620825941306 0.4025593530809598 0.06541216837349921 0.05109094155801368
28 0.527968707412515 0.5157315089251584 0.06568518415851479 0.05577844155801355
28 0.7984290657003109 0.10759132101729754 0.03968412628012423 0.038154564934808156
28 0.7986334630271227 0.15130041070887204 0.04013915258848364 0.045967064934808156
28 0.8361712603821694 0.16600383887420503 0.04013915258848364 0.045967064934808156
28 0.8371198393778343 0.11529077272158086 0.040503173635170954 0.052217064934808155
28 0.9728151446959759 0.13881186768816112 0.054369710608048294 0.07291139448011288
28 0.9765162683452644 0.21227664122711146 0.046967463309471214 0.07285684740221224