28 0.5027532077719095 0.5327280941525061 0.14873902837152997 0.06662621266133187
28 0.491281881037097 0.11164798092198125 0.11468227711788863 0.07696369480442447
28 0.4937142107414104 0.19524173092198124 0.11789820533113407 0.08014324188232518
28 0.49929427249903513 0.2796712779998819 0.11789820533113407 0.08014324188232518
28 0.5327315274470931 0.7042582207757115 0.11234688730530315 0.05037392126547413
28 0.5426784919494272 0.8582599281620379 0.11248327962517131 0.05506142126547431
28 0.5126641022033487 0.3634559427725343 0.11248327962517113 0.05506142126547413
28 0.5289556580884787 0.6549985604672861 0.11395485141192588 0.05196369480442442
28 0.5389480866974354 0.8105627678536121 0.11230142319868044 0.04881142126547431
28 0.5126246497752084 0.415772419233584 0.10917642319868044 0.04875687418757337
28 0.5167642319868044 0.4775320795420095 0.10609688730530316 0.0502648271096728
28 0.5450509856812211 0.912961064931513 0.11560827962517131 0.055115968343374885
28 0.5488723191464582 0.9637832252399384 0.11569920783841639 0.058240968343374534
28 0.5389648070722644 0.7574650413925625 0.11234688730530315 0.05037392126547413
28 0.8316581431112908 0.323734518257354 0.16826191818411546 0.09351599512873605
28 0.8185885271178887 0.08925042410155264 0.15714256175762467 0.08707508035608366
28 0.8293622057268454 0.244828268257354 0.16495506175762467 0.08721144805083529
28 0.8650272018994147 0.7459777110331836 0.18080738229073817 0.09529668344033873
28 0.8489318743066724 0.48801520656895675 0.1742391335443795 0.0842500892845374
28 0.8513414719576744 0.5708277065689566 0.1760289540774928 0.09208986282348768
28 0.8239867324490227 0.16742997117945332 0.1664266335443795 0.08411372158978572
28 0.8395137587089817 0.40586122564368027 0.17125052586424738 0.08888304220663668
28 0.8578391760351674 0.6599583904163326 0.17759145407749272 0.09211713636243815
28 0.5077422361434394 0.5968451412304068 0.15342652837152998 0.06670803327818291