28 0.115625 0.1609375 0.07421875 0.15234375
28 0.3765625 0.16875 0.09609375 0.171875
28 0.47890625 0.171875 0.0921875 0.16328125
28 0.28515625 0.1734375 0.0671875 0.14921875
28 0.75625 0.18125 0.09765625 0.17421875
28 0.20390625 0.4328125 0.0765625 0.10703125
28 0.28984375 0.44375 0.0828125 0.09609375
28 0.115625 0.44453125 0.08046875 0.0890625
28 0.3796875 0.44921875 0.07578125 0.0953125
28 0.4703125 0.44921875 0.084375 0.0796875
28 0.1625 0.5765625 0.04296875 0.04921875
28 0.21171875 0.578125 0.0421875 0.05078125
28 0.4265625 0.609375 0.046875 0.07578125
28 0.31875 0.61171875 0.05078125 0.0765625
28 0.3734375 0.6140625 0.04296875 0.08046875
28 0.16328125 0.63125 0.0453125 0.046875
28 0.2125 0.63125 0.040625 0.04296875