28 0.15915923677101698 0.14312317735531552 0.041266809135968606 0.07296613855894432
28 0.1953423982364062 0.1394813518076372 0.041266809135968606 0.07296613855894432
28 0.23465055970179546 0.13593045447320423 0.041266809135968606 0.07296613855894432
28 0.2683671404344901 0.13456418276559187 0.039704309135968605 0.07292067445232164
28 0.2889209006112554 0.2947802687381115 0.06198874491161739 0.08136967194503927
28 0.3401934735420339 0.28688285220334864 0.05500176051544958 0.06712531551854842
28 0.39204257858498803 0.28291441772189707 0.056564260515449584 0.06717077962517112
28 0.03232175881999858 0.42953438730530313 0.06464351763999716 0.07557431301126596
28 0.09684518600279138 0.4214240221033238 0.07728619629109837 0.07557431301126596
28 0.16674492820087525 0.41641592484803314 0.07728619629109831 0.07557431301126596
28 0.23738497682139426 0.4122118096460537 0.07407930913596861 0.07392088479802066
28 0.6790678657855463 0.3749872236070271 0.06544793758467105 0.05806856426490725
28 0.6097855992772029 0.38314305291562917 0.07046298620519006 0.06445495658477532
28 0.5414074135015542 0.38897786427754255 0.07046298620519006 0.06445495658477522
28 0.7425947772509356 0.3721410199252457 0.06750176051544958 0.06748902837152997
28 0.4272254047951269 0.40286921654739816 0.05442855042954129 0.056187815518548415
28 0.8029966887163248 0.3692038880302189 0.06906426051544949 0.0675344924781526
28 0.48059606626051615 0.3997274961725693 0.057635437584671045 0.05784124373179385
28 0.30527183966626453 0.41575199828414033 0.06668288896415202 0.051864028371529966
28 0.3697028318643484 0.4105847766556702 0.06520227611928187 0.053381064264907255
28 0.13509770126793935 0.6619641055685609 0.06059666327441158 0.054807171945039104
28 0.31186159712949635 0.6483288175636125 0.041519114653892505 0.04801160266556703
28 0.06195012833716083 0.6692250246106062 0.06692855042954131 0.05655152837152997
28 0.22617308062115296 0.6560072737526764 0.03847600180902226 0.0494831744523216
28 0.35038850859488563 0.6447551881758682 0.03995661465389251 0.04796613855894431
28 0.27169029850897736 0.6534194828447342 0.03831222749876275 0.04635817445232178
28 0.18678303200063395 0.6611206710871094 0.041437227498762795 0.04644910266556703
28 0.31594823157109264 0.7196498880967259 0.033297178878243815 0.03997178213245363
28 0.27984695726083314 0.7217292136444042 0.03321529172311397 0.03840928213245363
28 0.24123815864031414 0.7268653430321486 0.03642217887824382 0.04006271034569906
28 0.20188905359736 0.7311974903665815 0.03321529172311406 0.03840928213245363
28 0.1028440439864216 0.7697849657559753 0.03412269448207602 0.025954746239076343
28 0.16415003618450547 0.76452681591426 0.02943519448207601 0.02581835391920819
28 0.1349981247191162 0.7683732299417403 0.03272396879233552 0.029034282132453626
28 0.06497555178833771 0.7757250771970309 0.03724769448207603 0.026045674452321775
28 0.314439963253727 0.7782891022033486 0.03823034034363308 0.04479567445232178
28 0.2742686646332079 0.7833797674844702 0.04143722749876275 0.04644910266556703
28 0.23483767243512405 0.7892744148189033 0.03979284034363299 0.04484113855894432
28 0.1931857609697348 0.7927571159934022 0.03806656603337357 0.041670674452321775
28 0.08825592153061292 0.8092650029029939 0.03724769448207603 0.026045674452321775
28 0.1550306637286968 0.8041659774344577 0.03568519448207601 0.026000210345698972
28 0.12357594584087242 0.8071629453020043 0.03256019448207601 0.025909282132453627
28 0.05351242933252903 0.8152960425572949 0.035685194482076035 0.02600021034569906