28 0.7445639652703886 0.9649351581733079 0.0753636143631848 0.06555601581733086
28 0.7173207301011115 0.8122266522418089 0.0802238311856975 0.09543451680591382
28 0.7340264410698918 0.8957394891999471 0.0802147408266178 0.09387201680591417
28 0.7037127480550924 0.7335286492760593 0.08175906010845857 0.09081068380210837
28 0.6986666997522947 0.660649564789379 0.06132838544042354 0.06967051285158128
28 0.6388432896203949 0.33235346843970054 0.0597295240041051 0.0633568458553869
28 0.6615126542781672 0.46533972338261637 0.059765885440423536 0.0696068458553869
28 0.6752160850945224 0.5276314763483659 0.059747704722264317 0.06648184585538672
28 0.6509751300776705 0.39614405440925565 0.06132838544042372 0.06967051285158128
28 0.6865530400131783 0.5937339788198239 0.06132838544042372 0.06967051285158128
28 0.6057545754301609 0.1098590445234239 0.03784543364502539 0.06090300790866539
28 0.6163693676828343 0.16577346349678462 0.03781816256778665 0.05621550790866543
28 0.6262165454741273 0.21931229897204818 0.039380662567786474 0.056279174904859806
28 0.6360728136245 0.2712886344473117 0.03938066256778665 0.056279174904859806