28 0.0875 0.3171875 0.078125 0.09609375
28 0.18125 0.31953125 0.08046875 0.0921875
28 0.259375 0.3296875 0.05859375 0.071875
28 0.33359375 0.33359375 0.0609375 0.0734375
28 0.7203125 0.3359375 0.09140625 0.078125
28 0.6265625 0.3375 0.08203125 0.071875
28 0.534375 0.334375 0.08984375 0.06953125
28 0.82109375 0.3421875 0.0921875 0.078125
28 0.3984375 0.34296875 0.05078125 0.0515625
28 0.9015625 0.35078125 0.071875 0.0640625
28 0.4546875 0.3546875 0.04453125 0.03125
28 0.071875 0.49375 0.084375 0.08203125
28 0.165625 0.496875 0.08203125 0.07421875
28 0.25703125 0.49609375 0.0796875 0.0765625
28 0.353125 0.5 0.08203125 0.07578125
28 0.44375 0.503125 0.09140625 0.06953125
28 0.546875 0.50703125 0.08671875 0.0671875
28 0.640625 0.5109375 0.08046875 0.06640625
28 0.746875 0.515625 0.07421875 0.05859375
28 0.83984375 0.5203125 0.0796875 0.05546875