28 0.5576744620139099 0.6287624724948218 0.04734984387822046 0.05158234736759475
28 0.5135888809872706 0.6381449069783924 0.047286176882026076 0.05001984736759475
28 0.46637829996063135 0.6474182140573014 0.04897601087441501 0.05319941106992569
28 0.6026686270329379 0.6225323198624167 0.047286176882026076 0.05001984736759475
28 0.41763705243208926 0.6574182074338794 0.050474843878220634 0.05169147477225664
28 0.3712713884016444 0.6682812963639537 0.045723676882026075 0.04996528366526398
28 0.7297258755500631 0.6199480116023814 0.04703150889724857 0.04376984736759475
28 0.7661581240671884 0.6141990086071565 0.048466674904859806 0.040699411069925695
28 0.6515836295043959 0.6359425446346731 0.04215300790866543 0.03891865626060227
28 0.6895147110253267 0.6286856053417791 0.04703150889724857 0.04376984736759475
28 0.807182372090022 0.6062699467189242 0.04228034190105419 0.04204365626060227
28 0.8497372866147586 0.5976141985330228 0.045469008897248385 0.04371528366526398
28 0.27360982121516964 0.7413244375636134 0.0738141847906915 0.08839286660488846
28 0.32866473573990607 0.7331051989963588 0.08031885277546902 0.09486112141421188
28 0.21487149117711352 0.754876016875041 0.07550401878308029 0.0915724303072194
28 0.15610132764096024 0.7676463461864685 0.07875635277546911 0.09480655771188111
28 0.9557472060824109 0.6145784984403555 0.05729784684397003 0.06597222958157989
28 0.9124747085538688 0.6247694647750915 0.05573534684397004 0.06591766587924912
28 0.3885663177551285 0.7289559015360968 0.06861734882113649 0.07572917549789597
28 0.43496381528367056 0.7188740626060225 0.058924013840164415 0.06758929328391083
28 0.48142497980840704 0.7103547236759482 0.05729784684397003 0.06597222958158007
28 0.5774086418616855 0.6918626732204614 0.060422846843970035 0.0660813569862416
28 0.6254004728883248 0.6826166479927178 0.054172846843970036 0.06586310217691818
28 0.5263236443331435 0.701780821043543 0.06361151384016442 0.06775298439090349
28 0.7874402164625341 0.6578498048862922 0.04534167490485981 0.04059028366526398
28 0.7471653849416033 0.6650248986256899 0.048466674904859806 0.040699411069925695
28 0.6698362223940333 0.6818279635091471 0.04703150889724857 0.04376984736759475
28 0.8284326309872707 0.6491394929980598 0.04859400889724839 0.0438244110699257
28 0.8694887125082016 0.6419916811098275 0.0502201758934433 0.04544147477225664
28 0.7109241374130613 0.6754614016209148 0.04703150889724857 0.04376984736759475
28 0.9581168599612877 0.7246801847380246 0.08376628007742468 0.09189981252120454
28 0.5872704145990986 0.7998661461786193 0.0863141847906915 0.08882937622353548
28 0.8109824872227808 0.7569693511654279 0.09300985376405242 0.09998513103285873
28 0.7336214911771135 0.7729911660488851 0.09613485376405215 0.10009425843752062
28 0.8852503167665453 0.741619658877309 0.0912563527754692 0.09524306733052797
28 0.5154100020515284 0.8168601840202344 0.09100168479069151 0.08899306733052796
28 0.6578548286295435 0.7898487946346732 0.0881313527754692 0.09513393992586608
28 0.4419870895039583 0.8337996581595188 0.0894391847906915 0.08893850362819711
28 0.3654391769563882 0.8506300048941414 0.09125635277546902 0.09524306733052797
28 0.22793651836315082 0.8840550853866953 0.07987318380210837 0.08392362141421188
28 0.16675893783080314 0.8951810691446266 0.06549234882113639 0.07562004809323426
28 0.29536409889549853 0.8731473564380874 0.08312551779449713 0.08715774881887342
28 0.5967939477166349 0.9535069790334258 0.09300985376405216 0.0929860419331483
28 0.3014787891233975 0.9795188636096637 0.09728617688202608 0.04096227278067275
28 0.22533012459866103 0.9883383029025576 0.09645850593149907 0.023323394194884627
28 0.3746616211386199 0.9745783924656042 0.09467051285158128 0.050843215068791636
28 0.524024951176676 0.9615724501774853 0.09594385277546902 0.07685509964502941
28 0.448562036157648 0.9680481394703794 0.09686968281352507 0.06390372105924129