28 0.955525902253887 0.8124263781137533 0.05561508293962447 0.02688066256778674
28 0.9563989214911807 0.8374263781137531 0.052380955534962935 0.02373748184962743
28 0.9473116089699761 0.7561400166774346 0.052380955534962935 0.02373748184962743
28 0.9491022874630971 0.7850508118569745 0.052380955534962935 0.02373748184962743
28 0.9401067441791863 0.7287599052411162 0.05249008293962447 0.026862481849627428
28 0.8366542957309815 0.2266974354917372 0.057668656260602094 0.040952252926866176
28 0.8547396407363237 0.4314485680052945 0.06397321996293286 0.042551114363184796
28 0.8485243570710598 0.3876712969280557 0.06553571996293286 0.042560204722264315
28 0.837601726038201 0.2985633451326576 0.06391865626060209 0.040988614363184704
28 0.8324132290334258 0.26182186923495854 0.06219246515360979 0.0362920240041051
28 0.8430903234057958 0.34389857103035665 0.06391865626060209 0.040988614363184704
28 0.9036831492586621 0.8488360559050461 0.046076391832632166 0.022138620413308985
28 0.8947595278444502 0.7722371944687276 0.046130955534962936 0.023701120413308983
28 0.8980953481702031 0.8230275348278073 0.046076391832632166 0.022138620413308985
28 0.8956598289329094 0.7980184444687277 0.046076391832632166 0.022138620413308985
28 0.8889534719466676 0.7401786733914888 0.04618551923729371 0.025263620413308985
28 0.7648016654159129 0.5848003061014379 0.05884921034428636 0.030023843285945873
28 0.7503621647829408 0.46208496876742033 0.06370040145127884 0.034738614363184796
28 0.7605581095181304 0.5527508753832786 0.0558333377489479 0.033130662567786476
28 0.7461186088851581 0.43003553804926115 0.0652083377489479 0.033185204722264314
28 0.740394398540872 0.40032076697202224 0.0652083377489479 0.033185204722264314
28 0.7377679063454202 0.3698429266129426 0.0652083377489479 0.033185204722264314
28 0.7529886569783925 0.49256280912649986 0.06046627404661713 0.03159543364502539
28 0.7548066173226787 0.5222548543060397 0.05884921034428618 0.030023843285945873
28 0.7643775686812904 0.6621258753832786 0.05448909255827132 0.03937157220870695
28 0.7663319382814038 0.6957241705628184 0.057614092558271324 0.039389752926866174
28 0.7543924442718535 0.6222321284083406 0.04829365626060209 0.040897710772388504
28 0.6963517657787326 0.5929940803019347 0.07469246515360979 0.03636474687674216
28 0.6928621780297847 0.5601679447633152 0.07307540145127885 0.03479315651766228
28 0.7088741023465543 0.7055440772768726 0.06698909255827132 0.03944429508134384
28 0.7052481053417792 0.6688116917382532 0.06704365626060227 0.04100679508134384
28 0.679541233294595 0.46948385742929766 0.07463790145127884 0.03480224687674216
28 0.6864112813878294 0.5320111285065365 0.07312996515360978 0.03635565651766246
28 0.6675918156012475 0.37334011045435983 0.07463790145127884 0.03480224687674198
28 0.6828671299365505 0.4976224929679171 0.0714583377489479 0.03322156615858276
28 0.6760516455456471 0.4366577218906783 0.07307540145127885 0.03479315651766246
28 0.6718899352013608 0.40695204117251904 0.07463790145127884 0.03480224687674198
28 0.6984152627835079 0.6297173754814744 0.06375496515360979 0.0363011143631848
28 0.5169965932760616 0.48962766490547766 0.0860119110699257 0.04736587939029935
28 0.5215675313878293 0.5310520956236369 0.08595734736759475 0.04580337939029953
28 0.5246032513507624 0.5732486859827166 0.08283234736759475 0.04578519867214013
28 0.495582895545647 0.4356077854169825 0.05550595553496294 0.02375566256778665
28 0.49244797186184963 0.412937899878363 0.058630955534962934 0.023773843285945874
28 0.4986359736759482 0.4559339209556018 0.05550595553496294 0.023755662567786474
28 0.4876687026245559 0.387915173980664 0.058630955534962934 0.023773843285945874
28 0.32057546106207646 0.4791118248409857 0.09840278366526398 0.044313602262936416
28 0.3130704959084668 0.44313796340466716 0.09527778366526399 0.04429542154477702
28 0.3052282248570745 0.3751373971478885 0.09511409255827133 0.03960792154477701
28 0.30874509445718795 0.40874478268650793 0.09511409255827141 0.03960792154477701
28 0.5553522874630972 0.7827600413689108 0.09231647477225664 0.048964740826617795
28 0.5508359130536602 0.7428981106507516 0.0875744110699257 0.04737496974937905
28 0.5423860067930579 0.7022322040348932 0.08773810217691817 0.052062469749379045
28 0.5361980049789594 0.6592361829576545 0.08590278366526398 0.044240879390299526
28 0.534052662420688 0.6201691377781147 0.0875744110699257 0.04737496974937905