28 0.25813445941821633 0.39825487279449295 0.10476141233702041 0.09915455223856355
28 0.26493824391751064 0.7700446636130959 0.09834777110331831 0.08945200361804453
28 0.2595957735422456 0.4937311471047524 0.09538641233702042 0.09866322930778501
28 0.26488942532925447 0.6832440264579661 0.09834777110331831 0.08945200361804453
28 0.2642911818220762 0.5831211957252714 0.09837504464226869 0.09101450361804453
28 0.27133251989209295 0.8517040993887445 0.09522277110331831 0.08928822930778538
28 0.4320883823085436 0.51215467774659 0.10465231818121908 0.09290455223856356
28 0.44094559050894394 0.8559013557203226 0.09829322402541774 0.08632700361804453
28 0.4306112516248531 0.23838962912607103 0.11690685633066593 0.0794971494796016
28 0.4376274959461055 0.6876050570998037 0.09837504464226879 0.09101450361804471
28 0.43041242857237005 0.16018274197094126 0.11062958279171564 0.07760710085908262
28 0.43914117735784935 0.6008863070998036 0.10459777110331844 0.08977955223856356
28 0.4416234748427872 0.7722666621427579 0.09834777110331831 0.08945200361804453
28 0.43841229464556397 0.41865033921197925 0.10152731818121907 0.09274077792830422
28 0.4385543908299602 0.3209122020568495 0.10152731818121907 0.09274077792830412
28 0.6176555097425279 0.36392297489677106 0.0822863944801128 0.06363313206674714
28 0.6240383287378212 0.6254336849826793 0.061673885551659244 0.04538109905006031
28 0.625332047488233 0.6857127657153739 0.06170115909060954 0.04694359905006031
28 0.6187464513005415 0.30142297489677106 0.07918866801906325 0.06503185775648763
28 0.6234031290621327 0.5722267978275495 0.06170115909060954 0.04694359905006031
28 0.6258247455390684 0.5230899349826792 0.06170115909060954 0.04694359905006031
28 0.6206595531669806 0.23662016847433592 0.07918866801906325 0.06503185775648763
28 0.6226135653418453 0.16947361205190076 0.08390344155801373 0.06684001922187681
28 0.6267111355549544 0.47230868498267925 0.06170115909060954 0.04694359905006031
28 0.6276247991097909 0.4199649349826792 0.06172843262955983 0.048506099050060314