28 0.35 0.54765625 0.06953125 0.0953125
28 0.2140625 0.546875 0.06484375 0.09765625
28 0.28125 0.54921875 0.06953125 0.0984375
28 0.41328125 0.5671875 0.0484375 0.05546875
28 0.5078125 0.5671875 0.04921875 0.05625
28 0.3640625 0.70859375 0.07578125 0.0921875
28 0.44609375 0.7078125 0.0734375 0.09765625
28 0.28828125 0.71015625 0.0765625 0.0984375
28 0.5265625 0.709375 0.07421875 0.09765625
28 0.60546875 0.715625 0.0734375 0.09375
28 0.68203125 0.7296875 0.0734375 0.06875
28 0.7546875 0.7296875 0.06484375 0.0625
28 0.83515625 0.73203125 0.0734375 0.0609375