28 0.26984136397040126 0.33279388984733815 0.047202252926866174 0.0581600098858317
28 0.2636135689872532 0.20210230536065774 0.050345433645025486 0.06141234387822048
28 0.2655533188890573 0.2670097223568521 0.047211343285945874 0.0597225098858317
28 0.31341164031219737 0.8406992317483922 0.10669542759490121 0.08089185574121842
28 0.32283261298844257 0.9756923611784261 0.10659543364502548 0.04861527764314779
28 0.32088377272755886 0.916766983231267 0.10829428903121974 0.08720552273741297
28 0.3129434868195971 0.7602304817483923 0.10829428903121974 0.08720552273741297
28 0.311712264045156 0.6828548982502951 0.10829428903121974 0.08720552273741297
28 0.318316267168414 0.60970389973317 0.08011474687674207 0.07668451680591382
28 0.31870208654845056 0.541766983231267 0.08165906615858276 0.07362318380210837
28 0.3159538155694076 0.4721402327369755 0.08480224687674198 0.07687551779449713
28 0.312437930128984 0.40482539874458673 0.08636474687674198 0.0769391847906915
28 0.3013403070833965 0.10834964676742036 0.09444086729005097 0.12257001977166349
28 0.31671636397040126 0.33470389973316983 0.03932612041330898 0.046904174904859805
28 0.3210220688890573 0.26926990072175305 0.05187157220870704 0.05522601087441492
28 0.3206357286281736 0.20286365072175308 0.05348861436318479 0.0646646778706093
28 0.5310763841638773 0.9315801942194127 0.08958065046753809 0.09269151878308043
28 0.5281826674395604 0.8369534437251211 0.08336701190385654 0.09868685079830267
28 0.5283775892789251 0.7362040272232184 0.08962610226293641 0.10050401878308043
28 0.5340003545024314 0.6286461952079959 0.08805451190385671 0.09887785178688588
28 0.5421032251121322 0.544621363687065 0.06913179508134401 0.06842634783255316
28 0.5377924541330892 0.47493094619657905 0.07857951795398091 0.08130834980971961
28 0.544401002435887 0.4025611976794538 0.0675511143631848 0.06523768083635884
28 0.5416754573545429 0.33684069718516224 0.06913179508134384 0.06842634783255316
28 0.5444095719141193 0.269780531177551 0.07692611436318479 0.06561968281352523
28 0.5415840328828997 0.18687253068325943 0.09276019262201593 0.10219385277546911
28 0.5409431625677866 0.07671628068325945 0.08026928298109545 0.10324701680591397