28 0.17613281533525468 0.8182490781645437 0.0991932508107789 0.13732452564056316
28 0.25229984902047475 0.7920268724163566 0.1022909772718286 0.1359075748547749
28 0.10982202272158088 0.8268107489665427 0.07049550649282176 0.10320208271265763
28 0.17873784374546897 0.6539318670396732 0.0893273271096728 0.10876287799792798
28 0.4889838226421507 0.5550383329220547 0.07383869480442443 0.11584763192686935
28 0.7795758206135558 0.45002323139325934 0.10174550649282174 0.10465757485477489
28 0.7025866266199101 0.4739380744449993 0.09859323295387146 0.10294952564056317
28 0.23368839650541248 0.6216608684874153 0.0638364034085667 0.07947348428423417
28 0.941298524753471 0.39792342225425015 0.10654210064862327 0.11112589867609249
28 0.5377116489410445 0.5246209327982202 0.06235572402541756 0.08408820967712849
28 0.2881167978853843 0.6042700072387103 0.0638364034085667 0.07947348428423417
28 0.8564968307598255 0.42220213834151943 0.10174550649282174 0.10465757485477489
28 0.6355627678536122 0.48644238255055117 0.0622466298696164 0.07783820967712848
28 0.5778593620094135 0.4953850430134679 0.06348184740221222 0.05916098428423435