28 0.7546875 0.36875 0.03515625 0.05546875
28 0.7171875 0.37109375 0.03515625 0.0578125
28 0.79296875 0.3734375 0.0359375 0.04921875
28 0.678125 0.3734375 0.03359375 0.053125
28 0.596875 0.3734375 0.03515625 0.05078125
28 0.63671875 0.3734375 0.0359375 0.05078125
28 0.56171875 0.37421875 0.0328125 0.0515625
28 0.5265625 0.37421875 0.03359375 0.0578125
28 0.82890625 0.503125 0.0484375 0.103125
28 0.725 0.5046875 0.04921875 0.10234375
28 0.7765625 0.5046875 0.05078125 0.10078125
28 0.675 0.50625 0.04921875 0.10234375
28 0.6234375 0.50859375 0.04921875 0.1046875
28 0.55625 0.528125 0.02421875 0.05859375
28 0.584375 0.52734375 0.025 0.0640625
28 0.5015625 0.52734375 0.02421875 0.0640625
28 0.47421875 0.52890625 0.0265625 0.0640625
28 0.5296875 0.5296875 0.02421875 0.06484375
28 0.415625 0.53046875 0.02421875 0.0609375
28 0.4453125 0.53125 0.02421875 0.06484375
28 0.765625 0.671875 0.04921875 0.103125
28 0.81875 0.67265625 0.04921875 0.1046875
28 0.6640625 0.671875 0.04921875 0.11328125
28 0.71171875 0.671875 0.0484375 0.109375
28 0.6109375 0.6734375 0.04453125 0.10234375
28 0.55625 0.6765625 0.05078125 0.10546875