28 0.8105314163784156 0.482119634110404 0.11319995764913067 0.12162155601527189
28 0.8018644226249314 0.6289037274426768 0.10843973477649352 0.10906701201463562
28 0.7925570794371815 0.7514599801081768 0.11004768657189175 0.11689769334818116
28 0.7848076910698918 0.8748156641072222 0.11006586729005079 0.12002269334818116
28 0.7764134080887961 0.9698612507160886 0.10821247579950324 0.06027749856782272
28 0.5897901068591322 0.9561458380808144 0.06609769867214013 0.08201361600890848
28 0.3105627117543472 0.6052169480426344 0.10834883118569749 0.09344201201463562
28 0.31585017545360194 0.5021464920432708 0.10834883118569749 0.09344201201463562
28 0.28273262754358763 0.6884925247055891 0.06600679508134402 0.06638861600890866
28 0.2697594079906004 0.9039811647039983 0.06287270472226432 0.06478975334181776
28 0.27404290789240454 0.8391828680378619 0.06287270472226432 0.06478975334181776
28 0.27837640476914655 0.7657908213717255 0.06291815651766246 0.07260225334181776