28 0.1421875 0.2765625 0.03828125 0.05625
28 0.103125 0.2765625 0.040625 0.05625
28 0.68046875 0.39375 0.0453125 0.09375
28 0.6265625 0.39140625 0.04921875 0.0921875
28 0.73671875 0.4109375 0.0640625 0.05859375
28 0.80625 0.4109375 0.06015625 0.05859375
28 0.8765625 0.41171875 0.05859375 0.0609375
28 0.2296875 0.50703125 0.07109375 0.0828125
28 0.30625 0.5078125 0.06875 0.08515625
28 0.38125 0.509375 0.071875 0.08671875
28 0.15 0.5125 0.071875 0.071875
28 0.6390625 0.52265625 0.05078125 0.0671875
28 0.69453125 0.521875 0.0453125 0.06640625
28 0.74609375 0.52421875 0.0453125 0.0671875
28 0.8015625 0.5234375 0.05078125 0.06953125
28 0.4546875 0.528125 0.040625 0.05078125
28 0.4984375 0.5296875 0.03359375 0.04921875
28 0.5875 0.528125 0.0375 0.05078125
28 0.540625 0.53046875 0.0375 0.0515625
28 0.71171875 0.75390625 0.0328125 0.0296875
28 0.7484375 0.75390625 0.02734375 0.0296875
28 0.79453125 0.7734375 0.0484375 0.05546875
28 0.7109375 0.7859375 0.02734375 0.02734375
28 0.746875 0.7859375 0.03359375 0.02734375