28 0.7230573340229081 0.17294520071524358 0.04582157733927232 0.0440136204133089
28 0.7278726507001803 0.2510929266129426 0.044168170671545326 0.03619203005422929
28 0.729971500039771 0.2971957669720222 0.04729317067154533 0.03621021077238851
28 0.7242840266947714 0.2112309958947834 0.04729317067154533 0.03621021077238851
28 0.7296811460454979 0.33937872179248246 0.04571248933799978 0.034638620413308986
28 0.6942318053389543 0.04544236943135027 0.036319308004454244 0.03302157825883121
28 0.6962033853437267 0.08060770979042989 0.036355670671545326 0.036146578258831184
28 0.6966670093491356 0.1204514597904299 0.0348840773392725 0.04394998789975161
28 0.7209628634229505 0.6643059989198454 0.09609429734245403 0.06774201190385672
28 0.71710151941436 0.6010065682016863 0.09609429734245403 0.06774201190385672
28 0.7132492660725422 0.538488387483527 0.09453179734245402 0.06773292154477702
28 0.7232162540976773 0.7236900892789251 0.09607611600890867 0.06617951190385671
28 0.7270775981062678 0.7869895199970844 0.09613066000954511 0.07086701190385672
28 0.7000856473981333 0.48138441461089004 0.07249316534054522 0.05354315651766228
28 0.6942072700509068 0.3790133935336512 0.07409202800763595 0.056677246876741985
28 0.6963606633911337 0.42980373389273085 0.07565452800763595 0.056686337235821685
28 0.685340252705271 0.28834294173825314 0.03951703333863606 0.039289758976990455
28 0.6729391553548627 0.16249805922469582 0.0520352146721816 0.04092498184962738
28 0.6757738013605896 0.20469919476331527 0.0520352146721816 0.04092498184962741
28 0.6762737880330894 0.24766794476331527 0.05199885200509069 0.03779998184962743
28 0.6811618300445434 0.3320656706610143 0.048910214672181596 0.04090680113146812
28 0.6603477013446813 0.08742988153159867 0.028579533338636054 0.03922612646343313
28 0.659084646005727 0.04601908635205887 0.030087489337999783 0.034547716822512745
28 0.6646812126829993 0.12417135742929772 0.03319430800445442 0.03300339754067196
28 0.5904299314130872 0.5908952491162373 0.0741829346753633 0.06448974687674199
28 0.5865685874044967 0.527595818398078 0.07728975334181776 0.06294542759490121
28 0.6029224827736769 0.7917355864502549 0.07739884134309047 0.0723204275949012
28 0.5974622760979955 0.7253020653730159 0.07576361600890866 0.06606133723582168
28 0.5819169027291335 0.46351059250037896 0.07732611600890867 0.0660704275949012
28 0.5927742287555413 0.6580918394753168 0.07732611600890867 0.0660704275949012
28 0.5718419213876339 0.4032998003459012 0.06319089067472686 0.05973861436318475
28 0.5511817866804539 0.10476230639602543 0.0631727093411815 0.058176114363184706
28 0.5618572993714073 0.2837185533709633 0.06006589067472703 0.05972043364502548
28 0.555024949355499 0.16649923711418468 0.060029528007635946 0.056595433645025485
28 0.5588226586966805 0.2243299178323439 0.06319089067472702 0.05973861436318471
28 0.5641015993793616 0.342321393730043 0.06786020934118149 0.05820338544042354
28 0.4673249546864991 0.14880267700572608 0.048910214672181596 0.04090680113146812
28 0.47137720269731676 0.22850835772388534 0.048910214672181596 0.040906801131468204
28 0.4653079213478629 0.10973108664664646 0.048910214672181596 0.04090680113146816
28 0.4734215080362711 0.26992369808296496 0.048910214672181596 0.040906801131468204
28 0.4685698286919079 0.18865097218526589 0.048910214672181596 0.04090680113146816
28 0.4775192093809523 0.35353562880112416 0.048910214672181596 0.04090680113146812
28 0.4747118353755435 0.3136782432625047 0.048910214672181596 0.040906801131468204
28 0.44593504408017814 0.5931793909013725 0.06319089067472686 0.0597386143631848
28 0.43357885272117935 0.4040578035673551 0.06322725334181775 0.06286361436318474
28 0.4497782067552231 0.6549163216195317 0.0632454346753633 0.0644261143631848
28 0.44209188140513306 0.5314424601832133 0.0632454346753633 0.0644261143631848
28 0.43823962806331523 0.4689242794650541 0.06326361600890884 0.06598861436318479
28 0.4551838694302683 0.7166623426967706 0.06322725334181775 0.0628636143631848
28 0.45435771343885883 0.779934502337691 0.06326361600890884 0.06598861436318479
28 0.4109749573519991 0.13988167407885985 0.048946577339272504 0.044031801131468117
28 0.41871582670272567 0.2680430355151783 0.04732953333863606 0.03933521077238851
28 0.4081584926798175 0.09924303854024041 0.048946577339272504 0.044031801131468165
28 0.42359477804740686 0.3516595114128774 0.04887385200509069 0.03778180113146821
28 0.4143186806969986 0.22583280961747926 0.048946577339272504 0.044031801131468117
28 0.4199970633752253 0.3110163306947181 0.048910214672181554 0.040906801131468204
28 0.4138368753580443 0.18442655961747928 0.048910214672181596 0.04090680113146812
28 0.34493288136536215 0.23792828863843632 0.04880112667090888 0.03153180113146821
28 0.3461050300365892 0.27152658381797606 0.048837489337999786 0.034656801131468205
28 0.3394090400222717 0.16602601756119745 0.048837489337999786 0.034656801131468115
28 0.3389999600174992 0.13086976756119745 0.04722044533736343 0.02996021077238851
28 0.34218005136058965 0.20275840309981685 0.048837489337999786 0.034656801131468115
28 0.34927603071290697 0.3426339693565955 0.048837489337999786 0.034656801131468205
28 0.34885786004136177 0.30669646935659556 0.047274989337999784 0.034647710772388506
28 0.3008379833704528 0.27516921340466716 0.04569430800445433 0.033076120413308895
28 0.2870738333465903 0.09931978571157005 0.04725680800445433 0.03308521077238853
28 0.29967547270845263 0.30953512304558756 0.048837489337999786 0.034656801131468205
28 0.29496924403245306 0.2407623971478885 0.048837489337999786 0.034656801131468205
28 0.2882732540181355 0.13526183089110985 0.04880112667090888 0.03153180113146812
28 0.293015845361226 0.20715955678880887 0.04885567067154524 0.036219301131468186
28 0.290244834022908 0.17042717125018947 0.048837489337999786 0.034656801131468164
28 0.3000845527132251 0.34469137304558756 0.048837489337999786 0.034656801131468205