28 0.7586880863940625 0.5051522661255412 0.0603606473268119 0.046442660462916764
28 0.5414598729434168 0.8020121877561097 0.0353606473268119 0.04527826674922295
28 0.5464009180205632 0.4454004687733564 0.06530575256024881 0.07783820967712848
28 0.5396496600574684 0.5167660465236154 0.05932876834526439 0.08223461124870504
28 0.5123261097892371 0.7967596075246514 0.03241765785015538 0.04825771753501122
28 0.4612054126177171 0.5879089923470049 0.07853379465362345 0.0909204065339754
28 0.44883275718663607 0.76341626054397 0.06595819994353036 0.062285984284234354
28 0.45317237571542696 0.6506444327937111 0.06881018415851478 0.0577440334984459
28 0.4509343125047776 0.7058584716688404 0.06908319994353036 0.0624315334984459
28 0.4730327655026668 0.32277629797135743 0.07055469468185845 0.06094180810555194
28 0.47578676820408994 0.2496662837033338 0.07853379465362345 0.0909204065339753
28 0.46500743387616605 0.37226687572161643 0.05107665258848364 0.047568512820281586
28 0.4554566705808121 0.5159612177398991 0.05107665258848364 0.047568512820281586
28 0.46024361014217297 0.4242467526860872 0.052821163111827295 0.050766287427387445
28 0.4584227758848362 0.4732471788647696 0.05107665258848364 0.047568512820281586
28 0.4778281393637169 0.137566544042416 0.052821163111827475 0.050766287427387445
28 0.4735725498447082 0.18489530831043965 0.054383663111827296 0.05083906203449331
28 0.35594730717251866 0.7738935341176185 0.08149219468185845 0.061451230355292805