28 0.6133132225219218 0.7824447087444055 0.07826884215265544 0.09304202267663583
28 0.6717874638154946 0.7659480994191323 0.073335680687266 0.08829997867599956
28 0.7921475514455942 0.7384599934356771 0.08838082654882307 0.10721361067790855
28 0.726437342264197 0.7509685367599956 0.073335680687266 0.08829997867599956
28 0.8628351876962128 0.7166400847787676 0.08829893939369313 0.10565111067790856
28 0.5058658926937383 0.803056106062997 0.058044873360319826 0.06469884667409076
28 0.5557873275648759 0.787240749403224 0.06116987336031983 0.06473520934118149
28 0.9273137675243962 0.6955287007876763 0.08509205223856356 0.10405224801081765
28 0.9758769227717787 0.6767701574633577 0.048246154456442626 0.10245338534372692
28 0.16240914178922716 0.7748556440165447 0.11198210085908263 0.11061133068109026
28 0.2557120844622809 0.752518114696044 0.11510710085908267 0.11064769334818117
28 0.34959155924751023 0.7262834260423162 0.11198210085908267 0.11061133068109008
28 0.4404688647654343 0.7023561247214974 0.11510710085908263 0.11064769334818117
28 0.5312266615769309 0.6612504140674516 0.10269563206674696 0.08239542401336308
28 0.9359374157608024 0.5621167641231307 0.09282266508343398 0.10258065467854482
28 0.9813606218899817 0.5433036767981758 0.03727875622003651 0.10228975334181775
28 0.6072602170948549 0.6371503900779509 0.06914614767057933 0.06795111600890866
28 0.752910231794176 0.6005872760979954 0.1074650192218769 0.08401246801399935
28 0.6681191519659925 0.621462302752996 0.07070864767057934 0.06796929734245402
28 0.8187875373120999 0.5763690734404496 0.056400486205190246 0.06311816534054522
28 0.8703943029159322 0.562915648114222 0.06265048620519025 0.06319089067472686