28 0.05880702070287184 0.7030789993236823 0.09026253571381496 0.06978633601209036
28 0.15732634131972284 0.6972460753103192 0.08708298863591427 0.06662497334499946
28 0.24896441640080075 0.6829012172979108 0.07107615909060953 0.04456816000954511
28 0.32249737378712695 0.6765779446212749 0.06485343262955982 0.0460579346753633
28 0.3999229444039779 0.6709904686107754 0.06792388555165915 0.04296929734245403
28 0.4773348782513539 0.6661842426002758 0.06636138555165907 0.04295111600890866
28 0.5376274959461055 0.6576717612587762 0.0475295649348082 0.03804544000636341
28 0.5884223827155808 0.6562996179185492 0.04281479139585791 0.036428396005727136
28 0.6423831797934814 0.6525473619112313 0.05221706493480802 0.038099984006999675
28 0.6940275004103323 0.6472598779042317 0.0428420649348082 0.03799089600572714
28 0.7510996607187579 0.6442525092298229 0.0428420649348082 0.03799089600572696
28 0.8042792077966585 0.6405093438892779 0.04752956493480829 0.03804544000636341
28 0.8535525048745594 0.6368116318825964 0.042842064934808376 0.03799089600572714
28 0.9075133019524599 0.6330593758752785 0.04906479139585755 0.03650112133990877
28 0.06067525812097013 0.5960477493236823 0.062110262174864615 0.06789657200827222
28 0.12949344196834597 0.5913415206476828 0.062110262174864636 0.06789657200827222
28 0.19362412581572183 0.5866898359723194 0.06523526217486464 0.0679329346753633
28 0.6035173230557783 0.552238826583413 0.046321620941162676 0.05833975867281786
28 0.6527769833642039 0.5493223645767313 0.046321620941162676 0.05833975867281786
28 0.7020230069031541 0.5471871525700498 0.04316934740221221 0.05674089600572714
28 0.7483076716758065 0.5357133032304592 0.03974433847375849 0.03951703333863606
28 0.7920713084452817 0.5344229758911869 0.03971706493480802 0.037954533338636055
28 0.8351082422926576 0.5300167392186872 0.03968979139585791 0.036392033338636054
28 0.8804343790621327 0.5287082305458692 0.042842064934808376 0.03799089600572696
28 0.09257191477594767 0.46913980398631877 0.06674321509696395 0.06482611600890867
28 0.16606396185384836 0.46516028130968295 0.07148526217486464 0.06800566000954511
28 0.23655373985702557 0.4541858713001378 0.057150026785361165 0.052217028007635946
28 0.3006844237044014 0.44953418662477473 0.057150026785361165 0.052217028007635946
28 0.42190090462967794 0.4410938832750027 0.052407979707460584 0.04903748400699968
28 0.3624440840128269 0.44647227394972955 0.057150026785361165 0.052217028007635946
28 0.5759435223244296 0.4314905219207764 0.07425570616851011 0.04772952267663584
28 0.49230886201600405 0.4348069732654577 0.07729888555165906 0.043078385343726745
28 0.6315350032497061 0.42381383457991306 0.0428420649348082 0.03799089600572696
28 0.683152050327607 0.4200888505729134 0.04281479139585791 0.03642839600572696
28 0.7292730738665572 0.41799000123332275 0.04593979139585791 0.036464758672817864
28 0.7732003518697343 0.40732467389405036 0.037909103084255234 0.02387385200509069
28 0.8701435357171103 0.40229118121423274 0.045721603084255234 0.023964758672817867
28 0.8201162621781599 0.40443548388768696 0.04100682954530477 0.022347714672181596