28 0.2296875 0.1328125 0.06015625 0.07578125
28 0.29921875 0.13828125 0.0609375 0.0671875
28 0.5609375 0.140625 0.05625 0.06875
28 0.6203125 0.1421875 0.05390625 0.05859375
28 0.35625 0.14296875 0.04296875 0.0640625
28 0.4 0.14296875 0.040625 0.0609375
28 0.734375 0.1453125 0.05390625 0.05859375
28 0.78984375 0.146875 0.0515625 0.05625
28 0.6765625 0.1484375 0.053125 0.05546875
28 0.2484375 0.24140625 0.02734375 0.0640625
28 0.2765625 0.24140625 0.03125 0.0640625
28 0.19140625 0.2421875 0.0265625 0.06640625
28 0.33359375 0.24296875 0.0296875 0.0609375
28 0.6296875 0.24375 0.05546875 0.06875
28 0.571875 0.24375 0.05546875 0.06875
28 0.22109375 0.24375 0.0265625 0.06640625
28 0.30625 0.2453125 0.02734375 0.06484375
28 0.3703125 0.2453125 0.04296875 0.05859375
28 0.415625 0.246875 0.04453125 0.05859375
28 0.73125 0.2484375 0.05078125 0.05625
28 0.68125 0.2484375 0.046875 0.05625
28 0.78671875 0.2484375 0.0515625 0.05625
28 0.84453125 0.25 0.0515625 0.05546875
28 0.45625 0.2546875 0.03359375 0.04453125
28 0.521875 0.2546875 0.03515625 0.040625
28 0.490625 0.25546875 0.03125 0.0421875
28 0.7984375 0.33515625 0.05078125 0.0453125
28 0.6921875 0.3359375 0.02734375 0.025
28 0.63515625 0.3375 0.0265625 0.025
28 0.6625 0.3375 0.025 0.025
28 0.2 0.340625 0.03515625 0.053125
28 0.23671875 0.3421875 0.0359375 0.05546875
28 0.37265625 0.34609375 0.0421875 0.0515625
28 0.4171875 0.346875 0.04296875 0.053125
28 0.46015625 0.346875 0.0421875 0.05390625
28 0.5015625 0.346875 0.04296875 0.05390625
28 0.26875 0.3515625 0.03125 0.03984375
28 0.33046875 0.353125 0.0328125 0.03984375
28 0.3015625 0.3515625 0.03125 0.03828125
28 0.74140625 0.35390625 0.0484375 0.0453125
28 0.5421875 0.3546875 0.03515625 0.03828125
28 0.6078125 0.3546875 0.03125 0.040625
28 0.85 0.3546875 0.053125 0.04453125
28 0.57578125 0.35625 0.0328125 0.040625
28 0.64140625 0.3625 0.0265625 0.025
28 0.66953125 0.3640625 0.0265625 0.02421875
28 0.7 0.3640625 0.02734375 0.02421875