28 0.27421875 0.78984375 0.0484375 0.0765625
28 0.2203125 0.790625 0.05390625 0.07578125
28 0.1671875 0.79140625 0.05078125 0.0734375
28 0.321875 0.79765625 0.04296875 0.0578125
28 0.453125 0.8 0.04453125 0.05859375
28 0.365625 0.7984375 0.03828125 0.05625
28 0.4109375 0.7984375 0.04296875 0.05625
28 0.5 0.8015625 0.04296875 0.05859375
28 0.5453125 0.8 0.04296875 0.05859375
28 0.5875 0.80703125 0.03359375 0.0453125
28 0.73125 0.8078125 0.040625 0.04296875
28 0.6953125 0.80859375 0.03984375 0.0453125
28 0.621875 0.809375 0.03515625 0.046875
28 0.65859375 0.8078125 0.0328125 0.04453125
28 0.846875 0.81015625 0.0375 0.0453125
28 0.7703125 0.81015625 0.03515625 0.0453125
28 0.8078125 0.81171875 0.0375 0.0453125
28 0.665625 0.3453125 0.08984375 0.115625
28 0.7484375 0.3640625 0.05859375 0.06640625
28 0.80703125 0.371875 0.0515625 0.05078125
28 0.865625 0.3734375 0.05390625 0.05078125
28 0.434375 0.4671875 0.04296875 0.078125
28 0.5890625 0.4703125 0.03515625 0.06640625
28 0.625 0.4703125 0.03515625 0.06640625
28 0.55 0.4703125 0.03828125 0.06484375
28 0.5125 0.47109375 0.03515625 0.0671875
28 0.6609375 0.48046875 0.03125 0.0484375
28 0.69375 0.48046875 0.02890625 0.0453125
28 0.49609375 0.57734375 0.0484375 0.0609375
28 0.58671875 0.57734375 0.0484375 0.0609375
28 0.63125 0.57734375 0.04453125 0.0609375
28 0.453125 0.578125 0.046875 0.0625
28 0.36171875 0.57890625 0.0484375 0.0609375
28 0.31640625 0.578125 0.0484375 0.05859375
28 0.40625 0.57890625 0.046875 0.0640625
28 0.540625 0.578125 0.04453125 0.0625
28 0.27109375 0.57890625 0.0421875 0.0609375
28 0.746875 0.5875 0.0375 0.046875
28 0.709375 0.58671875 0.03515625 0.0453125
28 0.67421875 0.5875 0.0359375 0.046875
28 0.78359375 0.59296875 0.0328125 0.0296875
28 0.8171875 0.59296875 0.02890625 0.0296875
28 0.8484375 0.59375 0.03515625 0.02734375
28 0.61640625 0.6921875 0.0578125 0.071875
28 0.6765625 0.6921875 0.05859375 0.07578125
28 0.74609375 0.703125 0.0578125 0.05390625