28 0.43721140301480943 0.880508093973317 0.04182793507002262 0.05960225897699019
28 0.39413349110415064 0.8784143288480063 0.04353598428423435 0.06273634933607006
28 0.47919984987165626 0.8927671994577071 0.03812073821317572 0.04708407825883114
28 0.07199277812176252 0.13633695491865605 0.09666529238978616 0.13021474082661783
28 0.15467899958571524 0.14992221106697615 0.09146837014004516 0.11924996974937896
28 0.23696496071058576 0.15491371721529618 0.09481169396136276 0.12395565046753823
28 0.3194328583532209 0.1638114733636163 0.09161391935425689 0.12237496974937896
28 0.6253511803125116 0.3730263503180287 0.04564213978475227 0.040879530054229285
28 0.581382856491194 0.36859338037225803 0.034486315963434676 0.03612839754067192
28 0.6654132541338292 0.37748204616149844 0.03604881596343468 0.036137487899751616
28 0.11835416356328862 0.34315458148028505 0.09179370181924558 0.09269656010845857
28 0.4690647930089587 0.3731541362259905 0.08071065260503385 0.0895079275949012
28 0.3038207826698765 0.3655194191088901 0.07827485731976358 0.07074883723582168
28 0.21773773345566477 0.3628943888582691 0.08943068114108117 0.07549996974937896
28 0.3894136803125116 0.374398994539051 0.0831079065339754 0.07390110831306043
28 0.8411238835794993 0.4084997211241211 0.06443068114108108 0.0753545240041051
28 0.5363079509906761 0.3907365459651067 0.05134848428423418 0.06278180113146821
28 0.9001542812221345 0.4175338326586354 0.06443068114108144 0.0753545240041051
28 0.9558049677398991 0.421117374911309 0.06762845574818713 0.07693520472226431
28 0.787326795490158 0.4111570885123679 0.07358735731976367 0.07072156615858276
28 0.9931272235308672 0.4302151189593806 0.013745552938265604 0.0533158975406721
28 0.5746084716688404 0.4077058773471959 0.03590326674922295 0.03301248789975162
28 0.6648160947043698 0.4149956817001179 0.04564213978475227 0.040879530054229285
28 0.619467207400817 0.4144780521134268 0.03739299214211726 0.03145907825883114
28 0.9613721093866783 0.5570139682954507 0.07725578122664345 0.08176815046753809
28 0.7141655471427879 0.753081488979906 0.07315070967712849 0.06134656615858276