28 0.321875 0.0671875 0.08671875 0.09609375
28 0.69296875 0.0703125 0.0640625 0.08984375
28 0.615625 0.0703125 0.06640625 0.0875
28 0.42421875 0.07421875 0.0890625 0.0796875
28 0.528125 0.0765625 0.09140625 0.07421875
28 0.7625 0.07734375 0.046875 0.0609375
28 0.8234375 0.0765625 0.05078125 0.05859375
28 0.93828125 0.08984375 0.0515625 0.0359375
28 0.88203125 0.090625 0.0484375 0.0375
28 0.35859375 0.27421875 0.0609375 0.1046875
28 0.43203125 0.275 0.0640625 0.10546875
28 0.5578125 0.28125 0.05078125 0.08515625
28 0.5 0.28359375 0.046875 0.0890625
28 0.775 0.284375 0.06015625 0.08203125
28 0.6640625 0.29375 0.040625 0.05859375
28 0.7125 0.29375 0.040625 0.05859375
28 0.61171875 0.2921875 0.0421875 0.06015625
28 0.8421875 0.29296875 0.053125 0.0578125
28 0.90234375 0.2921875 0.0515625 0.06015625
28 0.4890625 0.4171875 0.08984375 0.09140625
28 0.5875 0.41875 0.0875 0.09375
28 0.7734375 0.43046875 0.08671875 0.0671875
28 0.684375 0.4328125 0.08671875 0.06640625