28 0.5352712249271754 0.2433842045053327 0.048511707838416386 0.05843323821317572
28 0.49158942108710935 0.24369026550636871 0.045477636051661816 0.061412688998963995
28 0.57971154671393 0.2423332808078497 0.046858279625171306 0.05523546360606986
28 0.6256916364473734 0.24057388171747246 0.04538670783841638 0.05828768899896399
28 0.41149875580598777 0.27974973593686414 0.036892246239076346 0.034486315963434676
28 0.3725271840192331 0.2810553707592177 0.036710389812585564 0.028236315963434677
28 0.45051579169936506 0.28000660111451053 0.036892246239076346 0.034486315963434676
28 0.5438937186589692 0.29839919023730904 0.04217077962517131 0.05501713978475227
28 0.5003028430321486 0.30183025123834506 0.04529577962517113 0.055162688998963996
28 0.6327970942857898 0.29707859284234295 0.045432171945039276 0.059850188998963993
28 0.5884022366056578 0.299692016539826 0.046949207838416565 0.058360463606069855
28 0.41711826999175267 0.31199930975818174 0.04006271034569901 0.036194365177646404
28 0.4592830379384413 0.3131829741500399 0.04006271034569906 0.036194365177646404
28 0.38053591231162076 0.314976606491194 0.03372178213245362 0.03277826674922295
28 0.3969601973470683 0.4772411660444879 0.0673071719450391 0.0608690334984459
28 0.5389431088672663 0.4768324052911209 0.0719946719450391 0.06108735731976367
28 0.46952551913382284 0.4775001852749103 0.07208560015828454 0.06421235731976367
28 0.3276335358268703 0.48103394602827726 0.07047763605166191 0.06257708271265763
28 0.4010914193712497 0.5655951906515939 0.05668792069139794 0.07129711124870504
28 0.3434153116911178 0.5675900301886772 0.056824313011266 0.07598461124870504
28 0.6368303425699302 0.6233863817174725 0.05741534639736088 0.09629711124870503
28 0.45771114390271367 0.6345485519002988 0.07147784639736088 0.09695208271265762
28 0.5895832695295343 0.6352292562007438 0.047767561757624935 0.08648546360606986
28 0.34490726702225183 0.6456786428851242 0.05999477711788863 0.07769266046291676
28 0.4010663388090065 0.645173528740935 0.05530727711788863 0.07747433664159917
28 0.2927226413954312 0.648709443547078 0.05999477711788863 0.07769266046291676
28 0.5049271247023838 0.6484505401134746 0.03918217194503928 0.05955909057054072
28 0.43697640973783136 0.8067852708830522 0.07763691818411549 0.09411818114108109
28 0.5757433930447838 0.8031059609154735 0.07272209765100204 0.08608735731976366
28 0.5055672853646518 0.8045186035957099 0.06959709765100222 0.08594180810555194
28 0.3567804443775674 0.8124123786171005 0.07442098997087018 0.09084763192686944