28 0.87109375 0.6440895889848367 0.08125 0.07144563206674714
28 0.88828125 0.6988965976912639 0.0671875 0.05820864767057934
28 0.86875 0.583029258252142 0.065625 0.06750176051544958
28 0.9 0.7518545013547371 0.0671875 0.05820864767057934
28 0.91015625 0.7984805178630804 0.0671875 0.05508364767057934
28 0.9234375 0.8483953086816832 0.065625 0.0550017605154494
28 0.33046875 0.8212253833099424 0.0953125 0.09562011646291495
28 0.315625 0.7360724553362099 0.0984375 0.10047139077317446
28 0.3484375 0.9049795855939348 0.09375 0.09397572930778537
28 0.303125 0.6565111080951718 0.0875 0.08739818068726599
28 0.3671875 0.9662468769783643 0.090625 0.0675062460432713
28 0.61953125 0.7676245070089467 0.0671875 0.07539614767057934
28 0.646875 0.9003075322237173 0.0703125 0.07712242198083885
28 0.6375 0.8318474592929388 0.0625 0.06733798620519024
28 0.73671875 0.622984793643678 0.065625 0.06906426051544959
28 0.7515625 0.6901689716174106 0.0640625 0.07366987336031983