28 0.9344194596198279 0.9224329174388937 0.07889781570031076 0.09631449400955035
28 0.9335948940606913 0.6797816259690814 0.08356990514873246 0.12298612141421188
28 0.9351889441877482 0.5458604937550963 0.08504139988706072 0.12147818511654265
28 0.9331993228869472 0.8073981944807356 0.07695588410204479 0.11651786660488846
28 0.9359485364081799 0.42449392524344187 0.08329688936371689 0.11829862141421192
28 0.9360633865211195 0.3054983885829531 0.08402493145709186 0.1307986214142119
28 0.9332884550640278 0.1772096974759605 0.07860938936371689 0.1181349303072194
28 0.9322580341302797 0.05554309483570609 0.08017188936371689 0.11108618967141218
28 0.7595181701572891 0.916798020248784 0.09930132096198285 0.09858632213985138
28 0.7607434100574684 0.46740565545799406 0.09782982622365459 0.10009425843752044
28 0.760243610142173 0.37817946435100147 0.0963583314853265 0.10160219473518968
28 0.7507886412886811 0.8341219295046113 0.07155575256024882 0.07734623920022665
28 0.7489923809065118 0.6823138928441222 0.0745897472985769 0.07589286660488845
28 0.7479373860975964 0.7582861158022803 0.0730272472985769 0.07583830290255769
28 0.7504143128577135 0.29006190545799404 0.07155575256024882 0.07734623920022683
28 0.7384651336079348 0.6090946476534457 0.046100726251889414 0.06866071996293321
28 0.7377224099868812 0.5425792702487839 0.046100726251889414 0.06866071996293321
28 0.5860975387566671 0.7349726452911931 0.12237479991529536 0.09315477767481432
28 0.5681042148814998 0.9367906056354792 0.09277830517696728 0.09368056733052796
28 0.5692656255036656 0.8357638189749904 0.0891828683170294 0.1122668762235353
28 0.5651410256730747 0.657420564165667 0.07422572625188942 0.06964286660488846
28 0.5636625546828571 0.5917137186121707 0.0722992052052021 0.06333830290255768
28 0.5653090836926393 0.5258977456540127 0.07404371572854593 0.06651786660488845
28 0.5708346867187635 0.11001728530972647 0.08660389988706037 0.12153274881887363
28 0.5663648075254544 0.3692930815888622 0.08356990514873246 0.12298612141421188
28 0.5682318734375269 0.24005944937487703 0.08062691567207611 0.12600199400955026
28 0.5638761153332577 0.4609721501005165 0.07716871572854575 0.06662699400955034
28 0.3945085492094237 0.8191641399337154 0.10682539462538862 0.12067957694917482
28 0.38925117278812504 0.9305108677011968 0.10279034200867017 0.10494544954451328
28 0.3893898677523321 0.6909572943802191 0.09910389988706055 0.12196925843752063
28 0.38914069681858415 0.5657117577197303 0.09000191567207612 0.1263293762235353