28 0.5119814584007354 0.538349263407042 0.10509629465362344 0.08866360534690845
28 0.5226929032943554 0.7034293707431328 0.10224431043863902 0.09331474267981754
28 0.5167151900554712 0.6181458514083147 0.10702281570031094 0.09493178668045381
28 0.5216400955571393 0.8691543680776327 0.08174979991529555 0.08995338534372692
28 0.5143806033790599 0.7924555080760418 0.07982327886860804 0.08368520401018138
28 0.3588073106504006 0.1347322727164068 0.09664675782192056 0.07763519867918126
28 0.3574653475526907 0.19804079471672498 0.08029371572854575 0.06495338534372679
28 0.36191065287083235 0.2559442013844522 0.08185621572854584 0.06497156667727229
28 0.36557470818897386 0.3138385173854067 0.08185621572854584 0.06497156667727229
28 0.3798738846667423 0.48443282805536114 0.08498121572854575 0.0650079293443632
28 0.3691932608762795 0.3725140833863612 0.08350972099021767 0.06655224801081774
28 0.372948321456093 0.42884589938731565 0.08194722099021767 0.06653406667727216
28 0.38060338480791667 0.6329794160566338 0.06054265785015547 0.047547709341181486
28 0.37703804002723623 0.586812940722452 0.06237817363517095 0.05225339067472703
28 0.40290550610871795 0.8943532680617245 0.06881018415851474 0.05545111600890849
28 0.37347269524655574 0.5406464653882702 0.06559417889684287 0.05385225334181776
28 0.3950390691781929 0.8012299767265881 0.062287168373499215 0.05069089067472703
28 0.4055075903660546 0.9436356527291334 0.06881018415851474 0.05545111600890849
28 0.3962606639588733 0.8473691800604517 0.062287168373499215 0.05069089067472703
28 0.3796408533084728 0.7166186193904973 0.04142863680346807 0.04107953333863605
28 0.3826069586124969 0.7596510040579064 0.04133763154179624 0.03951703333863606
28 0.37423999274277675 0.6751214627227702 0.03637711575678075 0.03477498933799979
28 0.2448449792356613 0.30617946403563473 0.10160727360693614 0.08237724267981754
28 0.2374489791650741 0.2318243540340439 0.10169827886860805 0.08393974267981755
28 0.2538875083160308 0.4462232087046346 0.09839126834526431 0.08077838001272664
28 0.2470907477220999 0.37500218936981644 0.09977175782192065 0.07767156134627218
28 0.22987096857114322 0.16059424403245304 0.09388577886860802 0.08384883601209037
28 0.26123102950389254 0.588592522040089 0.10169827886860805 0.08393974267981755
28 0.2536985215407976 0.5165811620384982 0.09839126834526431 0.08077838001272664
28 0.26673903490673867 0.7356311540419981 0.10169827886860805 0.08393974267981755
28 0.25851628220531564 0.6620482033736345 0.08892526308359247 0.07910679201145392
28 0.2675063324029597 0.870106151376498 0.0777147472985769 0.07429202267663584
28 0.27333212719775757 0.9311527393777705 0.08056673151356133 0.06964088534372692
28 0.26034555076234145 0.80513513204168 0.07624325256024873 0.0758363413430903