28 0.5042260753056278 0.12807925508107193 0.07654256784239592 0.09115384890464333
28 0.5314016497067442 0.2942210806287503 0.0766244549975255 0.09271634890464338
28 0.487182417458283 0.04142048145974423 0.0734994549975255 0.08284096291948846
28 0.5436759203989592 0.3874709754559008 0.07086577792830404 0.10190949247815259
28 0.5145660317734914 0.21358484606815648 0.07234639077317447 0.10039245658477532
28 0.5081113981248645 0.7683943665221277 0.07531426051544958 0.0677163489046432
28 0.49777808570953563 0.7125308114284203 0.07375176051544959 0.06767088479802066
28 0.5254582711465001 0.9285817087628534 0.05426477611928178 0.05306281551854859
28 0.5164827408433468 0.8765789395625234 0.05270227611928178 0.05301735141192552
28 0.5076300412728881 0.8222324203621936 0.05410100180902226 0.04993781551854859
28 0.3989244216421545 0.14284410022479158 0.0734994549975256 0.09262542069139798
28 0.3841426266396802 0.05278740155757509 0.07349945499752568 0.09262542069139798
28 0.40910060379975877 0.23147469121187608 0.07226450361804457 0.09882995658477531