28 0.88203125 0.3375 0.0453125 0.03984375
28 0.9359375 0.3375 0.046875 0.040625
28 0.196875 0.3484375 0.09609375 0.11640625
28 0.75390625 0.3609375 0.0734375 0.09765625
28 0.3703125 0.3640625 0.08046875 0.08046875
28 0.28984375 0.36640625 0.0890625 0.0796875
28 0.82265625 0.3734375 0.0609375 0.078125
28 0.509375 0.37109375 0.06484375 0.0765625
28 0.44609375 0.3734375 0.0609375 0.07421875
28 0.9421875 0.3875 0.04921875 0.04296875
28 0.8859375 0.38828125 0.05078125 0.0453125
28 0.540625 0.5640625 0.03984375 0.071875
28 0.5875 0.565625 0.040625 0.071875
28 0.6390625 0.56640625 0.04453125 0.0734375
28 0.69140625 0.5671875 0.0421875 0.07109375
28 0.7421875 0.5671875 0.04453125 0.07421875
28 0.79375 0.5703125 0.04453125 0.071875
28 0.87109375 0.6703125 0.0453125 0.05546875
28 0.815625 0.671875 0.04453125 0.05546875
28 0.453125 0.72421875 0.084375 0.0890625
28 0.765625 0.7359375 0.05859375 0.078125
28 0.69296875 0.7390625 0.0734375 0.06640625
28 0.60859375 0.7421875 0.0734375 0.06484375
28 0.825 0.74765625 0.04921875 0.0640625
28 0.88359375 0.7484375 0.0484375 0.0625