28 0.8336839251772374 0.8416050875267921 0.09274509263643722 0.13019151878308016
28 0.7604593738444538 0.8191133222037529 0.0958246285298145 0.1287563527754691
28 0.9041100854437942 0.8483763523555397 0.07781877461060631 0.09993101581733085
28 0.8189812645149693 0.6849412520515284 0.08415970282385174 0.10331068380210837
28 0.51773936177026 0.6032177722803025 0.06871655925034226 0.10892401384016441
28 0.23343490643912598 0.5136008794672149 0.09647784639736087 0.0975700197716634
28 0.30973899366528684 0.5346574787826428 0.09335284639736088 0.09744268577927465
28 0.7650833747023837 0.6562140741809191 0.05990384890464338 0.07423067885919252
28 0.07689774993349299 0.47054726334587293 0.09813127461060625 0.10075868676785796
28 0.47013693606429713 0.5763077623944707 0.056915241224511345 0.07879084486680377
28 0.7123986439027137 0.642362479808407 0.05990384890464338 0.07423067885919252
28 0.15940637305303115 0.4902960306460784 0.09647784639736087 0.0975700197716634
28 0.37320210009177757 0.5434859921285156 0.058295884798020656 0.07260451186299796
28 0.42878451035833426 0.5496524204934166 0.05931281551854841 0.05391817885919252