28 0.5538036952147568 0.5626389646902735 0.10785913879807012 0.09589783175849824
28 0.5249541720828436 0.7375199136018145 0.10171823295387128 0.10192957694917482
28 0.5390360373419634 0.6473314232204613 0.10796823295387145 0.10214783175849824
28 0.4859893092593559 0.9097024484482048 0.0813511858759707 0.09809524881887341
28 0.4967961700542487 0.8279985806621898 0.07967959172016936 0.09179068511654273
28 0.4900016627440575 0.09762903438305418 0.09829322402541774 0.08463294954451306
28 0.4740124241081432 0.16273567921091103 0.08245003571381489 0.0715873125212045
28 0.4651226193196047 0.22418161069925677 0.08557503571381489 0.07169643992586623
28 0.45543792776159114 0.286381510336437 0.08557503571381489 0.07169643992586625
28 0.43039919724335174 0.46686761850380504 0.08870003571381488 0.07180556733052797
28 0.4457805097425279 0.34701890997361734 0.08557503571381489 0.07169643992586625
28 0.4361367284929399 0.4068750596107976 0.08245003571381493 0.07158731252120454
28 0.3956405933483177 0.6219990626060226 0.06337275324641087 0.05218254809323426
28 0.4035445965947286 0.5722445992665113 0.06345457386326192 0.05687004809323426
28 0.35717851664568206 0.899732193005909 0.06975912094116259 0.060213302902557685
28 0.4106400763021892 0.5240253540758347 0.06501707386326191 0.05692461179556503
28 0.3714103863690287 0.8009499526245559 0.06186480032431154 0.055252984390903495
28 0.34846598986032085 0.9510218744942549 0.06975912094116259 0.060213302902557685
28 0.3619711566615681 0.8490873522617364 0.06342730032431154 0.05530754809323426
28 0.37615816193657386 0.7080903300292176 0.04292388555165916 0.04366071996293321
28 0.3691035925375388 0.7539658252198942 0.04289661201270878 0.04209821996293321
28 0.3800740945661337 0.6628869574338794 0.03812729139585782 0.037247028855940556
28 0.3334907897743 0.24147325970346484 0.10306254464226869 0.0894841406515056
28 0.3426942402607674 0.16205857821511913 0.10467959172016936 0.09266370435383649
28 0.30980605357401775 0.3891741497219983 0.09837504464226869 0.0893204495445131
28 0.31972257021310924 0.313693000084818 0.10298072402541773 0.08479664065150558
28 0.35106189366933405 0.08574161487560798 0.09527731818121907 0.09077382213985134
28 0.2837366570653099 0.5391369441870355 0.10311709172016936 0.09260914065150558
28 0.2928991972433518 0.46206601269868974 0.09837504464226869 0.0893204495445131
28 0.2552416899397511 0.6937053930985764 0.10311709172016936 0.09260914065150558
28 0.26286900365674326 0.6150173979078998 0.09053527110331831 0.08748513103285874
28 0.22464843466474532 0.8341294964566209 0.07789890340856669 0.07923612141421188
28 0.21567680925935587 0.9002629279449668 0.08409435633066602 0.07632937622353567
28 0.23289335714803544 0.7648437831171098 0.07482845048646736 0.08225199400955034