28 0.9323881981384912 0.7375796578922882 0.09533654671392995 0.21821645407749274
28 0.881334163498755 0.7296822413575254 0.09216608260730723 0.21656302586424747
28 0.8309249865391509 0.7170745927694512 0.08899561850068452 0.2149095976510022
28 0.551004154327555 0.6634484537482884 0.10783654671392995 0.21858016693047427
28 0.49235056835503527 0.6362243756933277 0.0962170851145899 0.19482441818411544
28 0.3783873567556951 0.616083023423472 0.09300115690134439 0.19160848997087002
28 0.43491014139543116 0.6238213155850555 0.09139319279472176 0.19000052586424748
28 0.7883366697669612 0.6776543915949522 0.07012594655564541 0.15659699247815267
28 0.33196098614343944 0.5791202325155298 0.06980769780928667 0.14565949247815269
28 0.16296929374442912 0.548851373977468 0.0887395542357774 0.15245506175762474
28 0.29908865017091985 0.5511459967012946 0.054244882290738164 0.09368781551854859
28 0.2597533655311838 0.5429075993668617 0.05585284639736088 0.09529577962517113
28 0.22108567062489098 0.5307402199791175 0.055761918184115536 0.09217077962517113
28 0.9414292628656167 0.48397728477275004 0.11299540815498546 0.18126202335696498
28 0.8643893897460785 0.4697987759972615 0.1146943004748536 0.1859949874635877
28 0.787326784573229 0.45483901722177283 0.10982494404836292 0.1796085951437197
28 0.7126079294003796 0.4398110622863502 0.1066999440483631 0.17951766693047427
28 0.6403464844940868 0.4286211611909936 0.10495558762187222 0.1732222028238517
28 0.576542397267926 0.4124937075092121 0.08781355172849495 0.17428459765100204
28 0.5223633626281898 0.4046872191876947 0.08781355172849495 0.17428459765100218
28 0.38044263558944347 0.3642477387837359 0.08525084138279597 0.1398641335443795
28 0.31054767273646205 0.3537708915284452 0.08989287727617334 0.13843802586424747
28 0.4367608317493775 0.3649547809453194 0.06462009263643723 0.12833560015828455
28 0.4776358843358023 0.3723664641731297 0.06296666442319179 0.12516513605166182