28 0.3357432510468398 0.6481345356133742 0.09945709897381949 0.11150110226293641
28 0.37465636141982567 0.8562015656676035 0.09963893692972228 0.11931360226293641
28 0.35756174002892294 0.7514004361791082 0.09640483415618065 0.11460792154477702
28 0.395893622153402 0.9495192527304746 0.0945877610179167 0.10096149453905098
28 0.48791746799308944 0.9584367522394952 0.0550524823325695 0.08312157220870695
28 0.4718580165300687 0.8763009631100797 0.058177482332569495 0.08313975292686634
28 0.4581241312714576 0.7949600595192834 0.058286585106111136 0.08782725292686636
28 0.42831261075423555 0.6322646167990716 0.05330814437666671 0.07529998184962743
28 0.44442661360402713 0.7120566559284873 0.05508884992375016 0.08468407220870695
28 0.39519490549149267 0.4437651981811608 0.032377395326597204 0.048619307181592394
28 0.38616605081808997 0.39526861084714326 0.032377395326597204 0.048619307181592394
28 0.41521450513090236 0.5571782583878153 0.05160017401194454 0.06904089149054773
28 0.37711901234909695 0.34755327351312576 0.03393989532659729 0.04862839754067192
28 0.4041873925737149 0.4938242855151783 0.032377395326597204 0.048619307181592394
28 0.4106393739563538 0.38447201141287735 0.04197060087368065 0.05804884933607006
28 0.40090200446531227 0.33284587889932005 0.040262630508958355 0.05178975897699045
28 0.42199379483416627 0.43376348428551437 0.042116071238402955 0.06429884933607007
28 0.43169479673402744 0.48695211679907163 0.03237739532659738 0.048619307181592394
28 0.45845601206475645 0.5457094932625047 0.06435474715020853 0.0800511143631848
28 0.5342839749269437 0.946986167832344 0.07078658510611113 0.08789997579950323
28 0.5198052072595132 0.864078219062008 0.06907861474138884 0.08164088544042372
28 0.47464275009690926 0.6223765323919203 0.06435474715020853 0.0800511143631848
28 0.5067252854317702 0.7882106106507516 0.06766158510611113 0.08788179508134383
28 0.4914834515599299 0.7045168667008758 0.06606271751493047 0.08631020472226432
28 0.38873257883784706 0.15071918012898405 0.05788654160312508 0.07063975292686626
28 0.40061367657739566 0.21095269818116077 0.06101154160312507 0.07065793364502548
28 0.412476590521354 0.2719674662333375 0.057741071238402775 0.06438975292686618
28 0.3792134148938889 0.08971804761542672 0.056251306420763925 0.0675056625677866
28 0.4411990429343053 0.38074302341492994 0.03710126291777769 0.05020907825883114
28 0.450881861038576 0.43471290592848727 0.03553876291777787 0.05019998789975162
28 0.4314980410344441 0.32755439090137256 0.03713763050895835 0.05177157825883114
28 0.46225446571197876 0.48322312880112417 0.033867160144236054 0.04550339754067192