28 0.15393399117711354 0.7484375 0.060070019771663485 0.09375
28 0.1514721774506798 0.84140625 0.06144151878308031 0.0890625
28 0.15807636862998092 0.5625 0.05656301779449713 0.084375
28 0.15558272140545001 0.6546875 0.05487318380210837 0.08125
28 0.1608246838392894 0.4765625 0.05818918479069155 0.0859375
28 0.1633355771094876 0.365625 0.05538251977166349 0.09375
28 0.9475341635733343 0.38046875 0.09556185079830257 0.0828125
28 0.9436637001509117 0.55390625 0.09537084980971962 0.078125
28 0.9348829022418087 0.721875 0.09387201680591417 0.0796875
28 0.9425057653602202 0.46796875 0.09387201680591381 0.0796875
28 0.9393210514435062 0.6390625 0.09562551779449713 0.084375
28 0.9339969511023138 0.16328125 0.052419345855386726 0.059375
28 0.9375092702659551 0.09609375 0.04923067885919252 0.0578125
28 0.9393463428896374 0.0453125 0.046713173916276676 0.034375
28 0.844555107718385 0.115625 0.050856845855386724 0.059375
28 0.8422551200756747 0.17421875 0.04916701186299797 0.05625
28 0.846632260874415 0.0515625 0.05404551285158092 0.0609375
28 0.7964424847513228 0.71796875 0.09068334980971962 0.078125
28 0.7956028849416033 0.63984375 0.09055601581733086 0.075
28 0.7976986482502951 0.3078125 0.06718218281352506 0.0765625
28 0.7990436309500895 0.22578125 0.06373884783255335 0.06875
28 0.7935682692773719 0.09140625 0.050793178859192524 0.0578125
28 0.793994033611828 0.159375 0.04929434585538672 0.059375
28 0.7961547584029569 0.03984375 0.04865767589344294 0.04375
28 0.6994415148659285 0.465625 0.04591467787060921 0.053125
28 0.7016141685162502 0.40390625 0.045787343878220456 0.05
28 0.7037868221665718 0.3421875 0.04741351087441501 0.0515625
28 0.6830565336118279 0.159375 0.02710101087441501 0.0515625
28 0.6796052228511438 0.26640625 0.02997134288963732 0.0453125
28 0.6813786284786316 0.2140625 0.030098676882026255 0.0484375
28 0.6567062337255587 0.31796875 0.0461693458553869 0.059375
28 0.6419552560058611 0.81875 0.04916701186299814 0.05625
28 0.6403410178688592 0.875 0.04923067885919252 0.0578125
28 0.6387267797318573 0.93125 0.04916701186299814 0.05625
28 0.6525200939154016 0.4453125 0.046042011862998146 0.05625
28 0.6522216635733343 0.38046875 0.04610567885919252 0.0578125
28 0.6537364481365644 0.14921875 0.026846342889637498 0.0453125
28 0.6504443048663662 0.26015625 0.03022601087441501 0.0515625
28 0.652026709505271 0.203125 0.026973676882026253 0.0484375
28 0.5482517465771399 0.37890625 0.08070085475263547 0.1015625
28 0.5558308473382617 0.06640625 0.07939302273741297 0.1078125
28 0.5431742688202614 0.484375 0.08070085475263547 0.1015625
28 0.5478923078321157 0.27421875 0.07464185574121877 0.10625
28 0.5528106180985083 0.16484375 0.07901102076024671 0.0984375
28 0.53812862456148 0.590625 0.07588602076024671 0.0984375
28 0.42242271151961824 0.6078125 0.07276102076024667 0.0984375
28 0.423162857755566 0.5109375 0.07419618676785796 0.0953125
28 0.43331386018984286 0.12734375 0.06957235376405232 0.096875
28 0.42824033551244456 0.40546875 0.07263368676785795 0.0953125
28 0.42751348224268393 0.3109375 0.06319501977166357 0.09375
28 0.4366524244105682 0.03671875 0.0701798488211363 0.0734375
28 0.4307565459691176 0.21796875 0.06632001977166357 0.09375