28 0.4453125 0.05930065516429391 0.034375 0.03870040145127882
28 0.4390625 0.09970740035497049 0.0375 0.04193452885594053
28 0.4296875 0.13531751814098536 0.034375 0.03557540145127884
28 0.45078125 0.17042912812245192 0.0640625 0.05536211179556512
28 0.43828125 0.22233636850380503 0.0609375 0.053690484390903334
28 0.48828125 0.03892615697839245 0.0453125 0.04533234736759482
28 0.47890625 0.0854737747644073 0.0421875 0.0452232199629331
28 0.46796875 0.1288418288480913 0.040625 0.04204365626060227
28 0.56171875 0.11024065098794267 0.0578125 0.06451885698624164
28 0.57421875 0.05130216060658952 0.0546875 0.06284722958157996
28 0.54609375 0.1768825139646341 0.0578125 0.06764385698624165
28 0.53359375 0.23660225434598728 0.0578125 0.06764385698624169
28 0.5203125 0.297075962876175 0.05625 0.06290179328391084
28 0.50625 0.36064738955519726 0.05625 0.06290179328391084
28 0.49296875 0.417214848085385 0.05625 0.06290179328391084
28 0.46484375 0.5420139514434296 0.059375 0.06926092068857255
28 0.47734375 0.4815129610620764 0.05625 0.06290179328391084
28 0.56640625 0.43618559209493524 0.071875 0.0884474303072194
28 0.60078125 0.28582349354621406 0.0671875 0.08672123920022683
28 0.58828125 0.3619494839275672 0.065625 0.08822917549789588
28 0.62421875 0.2155481990811769 0.053125 0.07685516587924912
28 0.65390625 0.08767865942546317 0.05 0.06737103847458739
28 0.6390625 0.15200405425332003 0.0515625 0.07211310217691827
28 0.7171875 0.12660723936986282 0.065625 0.08041667549789597
28 0.68203125 0.26756705606741854 0.0703125 0.08526786660488846
28 0.6984375 0.19860872494189255 0.0671875 0.08203373920022683
28 0.64921875 0.4132962183184706 0.0703125 0.0837053666048885
28 0.66640625 0.34045891904410996 0.071875 0.0884474303072194