28 0.18203125 0.7828125 0.0765625 0.040625
28 0.34453125 0.78359375 0.0640625 0.0421875
28 0.49609375 0.7828125 0.0640625 0.03828125
28 0.26796875 0.7859375 0.0640625 0.040625
28 0.4375 0.49375 0.08203125 0.06875
28 0.35 0.4953125 0.08203125 0.06875
28 0.521875 0.4953125 0.08515625 0.06875
28 0.1234375 0.5078125 0.04296875 0.03984375
28 0.17734375 0.5078125 0.0453125 0.03828125
28 0.2828125 0.50859375 0.04296875 0.0359375
28 0.23046875 0.509375 0.0484375 0.03828125
28 0.33984375 0.5859375 0.0796875 0.05859375
28 0.2546875 0.5875 0.08046875 0.05625
28 0.42109375 0.5875 0.0796875 0.05546875
28 0.1671875 0.5890625 0.08515625 0.053125
28 0.50703125 0.5890625 0.0796875 0.05546875
28 0.2234375 0.68125 0.06484375 0.04296875
28 0.3015625 0.68125 0.05859375 0.04296875
28 0.45 0.68125 0.0625 0.040625
28 0.6078125 0.68125 0.06484375 0.03828125
28 0.375 0.68125 0.0625 0.04296875
28 0.525 0.68125 0.06484375 0.03984375
28 0.15 0.68203125 0.0625 0.0453125
28 0.56953125 0.7703125 0.0640625 0.03828125
28 0.4203125 0.78203125 0.0625 0.0421875