28 0.43018486534514333 0.6036050914439436 0.05030907220870695 0.05516234387822046
28 0.4189655642136752 0.6515969224705829 0.05190793364502557 0.06147601087441501
28 0.4437979134515494 0.5471150109115961 0.0519079336450254 0.06147601087441501
28 0.4566115308397962 0.4937180968811511 0.05189884328594587 0.05991351087441501
28 0.3306166574014252 0.5253116536875027 0.05188975292686617 0.05835101087441501
28 0.28170593784843795 0.7389948103035737 0.05188975292686617 0.05835101087441501
28 0.3065564678044714 0.6313878987445867 0.0519170240041051 0.063038510874415
28 0.2689150463578902 0.7884854743340185 0.05029998184962743 0.053599843878220456
28 0.2576639289696434 0.8419460553606577 0.05030907220870695 0.05516234387822081
28 0.29374739559576435 0.6840035627750316 0.05189884328594587 0.05991351087441501
28 0.3178030400131784 0.5787085677179474 0.051862481849627426 0.05366351087441501
28 0.3418586844305924 0.4734135726608633 0.050281801131468205 0.05047484387822045
28 0.3562575277165382 0.4161740756266129 0.05029998184962743 0.0535998438782205
28 0.3667092143866258 0.3658066611018764 0.05030907220870695 0.05516234387822054
28 0.37953646731349205 0.31006599707143156 0.05030907220870695 0.05516234387822046
28 0.3845375847017389 0.2563507480600147 0.03624657220870704 0.05458934091247105
28 0.3965472261922866 0.20682825053147263 0.034656801131468115 0.04983817391627658
28 0.4054000514260558 0.1626471690105418 0.036246572208706994 0.05458934091247101
28 0.4166329880961433 0.11231158798390253 0.029942030054229286 0.04495967292769345