28 0.9326163975107988 0.41981883848034907 0.13476720497840233 0.10234552434972924
28 0.9589398953265974 0.1301563206234416 0.08212020934680524 0.10147277110331836
28 0.9506559230620141 0.22406996185714365 0.09868815387597181 0.10180005357072242
28 0.9416270683886111 0.32112223986032085 0.11674586322277776 0.1021546095770769
28 0.915599083774931 0.5201733944867035 0.13979115824437544 0.10083757142762995
28 0.8944891096104867 0.6205824975709586 0.13517639342673604 0.1038807508107789
28 0.8008911120790285 0.9645427776027308 0.08226829255305575 0.04516822402541791
28 0.8075962540840627 0.07734674067109974 0.1413172906531944 0.09930234496658023
28 0.7893203391901737 0.16520129667745417 0.1352127610179167 0.1054432508107789
28 0.7712262622521877 0.2608683526838086 0.13514002583555573 0.1023182508107789
28 0.7365278731938545 0.4490501911575671 0.1351763934267364 0.1038807508107789
28 0.75614808254066 0.3517933616122623 0.1336138934267362 0.10385347727182861
28 0.7191423110735075 0.5415786103944462 0.13201502583555574 0.10226370373287814
28 0.6820638044239937 0.7282388591766303 0.13514002583555573 0.1023182508107789
28 0.7024288961796186 0.6294058928618504 0.1336138934267362 0.10385347727182861
28 0.6294518699628133 0.952685480117793 0.10952177678548622 0.07531937418757337
28 0.656574801574202 0.8084036461082613 0.11279224715020852 0.08162392126547395
28 0.643422144564098 0.8813189947282896 0.11282861474138883 0.0831864212654743
28 0.5750292883720838 0.5620701627473528 0.05312630642076392 0.06808752678536116
28 0.5609135434060769 0.6271866481368562 0.049892203647222286 0.06334547970746059
28 0.651764481382639 0.09804284456613374 0.12609233415618065 0.11621710957707684
28 0.6315448599917363 0.20312581088091367 0.12463893692972228 0.12087733603812652
28 0.6127604520317016 0.3027127536567432 0.12129573138263901 0.11144778896022575
28 0.510354418215452 0.8390923587695933 0.12805487765916687 0.13343188311602736
28 0.4884995616421882 0.9410775986233235 0.11955139342673604 0.10360801542127547
28 0.5836743237069448 0.3962269744357501 0.10225479065319458 0.09862050649282175
28 0.5284842095342367 0.7113804159937637 0.11871624525034737 0.1348307418823252
28 0.5677057912218755 0.48247812013367897 0.10061955547083343 0.09546823295387145
28 0.5318241490294102 0.5526639350684871 0.05312630642076392 0.06808752678536116
28 0.5185078378589936 0.6185480336885154 0.05152743882958326 0.06649775324641087
28 0.45049618816399334 0.28209806493810347 0.12013327488562506 0.12860801542127548
28 0.3479265001874312 0.8114464200509535 0.09367857123840277 0.06567163879807011
28 0.3358999320831605 0.8655844951320313 0.09367857123840277 0.06567163879807011
28 0.3262898491612508 0.9228066599046837 0.09687630642076392 0.0688511858759707
28 0.35604681829170204 0.7573765288172514 0.09364220364722228 0.06410913879807012
28 0.3630767618709381 0.6900390243530246 0.09593205547083343 0.09538641233702042
28 0.38049869158246585 0.5990731051161452 0.09916615824437507 0.10012845941492117
28 0.42404475056868085 0.38807137540868475 0.10116506933854179 0.11890573295387145
28 0.39741147501746565 0.486232185879266 0.08841049620027785 0.1077500446422686
28 0.4535101257593057 0.17653385755177725 0.08368662860909737 0.1061057240254177
28 0.4742746078075347 0.06128100446752216 0.08554006933854161 0.11863299756436803
28 0.877744552808473 0.975706374194164 0.08793641109416654 0.020277318181219074