28 0.05625 0.43828125 0.10234375 0.0765625
28 0.15859375 0.4421875 0.0953125 0.06484375
28 0.3453125 0.4453125 0.09140625 0.053125
28 0.43359375 0.44765625 0.0765625 0.0515625
28 0.2546875 0.446875 0.08671875 0.05078125
28 0.8140625 0.540625 0.05390625 0.05390625
28 0.30859375 0.5421875 0.0765625 0.07578125
28 0.7578125 0.54140625 0.05390625 0.0515625
28 0.225 0.5453125 0.07578125 0.07578125
28 0.4515625 0.54765625 0.0625 0.0578125
28 0.86875 0.54609375 0.040625 0.0421875
28 0.3859375 0.54921875 0.06484375 0.0578125
28 0.6171875 0.5515625 0.046875 0.04453125
28 0.56640625 0.55234375 0.0484375 0.0421875
28 0.515625 0.55390625 0.046875 0.0421875
28 0.70703125 0.5546875 0.0359375 0.02265625
28 0.6671875 0.55625 0.0375 0.02421875
28 0.1515625 0.56015625 0.04453125 0.0484375
28 0.0453125 0.5640625 0.04296875 0.04921875
28 0.09921875 0.56328125 0.0484375 0.0484375