28 0.5030054912935726 0.023050980068405943 0.06273901741285463 0.03508407200827234
28 0.5690808706467865 0.015220846077314627 0.06496325870642713 0.01793293467536323
28 0.03426213534610744 0.12464601133831796 0.06852427069221488 0.061792022676635916
28 0.3912491197422752 0.037385105386679364 0.09850609905006032 0.062046561346272136
28 0.11268702849413101 0.10215394068268109 0.09850609905006032 0.062046561346272136
28 0.1990306422435124 0.08048857336090783 0.09044793758467104 0.057268154678544916
28 0.2908430059928938 0.05888684070654362 0.09201043758467105 0.05728633601209034
28 0.45030213591193435 0.2530470153962244 0.12883540818602893 0.1342306440165447
28 0.5636176854369646 0.22387823074472366 0.1310596494796016 0.1170795066836356
28 0.8052563087972843 0.16258838411040402 0.14577724672063966 0.1297431386855446
28 0.8932033661242306 0.1401599481221762 0.07267393939369349 0.10546929734245411
28 0.6842510900049488 0.1893225120941775 0.1455315852552504 0.1250556386855446
28 0.36066642582602604 0.26294817938413406 0.10524077792830422 0.10116360534690845
28 0.27765252996446904 0.28074365937299817 0.10055327792830412 0.10110906134627218
28 0.1911008763009959 0.2914624360279987 0.09003185775648763 0.07912497334499946
28 0.11766669832726326 0.30546075401813555 0.0806568577564876 0.07901588534372675
28 0.014095720262673573 0.33775453866963623 0.028191440525347146 0.0817590773392725
28 0.05118188319840087 0.3211033880092269 0.0806568577564876 0.07901588534372675