28 0.2984375 0.32239674593951495 0.065625 0.07458298863591431
28 0.2671875 0.4468512751605081 0.0625 0.06202844155801372
28 0.28203125 0.3861728737805364 0.0625 0.06671594155801355
28 0.3640625 0.12119848457542921 0.034375 0.04591251785690749
28 0.3765625 0.07610417288703193 0.0328125 0.03807274431795715
28 0.3859375 0.03408031412073398 0.03125 0.03648297077900679
28 0.334375 0.26677403733537275 0.0484375 0.047720479707460586
28 0.34609375 0.2216660888775003 0.053125 0.05248980032431154
28 0.359375 0.1711166639585782 0.0484375 0.04772047970746054
28 0.39609375 0.11082009212391117 0.0328125 0.04276024431795714
28 0.4203125 0.022961581977641456 0.03125 0.031795470779006796
28 0.4078125 0.06727464366603873 0.0328125 0.04276024431795713
28 0.27890625 0.6064308267026357 0.1078125 0.09719437418757337
28 0.2984375 0.528646745939515 0.1078125 0.09719437418757337
28 0.32734375 0.4588388064100962 0.078125 0.07792617694751698
28 0.3609375 0.3219251874975285 0.078125 0.07792617694751698
28 0.3453125 0.38883995210802513 0.0796875 0.08107845048646727
28 0.26953125 0.7265796854689336 0.0640625 0.058930715096963834
28 0.28125 0.6767842370110613 0.0609375 0.05262616801906326
28 0.41171875 0.16031157751341457 0.0625 0.05421594155801359
28 0.38671875 0.2645627008902091 0.0609375 0.05887616801906326
28 0.40078125 0.21090191274076223 0.0625 0.06046594155801357
28 0.43125 0.12002749675029382 0.0375 0.038154564934808156
28 0.4421875 0.0749059115229462 0.0390625 0.04443183847375849
28 0.453125 0.03134682629559859 0.040625 0.04758411201270883
28 0.49140625 0.12732752799988192 0.0515625 0.04777502678536125
28 0.5015625 0.08375480600305914 0.0515625 0.047775026785361205
28 0.51328125 0.03708435754518668 0.0515625 0.04777502678536122
28 0.43125 0.5145587467502939 0.09375 0.10319891233702042
28 0.41015625 0.5993468039744643 0.0953125 0.1047886858759707
28 0.33203125 0.9198581270269471 0.0875 0.09527731818121907
28 0.35390625 0.831177456572252 0.0921875 0.10317163879807012
28 0.47734375 0.3466133161493289 0.0796875 0.09514095048646735
28 0.459375 0.42911217045139993 0.0828125 0.09207049756436803
28 0.50078125 0.26889741923358396 0.0671875 0.0761727621748646
28 0.4 0.6827632759712869 0.0765625 0.09039890340856652
28 0.3796875 0.7581899699649326 0.075 0.08880912986961623
28 0.5234375 0.18960538554836387 0.071875 0.09500458279171564
28 0.55234375 0.07604744601894518 0.0515625 0.05090002678536123
28 0.565625 0.03096677110002307 0.05625 0.04316934740221223
28 0.54375 0.12433494155471832 0.05625 0.04941934740221225
28 0.7921875 0.5786714342478223 0.06875 0.08088753571381488
28 0.8109375 0.5086862167152264 0.0671875 0.08242276217486459
28 0.7 0.9528435454497522 0.075 0.08880912986961605
28 0.7203125 0.8750731014561067 0.075 0.0841216298696164
28 0.76015625 0.7257685766993405 0.075 0.0888091298696164
28 0.78203125 0.6527129062446452 0.059375 0.0822863944801128
28 0.74453125 0.802058341309837 0.0734375 0.08878185633066593