28 0.18395746285298145 0.015704640826664947 0.1460399257059629 0.02753643912238162
28 0.16409124373179385 0.05752394805083536 0.15005748746358769 0.11193871266133196
28 0.07944373990436314 0.5565733283274887 0.1304269490629279 0.13502165665497756
28 0.10877222406924554 0.3837358461843962 0.13594952335696503 0.1101307508107789
28 0.09394885761362495 0.4646858372559425 0.13291545157021037 0.11320120373287815
28 0.07157506710139412 0.6618511635548364 0.10841555674305985 0.1299523271096728
28 0.3106242290838105 0.34353140624794043 0.08458560015828454 0.06238299756436803
28 0.3034853304957362 0.3933814017837136 0.08614810015828453 0.062410271103318316
28 0.4117140529821362 0.16804225689656355 0.12906302586424748 0.08814665665497756
28 0.3980212775136001 0.23417577150706018 0.1275459899708701 0.08968188311602718
28 0.39219247783016925 0.3558871302733581 0.09101745658477531 0.06874209172016936
28 0.3821104356685857 0.41193257873123057 0.08936402837152987 0.06558981818121908
28 0.36100597697223946 0.5185410888775003 0.08968227711788872 0.07652731818121908
28 0.3487393091838353 0.5800143770269472 0.0896368130112661 0.07496481818121907
28 0.3365181055020539 0.6430501651763942 0.08490384890464338 0.07332049756436802
28 0.33815481334047043 0.6993001651763942 0.05636967194503919 0.05876707386326192
28 0.5973118868430847 0.37430371387585265 0.10976745658477541 0.06906937418757338
28 0.5900138638818311 0.4186849594116258 0.11445495658477522 0.06915119480442442
28 0.5797045011871342 0.46691790786949827 0.1144549565847754 0.06915119480442442
28 0.6479387094877691 0.20886567450858973 0.106125631037097 0.10492505357072242
28 0.6273427161516867 0.3061128214243346 0.10290970282385156 0.10174550649282174
28 0.667844381037097 0.11472989082336967 0.10313702335696498 0.10955800649282174