28 0.80078125 0.665625 0.0421875 0.05078125
28 0.85546875 0.665625 0.0484375 0.046875
28 0.1203125 0.071875 0.06640625 0.084375
28 0.2640625 0.0734375 0.06484375 0.08046875
28 0.190625 0.075 0.06875 0.08046875
28 0.33515625 0.0765625 0.0640625 0.08046875
28 0.540625 0.078125 0.06640625 0.078125
28 0.684375 0.07890625 0.06484375 0.0765625
28 0.8265625 0.07890625 0.06875 0.0796875
28 0.47109375 0.078125 0.0671875 0.078125
28 0.7546875 0.08046875 0.06953125 0.0765625
28 0.4015625 0.0796875 0.06640625 0.08046875
28 0.6140625 0.0796875 0.0625 0.06953125
28 0.896875 0.08046875 0.06640625 0.0796875
28 0.6609375 0.93359375 0.05859375 0.0640625
28 0.73203125 0.934375 0.0609375 0.06015625
28 0.79453125 0.9359375 0.0578125 0.05625
28 0.8578125 0.94375 0.05859375 0.05390625
28 0.8609375 0.36875 0.06484375 0.04453125
28 0.4515625 0.40078125 0.05859375 0.0765625
28 0.515625 0.4046875 0.06484375 0.07109375
28 0.79453125 0.40625 0.0640625 0.07109375
28 0.725 0.4078125 0.06640625 0.06484375
28 0.5828125 0.4078125 0.06484375 0.06875
28 0.65078125 0.4078125 0.0640625 0.06640625
28 0.865625 0.4171875 0.0625 0.05390625
28 0.184375 0.5125 0.04453125 0.0625
28 0.1375 0.51328125 0.04296875 0.0640625
28 0.2390625 0.5140625 0.046875 0.0625
28 0.28125 0.52265625 0.03125 0.0484375
28 0.3515625 0.525 0.02890625 0.046875
28 0.31953125 0.52421875 0.0296875 0.0484375
28 0.39296875 0.52578125 0.0359375 0.0484375
28 0.43203125 0.52734375 0.0328125 0.0484375
28 0.4734375 0.52734375 0.03359375 0.0484375
28 0.59296875 0.5296875 0.0359375 0.04296875
28 0.5140625 0.5296875 0.03359375 0.046875
28 0.5515625 0.52890625 0.03359375 0.0453125
28 0.6359375 0.53046875 0.03359375 0.0453125
28 0.6734375 0.5296875 0.03515625 0.04921875
28 0.7078125 0.5390625 0.03125 0.03125
28 0.74609375 0.54296875 0.0328125 0.0328125
28 0.7859375 0.5421875 0.03359375 0.03359375
28 0.81953125 0.54453125 0.0296875 0.0296875