28 0.6344303106922577 0.9929812444559794 0.0433148953265972 0.014037511088041299
28 0.6696774796702092 0.9978885523343699 0.044695557370694416 0.00422289533126019
28 0.6030712079187162 0.9873836918392609 0.043533100873680654 0.02523261632147822
28 0.7117765674386807 0.2115378835373476 0.03833645459715278 0.03812162628012439
28 0.8686266326931598 0.24641965970453256 0.038372822188333086 0.03968412628012441
28 0.644279942913646 0.19434340728545813 0.03837282218833345 0.03968412628012437
28 0.7532737364166321 0.21785577297165162 0.043060322188333444 0.039957142065139964
28 0.6795271118915973 0.2002972756730747 0.03837282218833345 0.03968412628012441
28 0.7932811405769445 0.22720765714428381 0.044622822188333446 0.04004814732681172
28 0.8301089933504862 0.23403378079357223 0.03997168977951375 0.04133763154179624
28 0.7836145466371182 0.1806133782050886 0.04476829255305574 0.04629814732681177
28 0.7483310100679862 0.173097009817472 0.040080792553055564 0.04602513154179624
28 0.6463139151782292 0.1476504178088018 0.03840918977951393 0.04124662628012436
28 0.8196793332062502 0.18817524922354115 0.04484102773541672 0.049423147326811766
28 0.715373039703264 0.16493589932236316 0.04160692496187508 0.044553636803468064
28 0.8895015239356946 0.2047249833679384 0.03855466014423605 0.04749662628012439
28 0.6799985841561806 0.15351328093474656 0.04476829255305557 0.04629814732681177
28 0.8541270683886111 0.19330236498032183 0.04160692496187508 0.044553636803468064
28 0.6592126522604514 0.09846946516384845 0.04622168977951393 0.041701652588483615
28 0.6999649388295834 0.10630435196731654 0.03677395459715278 0.03803062101845254
28 0.7415348429898959 0.11574724140162054 0.043060322188333444 0.039957142065139936
28 0.8215314675149307 0.13366975974688483 0.03833645459715278 0.03812162628012437
28 0.9038354744487848 0.15016628598465692 0.04298758700597247 0.03683214206513989
28 0.7830683795590279 0.12362763083592454 0.03993532218833344 0.03977513154179624
28 0.8614843202884723 0.140677893919517 0.043060322188333444 0.039957142065139936
28 0.12439742799909788 0.7858758577936857 0.03891833605604171 0.06312162628012423
28 0.1593893706284034 0.7473439788121382 0.05196384992375007 0.08728716837349922
28 0.20250359099312565 0.7560966235081141 0.051854747150208366 0.08259966837349922
28 0.2432376937666673 0.7631502603115822 0.050401349923750074 0.08719616311182747
28 0.12617682712541728 0.7282453683170294 0.043605836056041715 0.06339464206513981
28 0.44536193179882 0.6984639469597586 0.07867182028847228 0.09508425782192056
28 0.5080983211414936 0.7122604074266324 0.07398432028847228 0.09481124203690498
28 0.609225063257709 0.7329739968044666 0.05657861474138901 0.08443518415851478
28 0.380190873478195 0.6806247286003767 0.072203614741389 0.08534523677523324
28 0.703375106760695 0.7556218125047777 0.05977634992375016 0.08774219468185844
28 0.655518835009202 0.7442524020237863 0.05977634992375016 0.08774219468185844
28 0.7982882164680909 0.7775338808359245 0.061266114741388836 0.08470819994353018
28 0.5621318577106257 0.7208688389543113 0.05821384992375016 0.08765118942018653
28 0.751158643329827 0.763866222985769 0.05657861474138883 0.08443518415851478
28 0.5257741707809032 0.6001622258283665 0.0392820119678472 0.07874662628012441
28 0.5570969059632643 0.6051073310618035 0.03924564437666671 0.07718412628012442
28 0.49668608282500043 0.5906661284874373 0.03761040919430556 0.07396812101845249
28 0.3240837310013894 0.5494055497035338 0.07205814437666672 0.07909523677523325
28 0.5923258911456255 0.61027994944942 0.05494337955902786 0.08121917889684287
28 0.43778320829996575 0.5739721811747429 0.039136541603125075 0.0724966262801244
28 0.26443597406753516 0.5342285997600037 0.07205814437666672 0.07909523677523325
28 0.3875831865484726 0.5624662628012438 0.06889677678548622 0.0773507262518894
28 0.6417264791015282 0.6209591151920832 0.059594511967847194 0.07992969468185826
28 0.4683610610735075 0.580434283777344 0.039100174011944586 0.07093412628012441
28 0.6903276332618408 0.6308115283039106 0.05650587955902786 0.08131018415851479
28 0.7027893060395143 0.5293323282897932 0.06417290919430556 0.07551521046687384
28 0.7607472764042364 0.5389495229716517 0.07340243882958326 0.06981124203690499
28 0.6603472329012504 0.5159376862246533 0.04662173328249999 0.05888915258848364
28 0.6234648287409379 0.5067678125753649 0.0434603656913195 0.057144642065139986
28 0.5097289838511809 0.48063868110415575 0.041752395326597205 0.05080363680346807
28 0.5842568583762157 0.4982426810335686 0.04662173328249999 0.05888915258848364
28 0.8258092319513199 0.5521012413310334 0.07347517401194432 0.07293624203690499
28 0.5457574028291323 0.4866380521226083 0.04182513050895835 0.053928636803468065
28 0.6106719283803475 0.3928950283744978 0.04349673328249999 0.05870714206513998
28 0.5729719066288544 0.3821171520943734 0.04665810087368065 0.06045165258848364
28 0.6498798987450698 0.40142015991629404 0.04346036569131932 0.057144642065139986
28 0.7259339056789239 0.41755266510737876 0.045095600873680655 0.06036064732681172
28 0.6890515015186114 0.4083827914580903 0.04825696846486114 0.062105157850155426
28 0.762725390861285 0.4228162887566672 0.04662173328249999 0.05888915258848364
28 0.8042952950215975 0.43225917819097115 0.04662173328249999 0.05888915258848364
28 0.8419589491819099 0.4414745544710955 0.04033536569131968 0.05696263154179633
28 0.5270937493344099 0.2546145073983975 0.05788654160312508 0.07358868942018652
28 0.582762521085903 0.2664389441877482 0.057813806420763926 0.07046368942018652
28 0.8431739974345488 0.32607706762527516 0.06264677678548622 0.0769867052052021
28 0.7945182918874656 0.31388090451344786 0.05785017401194459 0.07202618942018653
28 0.6352881090418058 0.2773001204537552 0.06101154160312507 0.07377069994353028
28 0.7411205349536113 0.299067975616605 0.057813806420763926 0.07046368942018652
28 0.687777329406528 0.28659879671976213 0.057741071238402955 0.06733868942018653
28 0.5718393917143063 0.9873003918533783 0.04037173328249999 0.025399216293243397