28 0.7727011144483408 0.05568790178041829 0.03409435633066593 0.07401024431795715
28 0.7344062276788657 0.05580095007613496 0.0341216298696164 0.07557274431795713
28 0.6929863409093905 0.05585945129395096 0.0341216298696164 0.07557274431795716
28 0.6570215673704402 0.056794659898093125 0.030996629869616397 0.07551819724005646
28 0.6477578413164276 0.2293418157422918 0.056078450486467445 0.08064207386326191
28 0.5931248883943283 0.2252622418790299 0.04961026217486477 0.06803297970746056
28 0.5368203413164275 0.22740539447681765 0.05117276217486459 0.06806025324641088
28 0.9348702832814784 0.34610617044810466 0.07312958279171582 0.07312958279171564
28 0.8591026700509534 0.34400215380901317 0.07153980925276535 0.07153980925276526
28 0.7848293729730528 0.34583166070887206 0.07156708279171564 0.07310230925276535
28 0.7105424391256768 0.3484424176087309 0.06841480925276536 0.07148526217486459
28 0.24001175081407417 0.35273308238467854 0.06189207386326192 0.055751168019063255
28 0.3150117508140742 0.3540422122542949 0.06825116801906325 0.062110262174864594
28 0.38769527435302453 0.35374793181548564 0.06825116801906325 0.062110262174864594
28 0.17352368019722317 0.3562614569792891 0.0652079886359143 0.06674321509696393
28 0.5087617508140742 0.357424131084137 0.05095457386326192 0.055560253246410875
28 0.10861174634984731 0.35903585511284997 0.06518071509696392 0.06518071509696392
28 0.4524708405056487 0.3587860336819248 0.05407957386326192 0.05561480032431163
28 0.6392305008140742 0.3597014715864904 0.06490797970746058 0.04955571509696401
28 0.5704532272751239 0.3600639358726755 0.06493525324641088 0.051118215096963925
28 0.837387762585197 0.6030771448805595 0.058712526785361166 0.052571620941162675
28 0.6497786684293956 0.6060543202065187 0.03985343262955983 0.045994338473758486
28 0.9147315125851969 0.6044271850586013 0.06498980032431163 0.05424321509696384
28 0.7404445787378211 0.6052924354656384 0.036782979707460584 0.04906479139585791
28 0.6083587816599205 0.6061128214243346 0.036728432629559826 0.04593979139585791
28 0.6919525316599204 0.6075719557581778 0.035138659090609536 0.04435001785690744
28 0.7826048051988709 0.6075913210172976 0.03826365909060954 0.04440456493480802
28 0.6500184017903041 0.681862843745469 0.0287795649348082 0.03799092370110611
28 0.6882996517903042 0.6825310454497523 0.0287795649348082 0.03799092370110611
28 0.7297195385597793 0.6824725442319364 0.0319045649348082 0.038045470779006864
28 0.7711257885597794 0.6831952930141203 0.028752291395857908 0.036428423701106105
28 0.8792013413197228 0.7147783039711689 0.031659103084255236 0.023982970779006862
28 0.8135490677807725 0.7151953153352547 0.026998876623205346 0.025463650162155814
28 0.8455803177807726 0.7157544228837367 0.03171365016215581 0.02710797077900686
28 0.9205803177807725 0.717063552753353 0.037881829545304765 0.022529564934808198
28 0.6551910970017657 0.7436906879012704 0.03511138555165907 0.042787517856907445
28 0.6981462102322905 0.7452219602224046 0.03670115909060954 0.04437729139585791
28 0.7410876866933402 0.747534482543539 0.035138659090609536 0.04435001785690744
28 0.7848376866933402 0.7482981416341485 0.03508411201270896 0.041225017856907444
28 0.8972558660764893 0.7549493364385731 0.034811376623205346 0.025600017856907444
28 0.8269024557680638 0.7560657771858077 0.034811376623205346 0.025600017856907444
28 0.8589337057680637 0.7566248847342897 0.028534103084255236 0.023928423701106104
28 0.9347149557680637 0.7579476513733813 0.03478410308425524 0.024037517856907442