28 0.1953125 0.4960226666931806 0.0875 0.071330654678545
28 0.109375 0.4887726933481812 0.08125 0.07438292934436319
28 0.55234375 0.5384583514083147 0.078125 0.0743465666772721
28 0.63671875 0.5488151434197688 0.084375 0.07441929201145392
28 0.4703125 0.5289100813971789 0.078125 0.07434656667727228
28 0.26875 0.5117209393698164 0.0609375 0.056959072008272216
28 0.33125 0.5202606927116343 0.059375 0.05537839067472685
28 0.39609375 0.5280464680537703 0.0609375 0.056959072008272216
28 0.709375 0.567629325429632 0.0578125 0.055360209341181486
28 0.77109375 0.5761599881046771 0.059375 0.05694089067472685
28 0.82890625 0.5932389474458585 0.05625 0.036592028007635946
28 0.88671875 0.5978179067870399 0.0546875 0.03344884667409058
28 0.94609375 0.6047587974617669 0.053125 0.033430665340545215
28 0.55 0.6524935794079966 0.1015625 0.08086928668045382
28 0.6515625 0.6653941160884506 0.096875 0.08081474267981754
28 0.4484375 0.6458430427275427 0.103125 0.06994996801399936
28 0.1421875 0.6094670013526354 0.09375 0.06671588001272681
28 0.246875 0.6247476507001803 0.0921875 0.06513519867918127
28 0.346875 0.6376300060470887 0.0953125 0.06360906134627217