28 0.084375 0.13203125 0.11171875 0.0609375
28 0.3265625 0.13671875 0.109375 0.0640625
28 0.4515625 0.1359375 0.10703125 0.06640625
28 0.20625 0.1359375 0.103125 0.05859375
28 0.56640625 0.1375 0.1046875 0.06484375
28 0.678125 0.1390625 0.11640625 0.06484375
28 0.79921875 0.1421875 0.1046875 0.06015625
28 0.9203125 0.14453125 0.11328125 0.0609375
28 0.09765625 0.29765625 0.0828125 0.0828125
28 0.5203125 0.3015625 0.08515625 0.08046875
28 0.6046875 0.30234375 0.08671875 0.0796875
28 0.175 0.3078125 0.06640625 0.05859375
28 0.31796875 0.31015625 0.0640625 0.0609375
28 0.246875 0.309375 0.06484375 0.06015625
28 0.6859375 0.31328125 0.06640625 0.0578125
28 0.3859375 0.32109375 0.06015625 0.0359375
28 0.4484375 0.32265625 0.06015625 0.0359375
28 0.26328125 0.4625 0.0765625 0.10546875
28 0.0671875 0.47578125 0.09609375 0.0765625
28 0.16796875 0.4765625 0.0984375 0.06953125
28 0.33515625 0.4828125 0.0578125 0.0625
28 0.396875 0.48515625 0.05390625 0.0609375
28 0.459375 0.484375 0.05546875 0.0625
28 0.85 0.48359375 0.10703125 0.0671875
28 0.60625 0.48515625 0.109375 0.0640625
28 0.728125 0.48515625 0.11171875 0.0609375
28 0.5203125 0.48671875 0.05546875 0.0640625
28 0.17734375 0.6421875 0.1046875 0.08671875
28 0.0640625 0.6453125 0.10703125 0.084375
28 0.2984375 0.64765625 0.10546875 0.0796875
28 0.415625 0.65 0.11171875 0.07109375