28 0.26657447663298633 0.22851234509333143 0.024528527735416715 0.04810330732694634
28 0.29313697663298627 0.22712026345612565 0.024455792553055567 0.04497830732694626
28 0.3188273076550349 0.22186287539648478 0.024455792553055567 0.04497830732694632
28 0.40874379283739604 0.220279363976524 0.02761716014423623 0.04670458163720577
28 0.3485329914506252 0.22108826944901944 0.032268292553055564 0.04538774310259504
28 0.37743924145062524 0.21957335707911904 0.026018292553055565 0.04506019448207601
28 0.4391398076550349 0.21555756445149385 0.029143292553055745 0.04522396879233552
28 0.2712054656150696 0.12501885289524756 0.023983013867708357 0.024665807326946253
28 0.29613273043270844 0.12058365841317151 0.01925914627652787 0.022857645861556985
28 0.5370843855429515 0.08840084294562486 0.04662173328249999 0.058624727498762796
28 0.4401548341561806 0.09113409656366947 0.043423998100139014 0.0553359531885033
28 0.395641767951771 0.09424913048486741 0.04338763050895835 0.05377345318850328
28 0.48855596656500017 0.08703309475464718 0.048038762917777686 0.05245661465389255
28 0.2679161582443751 0.08451668362794218 0.024019381458888843 0.026228307326946275
28 0.29682240824437506 0.08300177125804177 0.025509146276527783 0.02318519448207603
28 0.27054507617548673 0.7351717808689802 0.055307055470833436 0.09653416327441153
28 0.7150035909931256 0.7087498852345658 0.05352634992375016 0.08707727611928177
28 0.3814280247887159 0.7270140428547679 0.05516158510611113 0.09028416327441172
28 0.7704723409931257 0.7058428912274597 0.05516158510611113 0.09028416327441172
28 0.8212535909931257 0.7031815586857426 0.048911585106111134 0.08995661465389251
28 0.6610791571975353 0.7107937420865422 0.05508884992375016 0.08715916327441153
28 0.6032666571975354 0.7138235668263431 0.04869337955902786 0.08058161465389269
28 0.32746722340194506 0.7274953997067443 0.055125217514930644 0.08872166327441153
28 0.4914933558107645 0.7173347484181203 0.05497974715020835 0.08247166327441154
28 0.5493240396063548 0.7150861736783195 0.05330814437666689 0.07770227611928178
28 0.43682403960635485 0.7209820488476616 0.053453614741388836 0.08395227611928177
28 0.34872201472072967 0.598882398802233 0.04578658510611113 0.08979284034363318
28 0.39710496333395884 0.5940001469932108 0.045822952697291794 0.09135534034363299
28 0.721196426764827 0.5715398123037873 0.039100174011944586 0.07071529172311397
28 0.6032458605604172 0.5785035425160835 0.039100174011944586 0.07071529172311415
28 0.8001208605604171 0.5681857609697347 0.03906380642076392 0.06915279172311414
28 0.6805896105604171 0.5744501283371608 0.03906380642076392 0.06915279172311414
28 0.7610219929692367 0.5686704398479787 0.03590243882958326 0.06742651741285463
28 0.6399646105604171 0.5765791943705343 0.0360115416031249 0.07211401741285464
28 0.5625844929692366 0.5790701085494571 0.039100174011944586 0.07071529172311397
28 0.44143619158246583 0.5830726130720129 0.03593880642076393 0.06898901741285464
28 0.5211600591736463 0.5804588681603955 0.039100174011944586 0.07071529172311415
28 0.48206119158246585 0.5809435470386394 0.03906380642076392 0.06915279172311414
28 0.4318592101998268 0.47406610527009685 0.03633884992375016 0.08617651741285463
28 0.46937739399541706 0.4728820635469827 0.03939111474138901 0.08321529172311415
28 0.35135409260864625 0.476720793759279 0.039500217514930644 0.08790279172311415
28 0.3130910264042365 0.47950827905995796 0.03633884992375007 0.08617651741285463
28 0.27322909260864625 0.48081515151576665 0.03946384992375007 0.08634029172311415
28 0.7254637398351045 0.45242132010570335 0.029725174011944588 0.07022396879233561
28 0.39188817363069484 0.47068547772590535 0.03924564437666671 0.07696529172311414
28 0.6309506736306949 0.45815674299105336 0.029725174011944588 0.07022396879233561
28 0.6934143060395143 0.4533187567858633 0.032886541603125076 0.07195024310259512
28 0.6621824898351045 0.4557377498884584 0.029797909194305562 0.07334896879233561
28 0.5067137398351045 0.4638855218238687 0.02816267401194459 0.07014208163720567
28 0.5699949898351045 0.4605690920411137 0.029725174011944588 0.07022396879233561
28 0.5371643060395143 0.46150747229883854 0.029761541603125073 0.0717864687923356
28 0.5996643060395144 0.45823198609364846 0.02816267401194459 0.07014208163720567
28 0.4814572070656947 0.35335413557325007 0.04829333605604162 0.06339411465389251
28 0.43376458947451424 0.35428919380470747 0.04829333605604162 0.06339411465389251