28 0.8603132477605048 0.5001110632161417 0.08821813836729006 0.124455654678545
28 0.8836558198710159 0.38187868387973284 0.08821813836728971 0.12445565467854491
28 0.9070756600337038 0.25036505454332386 0.07718973477649342 0.10870338534372684
28 0.9304136869646751 0.13291392520691492 0.07716246369925486 0.10401588534372679
28 0.7289041664766115 0.5289820452339591 0.11012040944452864 0.12939769334818116
28 0.7451018590986275 0.4303627318985047 0.08645565046753809 0.09006247334499946
28 0.740850696334449 0.355417275899141 0.03781816256778665 0.05512385200509069
28 0.7521154492613153 0.2990400065643229 0.036237481849627426 0.051980670671545236
28 0.7618040666495621 0.24502466856305022 0.03781816256778665 0.05512385200509069
28 0.7882989098373121 0.12206842655955037 0.039398843285945874 0.05826703333863613
28 0.7754398406536672 0.18393262722791395 0.040997704722264314 0.0645352146721816
28 0.6344643409482548 0.38009110658023126 0.06773292154477702 0.09453179734245412
28 0.6786693797830828 0.16709111990773154 0.06619769262201594 0.09920111600890866
28 0.6522199883907309 0.28223486191123137 0.07089428298109546 0.10081816000954502