28 0.10227064854389327 0.7149635663777195 0.07598184740221225 0.059743181141081084
28 0.09884959375535485 0.7767914782883782 0.07291139448011293 0.06272263192686953
28 0.11358602394928272 0.6480842814315315 0.07159435633066598 0.07671235731976367
28 0.09867626989209294 0.8314425909848253 0.06663412094116257 0.0608690334984459
28 0.24032975609237522 0.676528150952404 0.08829093262955985 0.04938787799792799
28 0.24735705195245988 0.6317058025239806 0.08985343262955983 0.04946065260503385
28 0.23311372524982427 0.9110487001666158 0.06466251785690744 0.037358758891340216
28 0.24174047727841916 0.8193149644346395 0.06636138555165924 0.04524403349844599
28 0.24019556818780963 0.8631013517381924 0.06633411201270878 0.043681533498445904
28 0.36517975162814836 0.6792999323839355 0.0334670649348082 0.03902826674922295
28 0.362085979307014 0.7223778442945943 0.03511138555165925 0.043788541356328814
28 0.3713303401019069 0.639982721259065 0.03031479139585782 0.037320217535011226
28 0.42695619196505075 0.09174212034944215 0.10594208279171564 0.07675089867609246
28 0.42257660917333506 0.16376266956365387 0.10909435633066593 0.07845894789030412
28 0.4351738409093905 0.031337679281308935 0.10909435633066593 0.06267535856261787
28 0.4048810000032953 0.4620011164205007 0.07913412094116268 0.061451230355292805
28 0.4121264841749827 0.4046787679920773 0.0822591209411625 0.06159677956950453
28 0.4170418551161452 0.34668433147431266 0.08225912094116264 0.06159677956950453
28 0.42116233928783264 0.28950753226010095 0.08069662094116263 0.06152400496239876
28 0.42688623376794566 0.22991420843878335 0.08228639448011284 0.06315927956950455
28 0.4007820608809137 0.6073863910276065 0.06022047970746054 0.05120293507002245
28 0.4110122232179341 0.5132361306885244 0.06024775324641087 0.052765435070022446
28 0.40783663027994865 0.5610015425991831 0.06337275324641087 0.05291098428423417
28 0.39703767776488647 0.7324591656347124 0.038209112012708865 0.04237159057054072
28 0.4055280620987297 0.6485379299027361 0.039826159090609534 0.045569365177646405
28 0.4024342897775953 0.6916158418133949 0.041388659090609535 0.04564213978475244
28 0.49317806656295654 0.6358688019048081 0.07598184740221221 0.059743181141081084
28 0.5235879099046837 0.28005329549466723 0.08113299756436802 0.08652400496239868
28 0.5319555633132504 0.2031633097626909 0.08096935633066593 0.07714900496239877
28 0.4890303088523188 0.6946081011190198 0.07444662094116268 0.061232906533975395
28 0.4996013904262185 0.5809265907799375 0.07595457386326174 0.05818068114108108
28 0.5403777637997177 0.12314832403071456 0.0843125446422686 0.08979455417661045
28 0.4896791452974824 0.7468790765119139 0.060193206168510115 0.04964043507002262
28 0.5511709878251354 0.04154420213108646 0.07795345048646744 0.08308840426217293
28 0.4816836388046607 0.8471701749403373 0.06329093262956001 0.04822348428423453
28 0.47693190909720007 0.895789611458102 0.06013865909060954 0.04651543507002245
28 0.5255128741908688 0.34865774628045554 0.06666139448011296 0.06243153349844599
28 0.4872711655900218 0.7953893511190198 0.06013865909060954 0.04651543507002263
28 0.5213923900191814 0.40583454549466724 0.06353639448011279 0.062285984284234354