28 0.8601413969091544 0.9675037888204802 0.16216480925276536 0.06499242235903964
28 0.8468953287279352 0.8854651754735133 0.15654210064862317 0.11255303262324504
28 0.8271810722351136 0.7847330050172779 0.15506142126547395 0.11717686562705047
28 0.8130173863591429 0.6889111690477229 0.1549523271096728 0.11092686562705048
28 0.5834235693957398 0.5507413711014388 0.04928297970746058 0.05041117688202625
28 0.5630274744291596 0.4109467006452034 0.046021612012708955 0.04247134288963732
28 0.57403888676618 0.5050787026223696 0.05070911201270896 0.04266234387822045
28 0.5685195438281945 0.45723145163378653 0.047611385551659245 0.0440975098858317
28 0.4956397824674041 0.0389324377936221 0.0600295649348082 0.03991934585538688
28 0.501036394480113 0.07974843878220528 0.06315456493480802 0.04004667984777566
28 0.5057063035707224 0.12365760627269125 0.06013865909060954 0.0461693458553869
28 0.5967589610331836 0.8674659560824107 0.11567163879807012 0.09683519072219085
28 0.5159637394466932 0.2193202747517604 0.06482615909060954 0.046360346843970036
28 0.5222097853067778 0.2640743592384408 0.06956820616851012 0.04967634783255326
28 0.53179506533855 0.36595519421941275 0.07422843262956 0.04830484882113648
28 0.5096495097392326 0.17065994026508005 0.06482615909060954 0.046360346843970036
28 0.5261939017837136 0.31342044323082957 0.07263865909060954 0.04667868182494202
28 0.5611821509696394 0.6630357826604258 0.07757162094116268 0.060932182813525235
28 0.5547315535674271 0.6065629481737455 0.07746252678536117 0.05468218281352506
28 0.5751782414719928 0.7939820351318837 0.08075116801906326 0.064184516805914
28 0.5670287763750288 0.729633033649009 0.08075116801906326 0.06418451680591382
28 0.5201541818154857 0.41466460824985757 0.03349433847375849 0.040399506920082165
28 0.5351088003210163 0.5557989442194128 0.04306025324641087 0.051719008897248564
28 0.5272047970746054 0.505512442736538 0.04133411201270878 0.04228034190105419
28 0.5201638644450456 0.45994527475176045 0.038181838473758486 0.04059050790866543
28 0.41201003976770945 0.749079417527667 0.11583528003177204 0.10621019072219048
28 0.4169078197994815 0.8507692515200558 0.1205773271096728 0.1095261917107738
28 0.4265749204481047 0.9476602030794803 0.13176028896022576 0.10467959384103942
28 0.2369114391223816 0.15486254942915872 0.08872730925276526 0.07387785178688588
28 0.24188135714144487 0.2159592169196447 0.09500458279171564 0.07569501977166349
28 0.23994275608578466 0.2838006329272559 0.09503185633066602 0.07725751977166348
28 0.2403206314911741 0.3501750494291588 0.09823867694751698 0.08207235376405234
28 0.2401763555165918 0.4313613824329643 0.09829322402541765 0.0851973537640522
28 0.24237582954200948 0.5126432159310615 0.09683981818121905 0.09138368676785795
28 0.23912019033690232 0.5944834649424784 0.10319891233702042 0.09788835475263546
28 0.2438406923654972 0.6860170489348671 0.10955800649282174 0.10439302273741298
28 0.24464130762461692 0.7766102154367699 0.10637845941492108 0.10114068874502422
28 0.24797658765638902 0.8782363824329643 0.11747960064862309 0.11096135771838504
28 0.25268345291550875 0.9629721852849832 0.12016822402541771 0.07405562943003367
28 0.0908520600602489 0.6875901833078167 0.07488299756436803 0.0858048488211363
28 0.08699244885831897 0.7795548488211363 0.0781989123370204 0.09686968281352523
28 0.08639420535114073 0.8794593483268448 0.07973413879807008 0.09537084980971962
28 0.0934175470713101 0.9665163379467214 0.06682503571381496 0.06696732410655706