28 0.4535217817663474 0.32421875 0.056760920688572546 0.059375
28 0.22761155699409086 0.37265625 0.042261911069925696 0.046875
28 0.1898387384824366 0.38046875 0.04248016587924908 0.053125
28 0.1173635377567972 0.39765625 0.03919147477225654 0.0484375
28 0.5048759506408214 0.3078125 0.059776793283910834 0.05625
28 0.15440966997078234 0.38828125 0.04248016587924912 0.053125
28 0.6190029380269497 0.28359375 0.059776793283910834 0.05625
28 0.4087449951058586 0.33125 0.04867560217691822 0.0515625
28 0.30170382142206115 0.35390625 0.0438244110699257 0.046875
28 0.33713288993371543 0.34609375 0.04237103847458741 0.05
28 0.37102674029653515 0.3375 0.04080853847458741 0.05
28 0.262313939208076 0.36328125 0.043933538474587405 0.05
28 0.5615624602594682 0.2953125 0.0676438569862416 0.0578125
28 0.6742633569014236 0.2671875 0.05821429328391083 0.05625
28 0.7262623665200705 0.2546875 0.05821429328391083 0.05625
28 0.719888303914048 0.6609375 0.03762897477225664 0.0484375
28 0.7475048724257023 0.653125 0.03919147477225664 0.0484375
28 0.49248006652791976 0.68515625 0.06393850362819702 0.0859375
28 0.5366120124442357 0.67421875 0.05596231252120454 0.08125
28 0.614020249830364 0.65 0.04609623920022674 0.0671875
28 0.6510391001931837 0.64140625 0.04771330290255769 0.06875
28 0.685686918704838 0.63359375 0.046096239200226916 0.0671875
28 0.7191541831328083 0.61484375 0.04237103847458741 0.05
28 0.7522667834956279 0.60625 0.040753974772256465 0.0484375
28 0.7277578568166057 0.5921875 0.001671627404661713 0.003125
28 0.19806786761637882 0.659375 0.056815484390903406 0.0609375
28 0.49820676607243275 0.58828125 0.07298612141421187 0.0765625
28 0.24228165908619115 0.64609375 0.056815484390903316 0.0609375
28 0.38246271498397366 0.6140625 0.07287699400955017 0.0734375
28 0.4423015064537859 0.60078125 0.07298612141421187 0.0765625
28 0.33372511462115395 0.62265625 0.05379961179556512 0.0640625
28 0.29045626425833426 0.63125 0.055252984390903405 0.0609375
28 0.5550569667980721 0.57109375 0.0712599303072194 0.071875
28 0.16518593494690675 0.571875 0.05859623920022679 0.0671875
28 0.36526034601683244 0.525 0.04140873920022683 0.0671875
28 0.39357631897499046 0.51953125 0.04297123920022674 0.0671875
28 0.21093494456555364 0.559375 0.061775802902557665 0.06875
28 0.335354591207509 0.53125 0.04453373920022683 0.0671875
28 0.2574106404818696 0.5484375 0.058541675497895976 0.065625
28 0.29998008639818563 0.5375 0.052237111795565026 0.0640625
28 0.43541907859363727 0.50703125 0.06640873920022675 0.0671875
28 0.4937772156169459 0.49140625 0.06462798439090331 0.0609375
28 0.5512722570867581 0.478125 0.06462798439090349 0.0609375
28 0.610493489663563 0.46015625 0.06942461179556503 0.0640625
28 0.7254562907520221 0.434375 0.06468254809323426 0.0625
28 0.6648635311333753 0.446875 0.06462798439090349 0.0609375
28 0.5631844692451429 0.40546875 0.030505955534962936 0.0234375
28 0.6254761381196169 0.3890625 0.0321230192372937 0.025
28 0.5923635377567973 0.39765625 0.028943455534962935 0.0234375
28 0.6577802066312712 0.38125 0.0321230192372937 0.025
28 0.6892484614405946 0.375 0.0321230192372937 0.025
28 0.7531026303150685 0.35859375 0.0321230192372937 0.025
28 0.149382374872773 0.4875 0.06139385698624169 0.0578125
28 0.211674043747247 0.47109375 0.06597222958157992 0.0546875
28 0.2905356537287135 0.45 0.0438244110699257 0.046875
28 0.3622023226031875 0.43359375 0.03751984736759484 0.0453125
28 0.32353912668687157 0.44453125 0.039136911069925694 0.046875
28 0.39841264111484176 0.42578125 0.039136911069925694 0.046875
28 0.431497959626496 0.41796875 0.04075397477225664 0.0484375
28 0.25429805336589384 0.45859375 0.037410719962933034 0.0421875
28 0.4649379422033009 0.4 0.025818455534962936 0.0234375
28 0.4940897288637897 0.39296875 0.030560519237293703 0.025
28 0.5272023292266095 0.384375 0.036810519237293705 0.025
28 0.5556001477382637 0.3765625 0.028834328130301047 0.0203125
28 0.587122966249918 0.36875 0.0336855192372937 0.025
28 0.650195885124392 0.35234375 0.03513889183263199 0.021875
28 0.6832539217848809 0.3453125 0.0321230192372937 0.025
28 0.6179463803150685 0.35859375 0.0321230192372937 0.025
28 0.7455183088081895 0.3296875 0.03513889183263199 0.021875
28 0.711706303998866 0.3359375 0.02888889183263199 0.021875