28 0.61484375 0.3203125 0.0953125 0.08515625
28 0.6984375 0.3421875 0.0625 0.040625
28 0.37734375 0.4453125 0.0453125 0.06015625
28 0.4859375 0.446875 0.04453125 0.05859375
28 0.4328125 0.446875 0.04453125 0.05859375
28 0.7703125 0.45078125 0.03515625 0.0453125
28 0.8140625 0.45078125 0.03515625 0.0484375
28 0.8578125 0.459375 0.03515625 0.02890625
28 0.7828125 0.55 0.025 0.021875
28 0.8140625 0.5515625 0.03125 0.021875
28 0.85625 0.55234375 0.03125 0.0203125
28 0.42890625 0.55703125 0.0453125 0.0453125
28 0.48046875 0.55859375 0.0421875 0.0421875
28 0.3734375 0.5578125 0.046875 0.040625
28 0.53125 0.5578125 0.04453125 0.04296875
28 0.3203125 0.5609375 0.046875 0.040625
28 0.66328125 0.56484375 0.0359375 0.0296875
28 0.578125 0.56484375 0.03828125 0.0296875
28 0.7078125 0.56484375 0.03359375 0.0296875
28 0.74765625 0.56484375 0.0328125 0.0296875
28 0.62109375 0.56484375 0.0359375 0.0296875
28 0.71015625 0.6375 0.0453125 0.04296875
28 0.76484375 0.6375 0.0453125 0.04296875
28 0.6578125 0.63984375 0.04453125 0.0421875
28 0.484375 0.6421875 0.053125 0.03828125
28 0.425 0.64375 0.05546875 0.0375
28 0.34609375 0.64375 0.0609375 0.03515625
28 0.8109375 0.64453125 0.03515625 0.0328125
28 0.8546875 0.64453125 0.03828125 0.0328125
28 0.278125 0.64609375 0.06015625 0.0359375
28 0.4046875 0.74609375 0.0875 0.0796875
28 0.50546875 0.74609375 0.0890625 0.0796875
28 0.3109375 0.7484375 0.08671875 0.07421875
28 0.171875 0.75703125 0.05390625 0.0609375
28 0.10625 0.75625 0.05390625 0.05859375
28 0.2328125 0.7578125 0.04921875 0.05859375
28 0.58984375 0.75703125 0.0578125 0.0515625
28 0.659375 0.75625 0.06015625 0.05390625
28 0.878125 0.7609375 0.0625 0.06953125
28 0.80625 0.7625 0.06953125 0.06640625
28 0.73203125 0.76640625 0.0640625 0.0609375