28 0.11384675227790009 0.37026586120192995 0.08945588410204497 0.11550799756436803
28 0.22586861014217297 0.400374326705931 0.0697958314853265 0.09955571509696384
28 0.17431381541796226 0.387979466721817 0.0664888209619828 0.09637616801906326
28 0.27871288908136815 0.4080544131510946 0.06327281570031093 0.0947591209411625
28 0.6327171205949295 0.47069514042621846 0.07384629465362344 0.08870003571381488
28 0.5680630863940624 0.4616571055231823 0.07402830517696728 0.09182503571381488
28 0.784810241613382 0.5040143806869859 0.08598227360693614 0.08266822402541756
28 0.7035224442583354 0.49135646794292825 0.09388577886860787 0.08436709172016936
28 0.14575544688917133 0.5018743713481997 0.04244510523343696 0.031959112012708776
28 0.19083272845920243 0.510472075488115 0.04235409997176513 0.03039661201270878
28 0.23508325739839755 0.5183021663975055 0.04079159997176518 0.03036933847375849
28 0.2808962863375927 0.5261049837679457 0.04208108418674961 0.025709112012708958
28 0.46436050469697443 0.5878122767886564 0.052441731513561504 0.06959547970746058
28 0.506866523112826 0.5925446412369973 0.05364021046687402 0.06337275324641105
28 0.7455341809629814 0.635301336855496 0.055202710466874014 0.06340002678536116
28 0.7985604704255203 0.6461064233006596 0.05685621572854575 0.06498980032431163
28 0.263640167879389 0.5655084030048249 0.04418961575678067 0.03511138555165907
28 0.13249658369263942 0.5427721067377032 0.04124662628012441 0.038181838473758486
28 0.17440336263183456 0.550643107955519 0.04437162628012441 0.03823638555165907
28 0.22099764157102975 0.5584322885564841 0.04299113680346807 0.04133411201270878
28 0.7639341124200731 0.7632354220828436 0.10160727360693614 0.08294095941492116
28 0.4362256123494859 0.8432497991097909 0.07017526308359248 0.07927048863591431
28 0.4963741570736966 0.855494654629678 0.0745897472985769 0.07466480925276535
28 0.5679152281062666 0.8753610953769126 0.08093075256024881 0.07633640340856687