28 0.28671875 0.1 0.0671875 0.1
28 0.359375 0.10390625 0.06640625 0.0953125
28 0.2515625 0.5671875 0.06953125 0.071875
28 0.18828125 0.575 0.0515625 0.05625
28 0.134375 0.5828125 0.046875 0.03984375
28 0.084375 0.5828125 0.04453125 0.0375
28 0.7046875 0.58984375 0.04453125 0.0484375
28 0.76640625 0.5859375 0.0640625 0.06015625
28 0.653125 0.58828125 0.04921875 0.0484375
28 0.5140625 0.66875 0.07109375 0.06015625
28 0.5953125 0.6703125 0.07578125 0.06015625
28 0.06796875 0.07265625 0.0640625 0.1078125
28 0.1859375 0.6765625 0.08046875 0.06875
28 0.09921875 0.678125 0.0828125 0.06484375