28 0.771559184370762 0.8785003091265 0.08318918479069151 0.08640110831306061
28 0.6862173201894054 0.3367258995837754 0.08217051285158128 0.06140110831306043
28 0.6758899738397269 0.27496169778837737 0.08217051285158128 0.06140110831306052
28 0.6669659599995625 0.20930033635205886 0.08386034684397004 0.06453519867214012
28 0.6942765123944706 0.45783783030193465 0.05991351087441501 0.05189884328594587
28 0.6849850840295698 0.4023281736860763 0.060040844866803764 0.055023843285945874
28 0.5663889343335811 0.48208787567786615 0.06868101581733085 0.07538179508134384
28 0.5111032791632036 0.14122198116225632 0.06737318380210837 0.08162270472226432
28 0.5225129644481867 0.22954868295765443 0.06743685079830275 0.08318520472226432
28 0.547994419999125 0.41402822208707 0.05072951186299797 0.056531801131468204
28 0.5371086581361268 0.35772822511213215 0.05066584486680377 0.05496930113146821
28 0.5214398957788372 0.2990572070599554 0.03185217787060921 0.0532977168225127
28 0.44874915368750257 0.33612541500367354 0.06756418479069151 0.08631020472226432
28 0.41983895060802234 0.16334189997655887 0.06944501977166344 0.09413179508134392
28 0.40677126482874754 0.07266235782208119 0.06638368676785791 0.09567611436318471
28 0.42884121889681104 0.2500924662333376 0.0660016847906915 0.0863011143631847
28 0.3207939555509382 0.18619761699546336 0.04980368182494201 0.07214771077238855
28 0.33129505684353255 0.2713947736113217 0.052865014828747635 0.07060339149054773
28 0.3041065212545383 0.1025265989432866 0.04836851581733086 0.0752636204133089
28 0.23469994665368965 0.143519237605164 0.04811384783255317 0.0690136204133089
28 0.2669062460828483 0.3780260478118184 0.04655134783255317 0.06900453005422928
28 0.2442924639538952 0.22558684904148246 0.043299013840164415 0.06586134933607006
28 0.27852417840208193 0.45229479478675644 0.03886618182494202 0.07208407825883115
28 0.25603773026551757 0.30298059601642036 0.04342634783255317 0.06898634933607006