28 0.1017508700597225 0.34320457845522295 0.07670927678548618 0.07387383723582168
28 0.2414504561157642 0.40333758167667677 0.09727634992375007 0.08492951190385671
28 0.28456728932201436 0.5437307775201465 0.09720361474138901 0.08180451190385671
28 0.2673239315144796 0.4742904311109427 0.09571384992375007 0.08492042154477701
28 0.30642541194718803 0.6100188528521115 0.09720361474138901 0.08180451190385671
28 0.21464960714194473 0.2925409822424109 0.08437630642076395 0.06766928903121974
28 0.22989405385531278 0.34324041901069424 0.08586607123840287 0.06455337939029934
28 0.18376067021222237 0.17395460870584395 0.06511716014423614 0.04568520472226432
28 0.1750026128415279 0.13337506050124204 0.06678876291777777 0.050381795081343925
28 0.1970789410137849 0.20903813583320702 0.06511716014423614 0.04568520472226432
28 0.208871079406528 0.2456932533196497 0.06518989532659722 0.048810204722264314
28 0.3326385005686809 0.3934307956705191 0.05265352773541672 0.04717498184962743
28 0.34526644034819476 0.432425117977422 0.05258079255305557 0.044049981849627426
28 0.311214829406528 0.24509783479993472 0.03837282218833345 0.037718168617910844
28 0.3001493896270141 0.20609442213395224 0.04484102773541672 0.047129530054229284
28 0.32215298261690994 0.27863249746591723 0.03837282218833336 0.037718168617910844
28 0.3346900034184725 0.3137205697728201 0.03837282218833336 0.037718168617910844
28 0.34486509042444474 0.3480410276183424 0.03837282218833336 0.037718168617910844
28 0.47790363449611173 0.7598228892510526 0.09091724715020852 0.08020565046753828
28 0.46227732807534777 0.692717202482769 0.08463087955902786 0.07860678903121965
28 0.4111655037028129 0.5109586632551577 0.08117857123840291 0.0645261083130606
28 0.44510670545017417 0.6264018560735654 0.0845945119678472 0.07704428903121965
28 0.39675685837621566 0.4625984313073344 0.07957970364722229 0.06295451795398091
28 0.5220920052214243 0.8791132447354426 0.07173083605604162 0.06134656615858276
28 0.4279724504161811 0.5616490096643615 0.07500130642076393 0.06761474687674215
28 0.5043401543477437 0.8213961935057787 0.07660017401194459 0.06918633723582168
28 0.37911345706569477 0.3759705848981306 0.06039329255305557 0.04409543364502548
28 0.3901788968452087 0.4149739975641131 0.062101262917777775 0.050354524004105096
28 0.33417889751079877 0.19105068423420066 0.041643292553055565 0.04398634933607006
28 0.34439035210795155 0.22693364207972294 0.03837282218833336 0.037718168617910844
28 0.3561461229095141 0.26202625956616565 0.03837282218833336 0.037718168617910844
28 0.36555814371107664 0.29713251259122775 0.03837282218833336 0.037718168617910844
28 0.3773866496950003 0.3353501300776704 0.0400080573706945 0.04085225897699045