28 0.3328125 0.86484375 0.03125 0.0359375
28 0.2609375 0.86640625 0.02890625 0.0421875
28 0.29609375 0.8671875 0.0328125 0.03359375
28 0.2296875 0.8671875 0.02734375 0.05078125
28 0.3859375 0.86875 0.03515625 0.05859375
28 0.0953125 0.8734375 0.02734375 0.040625
28 0.16484375 0.875 0.0359375 0.04453125
28 0.128125 0.8765625 0.03515625 0.040625
28 0.10625 0.09609375 0.03984375 0.0765625
28 0.1859375 0.09609375 0.0375 0.0765625
28 0.0671875 0.0953125 0.03984375 0.07578125
28 0.2234375 0.096875 0.03828125 0.07421875
28 0.146875 0.09609375 0.0375 0.0734375
28 0.2625 0.0984375 0.03828125 0.07109375
28 0.30234375 0.1 0.0359375 0.06953125
28 0.3796875 0.1 0.0375 0.06953125
28 0.41875 0.1 0.03984375 0.06953125
28 0.3390625 0.103125 0.03828125 0.06484375
28 0.19375 0.315625 0.02265625 0.08671875
28 0.071875 0.315625 0.025 0.0875
28 0.1015625 0.315625 0.025 0.0875
28 0.1640625 0.3140625 0.025 0.08515625
28 0.1328125 0.315625 0.02421875 0.0875
28 0.3515625 0.32265625 0.03828125 0.0671875
28 0.31328125 0.321875 0.0359375 0.06953125
28 0.2359375 0.3234375 0.040625 0.06640625
28 0.2734375 0.32734375 0.03515625 0.0609375
28 0.14453125 0.49453125 0.0203125 0.0734375
28 0.0703125 0.49453125 0.021875 0.0734375
28 0.0953125 0.49453125 0.02265625 0.0734375
28 0.1203125 0.49375 0.02265625 0.07421875
28 0.3578125 0.49609375 0.02734375 0.0671875
28 0.29921875 0.4953125 0.0265625 0.06875
28 0.26875 0.4953125 0.02890625 0.06875
28 0.38515625 0.4953125 0.0265625 0.06640625
28 0.328125 0.496875 0.025 0.06484375
28 0.20703125 0.496875 0.0265625 0.06484375
28 0.1734375 0.4953125 0.02734375 0.06640625
28 0.23671875 0.496875 0.0265625 0.06640625
28 0.3296875 0.6703125 0.02265625 0.04921875
28 0.2796875 0.67109375 0.02421875 0.0484375
28 0.3046875 0.67109375 0.021875 0.0484375
28 0.2546875 0.67109375 0.02265625 0.0484375
28 0.2328125 0.67265625 0.021875 0.0484375
28 0.15859375 0.67421875 0.0171875 0.0515625
28 0.20859375 0.6734375 0.0203125 0.04921875
28 0.1359375 0.6734375 0.01796875 0.05078125
28 0.1140625 0.6734375 0.01796875 0.05078125
28 0.07265625 0.67421875 0.0171875 0.0515625
28 0.1828125 0.675 0.021875 0.053125
28 0.0921875 0.6734375 0.01953125 0.05078125
28 0.39921875 0.678125 0.0171875 0.02890625
28 0.35625 0.678125 0.01796875 0.02890625
28 0.41875 0.678125 0.01953125 0.02890625
28 0.46015625 0.6796875 0.0171875 0.03125
28 0.44140625 0.6796875 0.0171875 0.02734375
28 0.3796875 0.67890625 0.01796875 0.0296875