28 0.8527952610542272 0.869569443965872 0.09398810217691818 0.0558562018192454
28 0.9488617292030618 0.8643125556288617 0.08935516587924894 0.05720037799792799
28 0.6606350429053927 0.8793019706398922 0.08450397477225646 0.05229455417661057
28 0.7559475429053927 0.8748627196064351 0.08294147477225647 0.05222177956950454
28 0.5723537929053927 0.8834137359413734 0.08612103847458741 0.05392982878371626
28 0.45831857475655813 0.8895075322601009 0.09382441106992552 0.05116870181924575
28 0.3895932680561673 0.08671217204485322 0.08128969473518968 0.09426373035529285
28 0.5677182680561673 0.07841586683478548 0.0766021947351895 0.0940454065339753
28 0.7412376136096637 0.07268163544603531 0.07805556733052796 0.09099318114108115
28 0.4795188636096636 0.08487138213626641 0.07805556733052796 0.09099318114108117
28 0.6560540817584982 0.07586660153330453 0.0844146947351895 0.09440927956950458
28 0.16764634618646848 0.11739505355743791 0.06106647477225655 0.05120293507002258
28 0.09884178248413761 0.11903463627009563 0.057886911069925676 0.049494885855810855
28 0.033216782484137605 0.12209116976854165 0.05944941106992567 0.04956766046291672
28 0.1287053864751544 0.21232871794929603 0.061011911069925685 0.04964043507002262
28 0.18891620017748526 0.21108939557572054 0.054761911069925694 0.04934933664159917
28 0.06232641832631982 0.21620288875129495 0.06262897477225653 0.05127570967712847
28 0.7516716605217715 0.21461442432116482 0.07638393992586626 0.0877954065339753
28 0.6713120379264332 0.22148731658711646 0.07482143992586625 0.08772263192686944
28 0.33098713828925297 0.24594593093619338 0.07556548439090331 0.0643579065339753
28 0.24663942014041834 0.2506570097199097 0.07082342068857254 0.06257708271265772
28 0.10946680235440347 0.2664361751452251 0.05788691106992568 0.0494948858558109
28 0.17813495680090718 0.26089034243256737 0.0594494110699257 0.04956766046291676
28 0.04693952050323806 0.26856590942945946 0.05944941106992567 0.04956766046291676
28 0.5038740559826005 0.33414363606520786 0.053035719962933214 0.04458906203449331
28 0.4405928059826006 0.33709100765299504 0.04985615626060227 0.04288101282028158
28 0.3765030241314351 0.33929351654433526 0.05152778366526398 0.04607878742738745
28 0.19071185707105967 0.3745525820934852 0.05232639183263199 0.02427656203449331
28 0.30164935707105967 0.3693855849889693 0.044623019237293705 0.027037688998963992
28 0.24696185707105967 0.37193269623767433 0.0493105192372937 0.027256012820281582
28 0.35631949890369163 0.3887498610438172 0.060848219962933124 0.044952935070022626
28 0.8719717807548569 0.3655154906988843 0.05788691106992587 0.0494948858558109
28 0.929784280754857 0.3628228302359676 0.05788691106992587 0.0494948858558109
28 0.980107912609947 0.36013016977305085 0.039784174780105985 0.04934933664159917
28 0.48756949890369167 0.3826367940469252 0.054598219962933035 0.04466183664159917
28 0.42127237630835335 0.38885471484892414 0.05766865626060227 0.0432448858558109
28 0.18318209926651136 0.40542159243256737 0.04607639183263199 0.023985463606069856
28 0.2980258492665114 0.40007265881028686 0.052435519237293705 0.02740156203449331
28 0.23943209926651138 0.4028017065767565 0.04920139183263199 0.024131012820281583
28 0.43045145806685153 0.4948500037240537 0.1025099303072194 0.0765325748547749
28 0.10943955362034785 0.5121489354843074 0.1087053666048885 0.07526117328319834
28 0.5398810217691825 0.4913182812266436 0.10250993030721922 0.0765325748547749
28 0.3227480854715133 0.5029964516143578 0.10541667549789598 0.07042812406898662
28 0.21100205362034785 0.5074185860224266 0.09776786660488854 0.0747517510334573
28 0.6485838991738442 0.48938544603278655 0.09927580290255769 0.07326202564056317
28 0.6792386768486584 0.605335777711987 0.09754961179556502 0.0685017510334573
28 0.5801017724021547 0.612300715263209 0.09447917549789579 0.06991870181924575
28 0.18484383610448546 0.6322751908609908 0.0958779843909034 0.06530397642635144
28 0.47064492684865833 0.615051187760619 0.09442461179556502 0.06835620181924558
28 0.3739336179556509 0.6242507134011821 0.09415179328391084 0.06054370181924558
28 0.07700405425332003 0.636515388751295 0.10062004809323424 0.06708480024766902
28 0.27781258610448545 0.6279451017381923 0.09576885698624168 0.06217897642635144