28 0.2875 0.175 0.05390625 0.05859375
28 0.375 0.2828125 0.06015625 0.07578125
28 0.5109375 0.2859375 0.05859375 0.07421875
28 0.44453125 0.28828125 0.0609375 0.0734375
28 0.575 0.2875 0.05859375 0.07578125
28 0.2703125 0.28828125 0.046875 0.0671875
28 0.3203125 0.2890625 0.04296875 0.06875
28 0.1578125 0.2921875 0.02890625 0.053125
28 0.1203125 0.29375 0.03359375 0.053125
28 0.1921875 0.29375 0.02890625 0.053125
28 0.228125 0.2953125 0.03125 0.053125
28 0.3890625 0.3671875 0.03515625 0.040625
28 0.4265625 0.36875 0.03125 0.040625
28 0.2515625 0.38671875 0.02890625 0.0296875
28 0.21484375 0.3875 0.0359375 0.03125
28 0.28515625 0.38828125 0.0296875 0.0296875
28 0.31875 0.38984375 0.02890625 0.0296875
28 0.35234375 0.38984375 0.0296875 0.0296875
28 0.75 0.4015625 0.05859375 0.06953125
28 0.6875 0.40546875 0.05859375 0.0640625
28 0.5125 0.40703125 0.04453125 0.0640625
28 0.6234375 0.40703125 0.05625 0.0640625
28 0.4671875 0.40703125 0.04296875 0.0640625
28 0.8671875 0.409375 0.04296875 0.05625
28 0.5625 0.40859375 0.04921875 0.0578125
28 0.8109375 0.409375 0.05078125 0.05859375
28 0.384375 0.41328125 0.02890625 0.0484375
28 0.421875 0.41328125 0.03515625 0.0484375
28 0.209375 0.42109375 0.03515625 0.0296875
28 0.2453125 0.42109375 0.02734375 0.0296875
28 0.27890625 0.42265625 0.0296875 0.0296875
28 0.3125 0.421875 0.02734375 0.02890625
28 0.3484375 0.421875 0.03125 0.02890625