28 0.4237266099775233 0.8974776236916465 0.047802300324311583 0.054761911069925874
28 0.43405618384078526 0.9518377414776615 0.04780230032431163 0.054761911069925874
28 0.31317965868357245 0.20716513693849054 0.1348307418823252 0.12026291469812271
28 0.4253009723972693 0.7637474644358194 0.11249209172016936 0.0929365228654909
28 0.35994338473758497 0.3782936032732266 0.09379663879807013 0.09540675843752044
28 0.34758766071216735 0.2974255491895426 0.09552278003177203 0.10483632213985139
28 0.449911234572134 0.8301165089008566 0.09034435633066593 0.07654763103285873
28 0.3920582297041652 0.5163193929289404 0.08883640340856669 0.07961806733052797
28 0.3823599013766765 0.45333824329176 0.08565685633066593 0.07638393992586608
28 0.48479652353235975 0.9477206711519088 0.05254434740221221 0.058050602176918174
28 0.4760021761301475 0.891743489663563 0.0556966209411625 0.059722229581580064
28 0.5912906164736403 0.5101437708817562 0.07902502678536116 0.05429068511654265
28 0.6014974594116258 0.5574726386677711 0.07902502678536116 0.05429068511654265
28 0.6117861229664622 0.6094890064537859 0.0822318474022122 0.05908731252120454
28 0.6212935365212986 0.6615326560909662 0.07907957386326192 0.057415685116542825
28 0.6307736765371846 0.7120138057281465 0.0822318474022122 0.05908731252120454
28 0.642624840092021 0.7639756098118304 0.08066934740221221 0.05903274881887377
28 0.7569833948805594 0.8217384913928434 0.06345457386326192 0.05687004809323426
28 0.7489702974783472 0.7657340280533323 0.06342730032431163 0.05530754809323426
28 0.7377507848997408 0.3916789691603249 0.10484323295387146 0.10203870435383652
28 0.8049242426898088 0.7020237029182561 0.08875458279171547 0.07493056733052797
28 0.795843523128618 0.6296402714299104 0.0811602711033185 0.08715774881887377
28 0.782611091716874 0.5433307491973919 0.0780352711033185 0.08704862141421188
28 0.8270407504004466 0.7598808429367896 0.07291139448011279 0.06188493030721922
28 0.8382333948805595 0.8189011788716389 0.07291139448011279 0.06188493030721949