28 0.5617958055960222 0.6917846155311838 0.12383869480442442 0.11604620031656906
28 0.654764555596022 0.6944897298752333 0.07603639448011297 0.06155727711788863
28 0.3436110470746054 0.49412705087056513 0.06380912986961632 0.07681856426490725
28 0.4573832207757115 0.5255481986007094 0.06219208279171564 0.07364810015828453
28 0.40166900892515844 0.5098717228156043 0.06219208279171564 0.07364810015828453
28 0.7562395064895264 0.6029591109123302 0.04941934740221221 0.05765938730530316
28 0.8017565580316541 0.615996320004388 0.05106366801906326 0.062392351411925874
28 0.8510025815706044 0.6189909393630024 0.04443183847375849 0.040335494985435004
28 0.7935564999967047 0.5040957135778973 0.031768197240056396 0.030596782132453627
28 0.8264780941525061 0.5113004598169736 0.039607970779006865 0.03238660266556703
28 0.8704053721556833 0.5227297048024087 0.039580697240056396 0.03082410266556703
28 0.42385588027335813 0.39417016646825587 0.06041139448011297 0.061102636051661816
28 0.47874793181548564 0.40748016020004973 0.05564207386326192 0.05627874373179385
28 0.36656553165332995 0.37766697657652804 0.06032957386326192 0.05641513605166191
28 0.5321183936660387 0.4230884398252209 0.05723184740221221 0.05788670783841656
28 0.311564385955401 0.3581069828447342 0.06032957386326192 0.05641513605166191
28 0.6716445438281945 0.45369724531463956 0.04443183847375849 0.040335494985435004
28 0.5829814642828898 0.429253523290458 0.047584112012708776 0.04198892319868044
28 0.717942845370322 0.46675718646000863 0.04286933847375849 0.04029003087881229
28 0.7603076233734993 0.47814096733882094 0.04130683847375849 0.04024456677218957
28 0.6277036290555421 0.44148675032920437 0.04443183847375849 0.040335494985435004
28 0.7385223522701809 0.39317493395272607 0.05882162094116268 0.05949467194503919
28 0.7950178141207339 0.4088741417911426 0.0588216209411625 0.05949467194503928
28 0.6851109801112024 0.3752229043275549 0.05720457386326174 0.05632420783841656
28 0.5037967504037418 0.3215343000126353 0.06498980032431163 0.05498902837152997
28 0.44177799147528807 0.3025509678010394 0.06811480032431164 0.05507995658477523
28 0.3593921854689336 0.27985160220334865 0.07433752678536117 0.05369931301126609
28 0.8458672479681099 0.41425797525637975 0.04604888555165907 0.04350595909205772
28 0.891370662740762 0.4265139343484375 0.04922843262955965 0.046721887305303154
28 0.28873876623205436 0.258274467405328 0.07433752678536117 0.053699313011266
28 0.44452907020981397 0.19174986012090742 0.11435460064862309 0.10952341567683303
28 0.5504478336024945 0.22059993731793842 0.11435460064862309 0.10952341567683303
28 0.34719042004765815 0.1623685855103012 0.11268300649282174 0.10322795157021032
28 0.20421198741809832 0.11291885180763721 0.073238676947517 0.08021634890464333
28 0.1359568652591197 0.09453491316955058 0.07318412986961631 0.07709134890464334
28 0.2669710860381265 0.12958116607254447 0.06846935633066593 0.07539245658477531
28 0.6412637483751469 0.2341743555020539 0.07622730925276536 0.07249477711788872
28 0.7142336440730758 0.25425718646000856 0.07937958279171564 0.07414820533113406
28 0.9440535576279121 0.3132614280802314 0.08436709172016918 0.09147209765100213
28 0.8694802516215578 0.290789383015654 0.09215231818121908 0.09013691818411554
28 0.7925086485373026 0.26512414179114263 0.08420345048646727 0.08209709765100204