28 0.6415986847163294 0.6695579104493364 0.11080484882113648 0.07908771370395282
28 0.6317726985564939 0.6045880076903745 0.1073615138401646 0.07111143939369349
28 0.6665456520930848 0.8226076673467414 0.09278967787060921 0.057874454997525505
28 0.6599574124732079 0.773839296699955 0.094288510874415 0.056393842152655436
28 0.6850118092034474 0.8668556343300546 0.06590884288963732 0.048669873360319825
28 0.6925404663138099 0.9116768113992763 0.06734400889724856 0.04562676051544941
28 0.610782355209746 0.25877421868079387 0.07097834486680377 0.058290534825709096
28 0.6058521160841609 0.20758021087887774 0.07104201186299815 0.0598530348257091
28 0.5999814594680899 0.16033339665452653 0.06778967787060922 0.056564260515449584
28 0.593520553840602 0.10844002600774014 0.06947951186299797 0.059771147670579325
28 0.5877772312169197 0.058068211783388925 0.06947951186299797 0.05977114767057934
28 0.2736232534228601 0.3637571263009959 0.13207235376405224 0.10358974672063966
28 0.26268043623638526 0.28793161069716366 0.12869268577927467 0.09717597241038015
28 0.2445564718253795 0.1204918051792397 0.124705522737413 0.11411781094499092
28 0.2605542035365908 0.20618696574011777 0.11344968775644108 0.1057321008590826
28 0.3533943946787109 0.8741004047951269 0.10563718775644108 0.10532266508343398
28 0.3653412963518661 0.9444162268213944 0.10280134783255317 0.0739907779283044
28 0.35491974399413884 0.7984010419502565 0.0789818458553869 0.06338747060135788
28 0.348458838366651 0.7465076713034703 0.07592051285158127 0.06478619629109836
28 0.34049909973535747 0.6931336878118136 0.07891817885919253 0.06182497060135787
28 0.4907418388609425 0.7367121901866629 0.11692751482874755 0.07629026232447203
28 0.4643252133852416 0.5432012075995174 0.11380251482874755 0.07612648801421233
28 0.4742785335374659 0.6050461103584794 0.1139298488211363 0.07925148801421251
28 0.4849494366934958 0.6684125695398765 0.11680018083635879 0.07316526232447185
28 0.4451255217116488 0.2682355071245476 0.09199118182494193 0.07654256784239592
28 0.43601711855561887 0.20478716078802073 0.09199118182494193 0.07654256784239584
28 0.4284075484033945 0.1428194272963641 0.09042868182494193 0.07646068068726608
28 0.4209253122435589 0.0777266938047075 0.09205484882113635 0.07810506784239588
28 0.5502122697344823 0.27208312415328934 0.06466467787060921 0.05640048620519007
28 0.5452820306088974 0.22088911635137323 0.0649193458553869 0.06265048620519006
28 0.5330141353615329 0.1201864314802356 0.0664818458553869 0.06273237336031982
28 0.5288969797340449 0.06817023010075461 0.06466467787060921 0.05640048620519007