28 0.678125 0.6546875 0.06640625 0.06875
28 0.7453125 0.6578125 0.06640625 0.06953125
28 0.809375 0.6671875 0.05390625 0.05390625
28 0.6078125 0.16015625 0.09609375 0.1078125
28 0.740625 0.1734375 0.05078125 0.08046875
28 0.684375 0.17421875 0.046875 0.0828125
28 0.5296875 0.1859375 0.053125 0.046875
28 0.4734375 0.1890625 0.053125 0.04453125
28 0.62578125 0.296875 0.0984375 0.08984375
28 0.7078125 0.3078125 0.0625 0.06640625
28 0.7703125 0.31953125 0.06484375 0.0484375
28 0.1453125 0.4140625 0.05078125 0.078125
28 0.09609375 0.4125 0.0359375 0.07578125
28 0.19921875 0.4125 0.0484375 0.07578125
28 0.2515625 0.4171875 0.04453125 0.078125
28 0.30546875 0.4171875 0.0453125 0.07578125
28 0.478125 0.42890625 0.03359375 0.0609375
28 0.4375 0.428125 0.03828125 0.06484375
28 0.67578125 0.43359375 0.0453125 0.0578125
28 0.7265625 0.4359375 0.03984375 0.053125
28 0.51796875 0.440625 0.0296875 0.040625
28 0.8125 0.44375 0.03359375 0.04296875
28 0.7703125 0.4453125 0.03984375 0.040625
28 0.8515625 0.4546875 0.025 0.02265625
28 0.8859375 0.4546875 0.02890625 0.02265625
28 0.3625 0.5359375 0.05625 0.071875
28 0.42265625 0.53828125 0.0515625 0.0765625
28 0.540625 0.5390625 0.05625 0.07421875
28 0.48125 0.540625 0.05625 0.07421875
28 0.60078125 0.54140625 0.0578125 0.0734375
28 0.65625 0.54921875 0.03984375 0.0578125
28 0.7046875 0.54921875 0.04453125 0.0578125
28 0.75703125 0.553125 0.0421875 0.05546875
28 0.8453125 0.5609375 0.03359375 0.040625
28 0.803125 0.5609375 0.03125 0.040625
28 0.88984375 0.56484375 0.0359375 0.0421875