28 0.9050264476901816 0.7401690387889489 0.0832761083130606 0.08065111067790856
28 0.34460203209733276 0.6875572807129069 0.058285198672140125 0.08192270934118148
28 0.2805077158405541 0.6813430960375437 0.058285198672140125 0.08192270934118148
28 0.21329748994285502 0.6766550486950896 0.06296360831306051 0.08041475334181776
28 0.4703787369177929 0.6882396280633152 0.05347043364502539 0.05999316534054522
28 0.41252987548147446 0.6813169187221337 0.05347043364502539 0.05999316534054522
28 0.48835605639602536 0.5556453040658607 0.07538179508134384 0.06649770401018137
28 0.1373929992144331 0.5203135946849082 0.08005111436318471 0.06342724801081764
28 0.22883106547121174 0.5268459526973167 0.0831761143631847 0.06346361067790873
28 0.41952424316430886 0.5407828253898611 0.056522710772388504 0.04752952800763595
28 0.3608850413689108 0.5322885253819069 0.05339771077238851 0.04749316534054522
28 0.30066515885535344 0.5206510440404072 0.054851126463433174 0.028761346674090582
28 0.3361526860809124 0.4437254647119525 0.08787270472226431 0.065080654678545
28 0.1571555324901162 0.426018702020999 0.09412270472226432 0.06515338001272664
28 0.06336462587425792 0.4178965720082724 0.0972386143631847 0.06362724267981754
28 0.24622712284919582 0.4286175380330894 0.08786361436318471 0.06351815467854482
28 0.17685897843178183 0.3215675593570898 0.07527271077238851 0.04774770401018138
28 0.2651629543294809 0.3265010547024074 0.0721568011314682 0.04927384134309047
28 0.09086239109776431 0.31041133601209037 0.07837953005422929 0.044659066677272284
28 0.13026980386194267 0.2358749600174992 0.0721386204133089 0.046148841343090476
28 0.3725482074527388 0.25431806671704316 0.07055793969514976 0.04300566000954502
28 0.2146720749391815 0.2415442520289532 0.06741475897699045 0.039844297342454114
28 0.44835672852997777 0.2598873613939972 0.07364657825883114 0.03679202267663584
28 0.2943913911959602 0.24794025003977088 0.07053975897699045 0.03988066000954502