28 0.684375 0.2796875 0.053125 0.04296875
28 0.8109375 0.2796875 0.05390625 0.04453125
28 0.7484375 0.2796875 0.05546875 0.04296875
28 0.190625 0.2921875 0.06953125 0.10078125
28 0.0453125 0.29375 0.07109375 0.1
28 0.1171875 0.2953125 0.07578125 0.1
28 0.26875 0.296875 0.07578125 0.10078125
28 0.34453125 0.3 0.0765625 0.10078125
28 0.415625 0.3109375 0.06640625 0.07421875
28 0.48125 0.31484375 0.06484375 0.0765625
28 0.5484375 0.31640625 0.06640625 0.0796875
28 0.6140625 0.3171875 0.06640625 0.08046875
28 0.90234375 0.321875 0.1109375 0.08515625
28 0.6828125 0.32421875 0.04296875 0.0359375
28 0.74609375 0.3328125 0.0484375 0.046875
28 0.8109375 0.3359375 0.05859375 0.04921875
28 0.10078125 0.49921875 0.0828125 0.0828125
28 0.1921875 0.50234375 0.0875 0.0765625
28 0.290625 0.50859375 0.08984375 0.0828125
28 0.39453125 0.5203125 0.0890625 0.08046875
28 0.47578125 0.53203125 0.0609375 0.0640625
28 0.54375 0.53203125 0.071875 0.0734375
28 0.6140625 0.5421875 0.05859375 0.0625
28 0.67734375 0.54375 0.0609375 0.06484375
28 0.74296875 0.55 0.0578125 0.07109375
28 0.8234375 0.5515625 0.09140625 0.084375
28 0.9296875 0.5578125 0.09375 0.071875