28 0.2203125 0.83125 0.084375 0.046875
28 0.1328125 0.83046875 0.08046875 0.0484375
28 0.3953125 0.83125 0.07578125 0.04453125
28 0.30859375 0.83125 0.0734375 0.04453125
28 0.4765625 0.83203125 0.078125 0.0453125
28 0.58125 0.8328125 0.084375 0.04296875
28 0.61875 0.09609375 0.071875 0.0828125
28 0.45546875 0.0953125 0.0671875 0.08203125
28 0.296875 0.0984375 0.06875 0.08046875
28 0.5359375 0.0984375 0.06875 0.08046875
28 0.37421875 0.096875 0.0734375 0.08203125
28 0.821875 0.1140625 0.05390625 0.04453125
28 0.88515625 0.11328125 0.0515625 0.0421875
28 0.9453125 0.11328125 0.053125 0.0421875
28 0.8609375 0.2 0.05390625 0.04296875
28 0.80625 0.20078125 0.04921875 0.0421875
28 0.921875 0.2 0.05546875 0.04453125
28 0.29140625 0.228125 0.0671875 0.078125
28 0.365625 0.23125 0.06484375 0.078125
28 0.67734375 0.2390625 0.0671875 0.05546875
28 0.7546875 0.2390625 0.0625 0.05390625
28 0.88046875 0.2484375 0.0515625 0.04296875
28 0.8171875 0.24609375 0.053125 0.0421875
28 0.9375 0.24765625 0.053125 0.0421875
28 0.521875 0.3265625 0.046875 0.03828125
28 0.5796875 0.3265625 0.04453125 0.0375
28 0.63828125 0.3265625 0.0453125 0.03984375
28 0.809375 0.35 0.046875 0.01953125
28 0.7078125 0.35 0.040625 0.02265625
28 0.7578125 0.35 0.04453125 0.02265625
28 0.6578125 0.3703125 0.05390625 0.03828125
28 0.1859375 0.37109375 0.05078125 0.0421875
28 0.13359375 0.37109375 0.0515625 0.0421875
28 0.0796875 0.37109375 0.05078125 0.0421875
28 0.5390625 0.3703125 0.04921875 0.03828125
28 0.59921875 0.3734375 0.0515625 0.0375
28 0.8171875 0.378125 0.040625 0.01953125
28 0.7125 0.378125 0.046875 0.02265625
28 0.765625 0.378125 0.04453125 0.01953125
28 0.59375 0.4703125 0.09140625 0.06640625
28 0.8875 0.47265625 0.09765625 0.0640625
28 0.49375 0.471875 0.09140625 0.06640625
28 0.69296875 0.4734375 0.0953125 0.06015625
28 0.7953125 0.47265625 0.0875 0.0640625
28 0.39453125 0.475 0.0890625 0.0625
28 0.3703125 0.5828125 0.0875 0.05859375
28 0.4609375 0.584375 0.084375 0.06015625
28 0.8234375 0.5859375 0.08671875 0.05546875
28 0.5609375 0.5828125 0.084375 0.05859375
28 0.65 0.5859375 0.084375 0.05078125
28 0.921875 0.58515625 0.08984375 0.0578125
28 0.7375 0.5859375 0.08515625 0.053125