28 0.44981833889812356 0.3795693583762157 0.10655770060802236 0.16326502583555555
28 0.5314821743733871 0.3713042231176046 0.10812020060802219 0.16330139342673622
28 0.6076281803048862 0.3449248674942713 0.09179486364988403 0.14575021751493064
28 0.05029117142622815 0.41640755642076394 0.1005823428524563 0.13190592306201404
28 0.5577489722453091 0.9319458833102953 0.06985619665368965 0.13610823337940942
28 0.6120372242224754 0.9274769154625698 0.07304486364988402 0.1450461690748604
28 0.031047070152224344 0.21406315321038197 0.06209414030444869 0.17812630642076394
28 0.18146888140720013 0.17156979473725711 0.07929486364988403 0.14545927678548615
28 0.24282021688246366 0.16283188079329883 0.08216519566510652 0.13928201196784729
28 0.30101471885963005 0.15480248166697944 0.0791038626613009 0.14077177678548614
28 0.12631846638817207 0.16246624525034734 0.0638316897336074 0.11075696846486119
28 0.07759446490529731 0.16837009992375007 0.06689302273741302 0.10926720364722228
28 0.3543280612549758 0.1130338621759378 0.049612680836358794 0.06827852773541672
28 0.39764697973404495 0.1054402209334031 0.052865014828747545 0.07147626291777782
28 0.38286171878526787 0.9428453826931598 0.06284219269935694 0.1143092346136804
28 0.3359230517890735 0.9438441850298613 0.06583985870696818 0.11231162994027741