28 0.5042076698759148 0.8840762662791258 0.0460579346753633 0.06670165258848364
28 0.548666194541733 0.887732616321478 0.046076116008908666 0.06826415258848365
28 0.4596400572088239 0.8897949162367734 0.04122498400699968 0.053928636803468065
28 0.9778324566359105 0.1694566983009147 0.04066245735199914 0.13977513154179624
28 0.9224000693030014 0.16956238509026533 0.0983658693507266 0.13376732622365464
28 0.838170519971365 0.1619766692205452 0.10314427601845359 0.1418528420086702
28 0.7523239266390922 0.1591694586124969 0.09840223201781732 0.1368923262236547
28 0.40369442795195676 0.33015387670364743 0.0458215773392725 0.04638915258848364
28 0.4497336339513204 0.33215672148432784 0.03799089600572714 0.04437162628012441
28 0.3623427219525931 0.3278780161379514 0.03955339600572696 0.044462631541796235
28 0.9246876332750027 0.37553936930524984 0.09805678668045381 0.10720482622365468
28 0.5626876199475024 0.35368384001311876 0.08393974267981755 0.10169827886860797
28 0.7327001279440026 0.36954551649088724 0.08215906667727228 0.08285727360693614
28 0.8200092239417753 0.3808554718372637 0.09471361067790847 0.08827281570031094
28 0.6437285346117297 0.3669203164061826 0.0884454293443632 0.08634629465362353
28 0.1795756752864567 0.33461938175355777 0.06815111067790855 0.0867257262518895
28 0.49233875728041154 0.360904076788352 0.0539067973424542 0.07028167889684286
28 0.11790237862032031 0.3343078395895958 0.06971361067790856 0.08681673151356133
28 0.06018987595482026 0.32908128427145417 0.07127611067790858 0.08690773677523325
28 0.23255522461809316 0.3440252028567149 0.07745338534372677 0.08102175782192056
28 0.019555785288047536 0.33222867107492227 0.017823846674090565 0.055688557878390374
28 0.4492518286123661 0.3735629714843278 0.03949885200509069 0.03977513154179615
28 0.357200688613957 0.3672135319229669 0.0458215773392725 0.04638915258848364
28 0.403194441279457 0.37312262670364743 0.04260567067154515 0.03839464206513998
28 0.035799497971046784 0.4673016210890397 0.07159899594209357 0.09039675782192055
28 0.24626045190168636 0.7093848923474886 0.07736247867599957 0.07320925782192056