28 0.240625 0.146875 0.05078125 0.09140625
28 0.178125 0.15 0.053125 0.09140625
28 0.409375 0.15078125 0.046875 0.0765625
28 0.11640625 0.1515625 0.0578125 0.09140625
28 0.30390625 0.15234375 0.0453125 0.0765625
28 0.35546875 0.153125 0.0453125 0.078125
28 0.684375 0.153125 0.04296875 0.05546875
28 0.734375 0.1546875 0.040625 0.05546875
28 0.046875 0.15625 0.053125 0.09140625
28 0.6234375 0.15625 0.04296875 0.05546875
28 0.14765625 0.309375 0.0671875 0.0875
28 0.221875 0.309375 0.05859375 0.09140625
28 0.4109375 0.3171875 0.05625 0.06875
28 0.346875 0.3171875 0.05078125 0.06953125
28 0.2859375 0.31875 0.05546875 0.07109375
28 0.75546875 0.32109375 0.0828125 0.0609375
28 0.9484375 0.32109375 0.084375 0.0609375
28 0.853125 0.3203125 0.08046875 0.06015625
28 0.5765625 0.325 0.04296875 0.05546875
28 0.46875 0.3265625 0.04453125 0.053125
28 0.521875 0.3265625 0.046875 0.053125
28 0.67578125 0.334375 0.0453125 0.03125
28 0.62734375 0.33515625 0.0421875 0.0328125
28 0.4046875 0.43984375 0.07109375 0.0796875
28 0.484375 0.44140625 0.08203125 0.0765625
28 0.071875 0.44609375 0.05546875 0.0578125
28 0.203125 0.4453125 0.06640625 0.06015625
28 0.271875 0.4484375 0.06015625 0.05859375
28 0.33828125 0.4484375 0.0609375 0.05625
28 0.1390625 0.45 0.0625 0.05546875
28 0.71875 0.4546875 0.04296875 0.053125
28 0.66484375 0.4546875 0.0453125 0.05390625
28 0.55625 0.45546875 0.04453125 0.0484375
28 0.6109375 0.4546875 0.04453125 0.05078125
28 0.77421875 0.4578125 0.0484375 0.05625
28 0.83125 0.4578125 0.04453125 0.05625
28 0.95078125 0.4578125 0.0453125 0.05625
28 0.88828125 0.4578125 0.0484375 0.05546875