28 0.95390625 0.6956816629068532 0.0921875 0.11518238229073816
28 0.94296875 0.6194374116532119 0.1140625 0.11269387978345584
28 0.81875 0.1644580581297151 0.1390625 0.12904630548941864
28 0.86015625 0.325753259304214 0.125 0.1036371285298145
28 0.83828125 0.25217100679693155 0.121875 0.10823370031656916
28 0.784375 0.07248951847541407 0.1265625 0.12399509263643718
28 0.71328125 0.4573706353267461 0.0765625 0.06004024122451135
28 0.69921875 0.4132485622863502 0.0796875 0.06013116943775678
28 0.70703125 0.6505212417532368 0.1171875 0.0846598079967011
28 0.690625 0.590061114872775 0.115625 0.08617684389007838
28 0.6421875 0.48756425217807803 0.084375 0.06651756175762476
28 0.6265625 0.43645639324430496 0.08125 0.0633016335443795
28 0.5984375 0.3396184971635131 0.08125 0.07423913354437942
28 0.58125 0.2830873523363626 0.0828125 0.07272209765100213
28 0.56484375 0.22497097545590075 0.0796875 0.07106866943775676
28 0.5390625 0.180408633215175 0.0515625 0.0561878155185485
28 0.46875 0.5738607680131957 0.1015625 0.06701766693047428
28 0.45546875 0.5336222129194885 0.1046875 0.06710859514371954
28 0.44296875 0.4894546757724699 0.1046875 0.06710859514371954
28 0.4984375 0.7331531999873647 0.0953125 0.0996483105039836
28 0.4734375 0.6448181256933276 0.0953125 0.0980858105039836
28 0.52265625 0.8207297563347131 0.09375 0.10429034639736087