28 0.42160049699706936 0.394069881496195 0.04234400889724874 0.04360615626060227
28 0.4630067469970694 0.3926239433844273 0.0377838428896375 0.0465674651536097
28 0.3750146570731816 0.4269022288637897 0.032523339923887826 0.03234127404661713
28 0.30382540657889 0.43172862731984374 0.0341495069200823 0.033958337748947895
28 0.33904532357508443 0.4289384440173995 0.037274506920082204 0.03406746515360979
28 0.6210447400769873 0.41987094574667994 0.06807352076024671 0.10067461179556503
28 0.6780759900769872 0.41787937061160374 0.057327021748829844 0.10498016587924912
28 0.12327840213026572 0.45909720308789215 0.0718696828135252 0.07896330290255768
28 0.18899890262455732 0.4544617775899962 0.07206068380210837 0.08365080290255769
28 0.503969986616946 0.4403421915703287 0.059242348821136305 0.07540179328391083
28 0.25137156863216853 0.4554042294967619 0.06230368182494202 0.07394842068857255
28 0.5579717371112377 0.43611599383991423 0.05605368182494193 0.07373016587924912
28 0.45127606813787685 0.45076382559841244 0.04428851087441501 0.053035719962933214
28 0.40902490114168255 0.4537995455613455 0.04741351087441483 0.05314484736759475
28 0.29917239867022466 0.46933775472450545 0.03440417490485981 0.0402083377489479
28 0.3695167321683218 0.46610113811961684 0.03752917490485981 0.04031746515360979
28 0.3342968151721274 0.46889132142206114 0.032841674904859806 0.04015377404661713
28 0.12478786950702096 0.6135118845762377 0.04766817885919248 0.05939484736759475
28 0.5402046224727706 0.5849627216073956 0.07186968281352506 0.07896330290255768
28 0.17638220300511814 0.6109300323993196 0.05391817885919248 0.059613102176918176
28 0.23191462000131255 0.6074305209665741 0.05066584486680368 0.05637897477225664
28 0.4713272884803817 0.5904885245099533 0.06967051285158128 0.06328373920022674
28 0.6097358724727705 0.5825346368536726 0.07524935079830275 0.0853224303072194
28 0.40323120448799293 0.5959870455613455 0.06660917984777566 0.06473711179556503
28 0.282600369507021 0.6080009506408214 0.050538510874414924 0.05325397477225664
28 0.34441462000131257 0.6035019343987527 0.053790844866803675 0.05648810217691817
28 0.2661954836140155 0.8574379554501448 0.02840884288963732 0.04624008293962447
28 0.2982585671121127 0.8555381495523623 0.02997134288963732 0.04629464664195524
28 0.3294449001159183 0.8560093755057452 0.03153384288963732 0.046349210344286365
28 0.1476444603823109 0.9715773557202972 0.04553267589344294 0.045277783665263624
28 0.19377004388040814 0.9691864765015371 0.050283842889637366 0.04700397477225664
28 0.2390507103823109 0.9683853791339423 0.04709517589344294 0.0453323473675951
28 0.28361379388040814 0.966049063617513 0.04872134288963732 0.046949411069925874
28 0.3845223778727969 0.9594047048171728 0.05678851087441483 0.05347222958157971
28 0.4438973778727969 0.9573312841286 0.06303851087441484 0.053690484390903494
28 0.33048879388040814 0.964412152547587 0.04559634288963732 0.04684028366526398
28 0.5023956273785053 0.9576288952911931 0.05653384288963732 0.04722222958157971
28 0.5633649608766025 0.9547196609002896 0.06115767589344294 0.04582342068857272
28 0.6235212108766025 0.9526189583605518 0.05940417490485981 0.041081356986241956
28 0.6798030443746997 0.949873415076641 0.06402800790866543 0.03968254809323426