28 0.4171875 0.275 0.08203125 0.08984375
28 0.74921875 0.275 0.0734375 0.084375
28 0.503125 0.275 0.08046875 0.08046875
28 0.671875 0.2765625 0.071875 0.084375
28 0.5828125 0.27734375 0.07421875 0.0828125
28 0.821875 0.2796875 0.071875 0.08046875
28 0.515625 0.42890625 0.07578125 0.0890625
28 0.8234375 0.43125 0.06953125 0.084375
28 0.271875 0.43125 0.0625 0.10078125
28 0.6734375 0.43125 0.07421875 0.084375
28 0.20234375 0.4328125 0.0609375 0.09609375
28 0.59609375 0.43359375 0.0734375 0.0890625
28 0.7484375 0.4328125 0.071875 0.084375
28 0.4328125 0.4359375 0.07578125 0.08671875
28 0.3453125 0.4375 0.07578125 0.08671875
28 0.38125 0.596875 0.05078125 0.07109375
28 0.61484375 0.5984375 0.0359375 0.053125
28 0.66875 0.5984375 0.0375 0.053125
28 0.32578125 0.5984375 0.0515625 0.06875
28 0.5671875 0.5984375 0.0375 0.053125
28 0.5234375 0.6015625 0.0375 0.053125
28 0.26796875 0.6015625 0.0515625 0.06875
28 0.2078125 0.60390625 0.053125 0.0734375
28 0.478125 0.603125 0.0375 0.05390625
28 0.43125 0.6046875 0.03984375 0.05390625