28 0.36811591417892275 0.07946180366555092 0.06059666327441153 0.05346134328594585
28 0.4287668091359686 0.07434757766965602 0.06067855042954129 0.05502384328594585
28 0.07480964947960164 0.11602497579950317 0.0988203595655099 0.12709883118569745
28 0.162640520126388 0.10794483108750157 0.09585913387576941 0.13020565046753818
28 0.3114465123244719 0.11583966520006528 0.06873006784239584 0.08943520472226432
28 0.8426688568519765 0.05879231800529453 0.09471271370395291 0.1083306504675382
28 0.24059842378986113 0.12011355386194267 0.07662445499752568 0.09104315651766241
28 0.7590717848257091 0.07314518861499517 0.0938053109449907 0.12082156010845857
28 0.6903594063770067 0.08836566763595219 0.07317190637700648 0.08477497579950317
28 0.6205382293077851 0.09733160147736938 0.06716756784239593 0.0894261143631847
28 0.3771910210308992 0.1334044151018694 0.056072937584671044 0.056559072208707
28 0.4324141095655099 0.12903962284919585 0.057471663274411534 0.053443162567786605
28 0.8585051345531379 0.5845053903121974 0.10063516508343398 0.10211701190385672
28 0.7543089574839165 0.593271336253863 0.09923643939369349 0.10523292154477701
28 0.6661881597679086 0.6107219357863248 0.09685506784239592 0.08959883118569749
28 0.48065677351728997 0.6322918878763104 0.09011374491161739 0.08018746974937904
28 0.389905620758328 0.6442601018701529 0.0840275192218769 0.0832761083130606
28 0.572516724896771 0.626578219062008 0.09660940637700648 0.08491133118569749
28 0.6535697303238379 0.7723179659387499 0.08838747060135788 0.07705337939029952