28 0.0453125 0.23671875 0.08984375 0.1421875
28 0.14453125 0.2390625 0.0828125 0.13203125
28 0.23671875 0.24609375 0.0890625 0.1296875
28 0.3234375 0.2484375 0.08203125 0.13125
28 0.4625 0.4421875 0.03984375 0.03984375
28 0.58984375 0.44375 0.0328125 0.03828125
28 0.50390625 0.4453125 0.0328125 0.04296875
28 0.546875 0.4453125 0.03515625 0.040625
28 0.96640625 0.4625 0.0265625 0.053125
28 0.9296875 0.46328125 0.03125 0.0515625
28 0.8921875 0.4640625 0.02890625 0.053125
28 0.853125 0.46484375 0.03359375 0.0515625
28 0.175 0.465625 0.07421875 0.09609375
28 0.765625 0.4671875 0.03359375 0.05546875
28 0.725 0.465625 0.0375 0.06015625
28 0.63125 0.46796875 0.03515625 0.0640625
28 0.809375 0.4671875 0.03515625 0.05546875
28 0.6796875 0.4671875 0.03515625 0.0625
28 0.36171875 0.475 0.0453125 0.06484375
28 0.4140625 0.475 0.03984375 0.06484375
28 0.24296875 0.4765625 0.0484375 0.06875
28 0.3015625 0.4765625 0.04921875 0.06875
28 0.58828125 0.484375 0.0328125 0.02734375
28 0.46015625 0.4859375 0.0421875 0.03515625
28 0.50625 0.4875 0.03359375 0.03515625
28 0.54765625 0.4890625 0.0328125 0.03125
28 0.2921875 0.61953125 0.08203125 0.0953125
28 0.2 0.6265625 0.08515625 0.1
28 0.10234375 0.62890625 0.0984375 0.1078125
28 0.83984375 0.71328125 0.0578125 0.0734375
28 0.784375 0.71484375 0.05625 0.0796875
28 0.7234375 0.72421875 0.05859375 0.0796875
28 0.6625 0.73125 0.0625 0.08203125
28 0.5890625 0.740625 0.06640625 0.08203125
28 0.5171875 0.7484375 0.07109375 0.08046875
28 0.4421875 0.759375 0.07578125 0.084375
28 0.359375 0.765625 0.08203125 0.08984375
28 0.278125 0.775 0.08046875 0.08671875
28 0.1859375 0.7828125 0.08671875 0.09609375
28 0.0921875 0.78984375 0.084375 0.0984375
28 0.3671875 0.9046875 0.06953125 0.06015625
28 0.284375 0.91796875 0.08046875 0.0609375
28 0.19375 0.93125 0.078125 0.06484375
28 0.10546875 0.940625 0.0734375 0.0625