28 0.8197524011549092 0.40791639359824944 0.033076120413308985 0.04703213025772475
28 0.7455336511549093 0.4040267537295863 0.033085210772388504 0.048594630257724744
28 0.7095916059753694 0.402924599161602 0.033085210772388504 0.0485946302577247
28 0.7814711511549093 0.4059101582975705 0.03621021077238851 0.04875840456798426
28 0.23455069935951117 0.3850621540021574 0.031504530054229284 0.04538774310259504
28 0.15642115417997135 0.3817490462456698 0.033057939695149675 0.04390713025772488
28 0.19548819935951117 0.38301497512391364 0.031495439695149674 0.043825243102594946
28 0.2728410397185908 0.38550588930283636 0.03462043969514968 0.04398901741285455
28 0.5303495335702707 0.3169450763216805 0.031404536104353474 0.028200243102595036
28 0.7249125998270494 0.3216712771353346 0.028215903590796287 0.017098968792335523
28 0.6920773739293503 0.32385789687760985 0.028270445745273952 0.026473968792335524
28 0.6272290787498106 0.32124082993972514 0.02981476502711473 0.02343085594746528
28 0.5647290787498106 0.31796534373453506 0.029851126463433176 0.02968085594746528
28 0.5936398739293504 0.31869900610443547 0.031395445745273955 0.026637743102595035
28 0.6600506691088901 0.32139796019744993 0.029832945745273776 0.02655585594746528
28 0.22963191608382805 0.2902442989592033 0.06136474687674207 0.07663109905006031
28 0.16791316608382806 0.2870097563315781 0.06132838544042354 0.07038109905006032
28 0.6289779311109427 0.28929146709485487 0.028270445745273775 0.026473968792335524
28 0.5313171359314028 0.2849547698992454 0.03293976502711473 0.02359463025772479
28 0.6946029311109427 0.2927307276103045 0.031395445745273774 0.026637743102595035
28 0.593031340751863 0.2889705625268706 0.03450226502711473 0.023676517412854547
28 0.728187590751863 0.2960538014455941 0.032957945745273776 0.02671963025772479
28 0.5633483859314029 0.2866334565794053 0.026707945745273954 0.026392081637205765
28 0.6610091811109428 0.2909701537750148 0.031395445745273774 0.026637743102595035
28 0.2047460664531704 0.13498691089956236 0.0628545240041051 0.06421298620519007
28 0.1359915212736306 0.13216512607385328 0.06440793364502548 0.06273237336031982
28 0.3453892471713297 0.13923175486124 0.06914997579950324 0.0723530348257091
28 0.2742954971713296 0.13550588930283633 0.07226588544042353 0.0709543091359686
28 0.41573356342810824 0.13744792684207888 0.0675420240041051 0.06445864767057934
28 0.2011877117543472 0.6122897173219976 0.04580337939029935 0.08674972749876275
28 0.14883487139526755 0.6111089976251508 0.04580337939029935 0.08674972749876275
28 0.815327479806524 0.63119011928799 0.05197156615858276 0.07301477611928178
28 0.7629791846269841 0.6292281495911433 0.04727497579950324 0.07120661465389251
28 0.2832598683702055 0.6095575429663095 0.03478406615858276 0.07211401741285464
28 0.2449786183702055 0.6075513076656305 0.036337475799503235 0.07063340456798421
28 0.34182232299427395 0.4836811177061103 0.050345433645025486 0.06199538896415202
28 0.2925990278147341 0.481882922319523 0.04565793364502548 0.06174972749876275
28 0.1972819826351943 0.47766905585660824 0.04566702400410509 0.06331222749876275
28 0.24572402781473413 0.47942630766563055 0.0441045240041051 0.06323034034363317
28 0.1488399374556545 0.475911804047586 0.042542024004105096 0.06314845318850323
28 0.4668495940715127 0.4855445901164904 0.03620112041330899 0.04719590456798421
28 0.3848183440715128 0.48124551447217845 0.0362011204133089 0.04719590456798421
28 0.42465754889197294 0.48411488692798715 0.03778180113146821 0.05040279172311415