28 0.15036681439792127 0.8724148346035431 0.028153743731793846 0.0548420361043533
28 0.12458556439792126 0.8725648255283567 0.026591243731793845 0.054832945745273774
28 0.20762538493103463 0.864270536497137 0.0265003155185485 0.05170794574527378
28 0.17789242082441198 0.8660057533196497 0.0265003155185485 0.05170794574527378
28 0.23512825930421402 0.8586427052132436 0.02806281551854841 0.0517170361043533
28 0.7504924980214429 0.7572235674351291 0.04382420783841656 0.056495439695149585
28 0.5414441069552162 0.774062130372258 0.045568564264907255 0.06275453005422911
28 0.5861572133817068 0.7675530551384889 0.04565949247815269 0.06587953005422928
28 0.6770777300747544 0.756869564311871 0.045568564264907255 0.06275453005422946
28 0.7154499082879997 0.7535218505144204 0.04088106426490725 0.06272725897699054
28 0.6308475877548863 0.7618252299047198 0.045568564264907255 0.06275453005422929
28 0.11287282607640374 0.8187358435805334 0.026318459092057767 0.04545794574527377
28 0.1912478786628285 0.8096875756265526 0.026318459092057767 0.04545794574527377
28 0.1387904683962718 0.8138983526557197 0.026363923198680438 0.047020445745273774
28 0.1654211645562058 0.8114000665513663 0.026363923198680438 0.047020445745273774
28 0.2249780209826965 0.8048046329063407 0.027880959092057723 0.04546703610435339
28 0.38484241745919967 0.679676846998379 0.03293217194503919 0.05799430718159222
28 0.5101833982588697 0.6672308682720096 0.03940949247815269 0.06584316861791084
28 0.41698732772575636 0.6755842446372469 0.03605717194503914 0.05801248789975162
28 0.5439135405787379 0.6623479255517978 0.036329956584775405 0.06738748789975162
28 0.5737374328986059 0.6574877087292851 0.037892456584775226 0.06739657825883114
28 0.6050783611118512 0.6541809015476927 0.03793792069139794 0.06895907825883114
28 0.4789106662055585 0.6681939254536019 0.03463106426490725 0.0626908975406721
28 0.44835098799231315 0.6714961874556545 0.0329321719450391 0.057994307181592396
28 0.30520038156582235 0.6785779553114395 0.04060827962517113 0.053352258976990544
28 0.270802649512511 0.6795591932111911 0.04069920783841656 0.05647725897699054
28 0.3460981662055585 0.6689666059753694 0.04359688730530316 0.048682939695149585
28 0.37673205225722034 0.6094234343323965 0.041335705331134065 0.07835225897699054
28 0.40963548047046566 0.6061075367917246 0.03811977711788868 0.07520907825883114
28 0.26078880351086153 0.6210336209042883 0.04262542069139794 0.06898634933607006
28 0.2983797317241069 0.6176904522863774 0.045704956584775226 0.06744203005422929
28 0.5029452112701358 0.5938479104264873 0.03821070533113406 0.07833407825883114
28 0.4387008548436452 0.6004706151487517 0.04124477711788863 0.07522725897699054
28 0.6008969779631832 0.5831235129840111 0.03972774122451135 0.07678066861791066
28 0.4731667830568904 0.597145627249 0.03655727711788863 0.07519998789975162
28 0.5374111394833812 0.5905229225267357 0.03968227711788863 0.07521816861791084
28 0.5679935497499379 0.5864394105246832 0.03816524122451135 0.07677157825883114
28 0.33918658815059766 0.6112041029503074 0.03940949247815269 0.06584316861791084
28 0.482832602732074 0.4260246061717612 0.05093802586424747 0.08621930113146821
28 0.44128996041220603 0.4309530006873711 0.0509380258642473 0.08621930113146807
28 0.39744903219896066 0.4343325307416004 0.05084709765100213 0.08309430113146807
28 0.5388469220115463 0.4069518984244348 0.028199207838416385 0.056404536104353475
28 0.5615941002247915 0.4036950882177803 0.0282446719450391 0.05796703610435348
28 0.5177077079049235 0.40863711827200955 0.02663670783841656 0.056395445745273956
28 0.587534474597971 0.3980763472929666 0.0282446719450391 0.05796703610435357
28 0.49566052632646584 0.2267649495559029 0.04978470282385157 0.1002727107723885
28 0.5318253468595794 0.21874337129707172 0.04969377461060631 0.09714771077238851
28 0.6031236853393814 0.2112985099589491 0.044960810503983595 0.09555793969514967
28 0.567876507126136 0.21462804303824048 0.045006274610606314 0.09712043969514968
28 0.1825909103330637 0.462921659935508 0.054244882290738164 0.09248748184962743
28 0.22332957059962041 0.4587790605994379 0.0525459899708701 0.08779089149054772
28 0.26496314113273384 0.450725666083828 0.055716454077492816 0.08937157220870695
28 0.30967624755922457 0.44421659085005893 0.05098348997087019 0.08778180113146802
28 0.3495427296125359 0.44320353669352863 0.05254598997087019 0.08779089149054786