28 0.9828125 0.3388134141389204 0.034375 0.09551248789975161
28 0.94375 0.3226344231159109 0.075 0.09418633723582168
28 0.878125 0.30270371819725483 0.0796875 0.09733860831306043
28 0.6953125 0.2545485402095701 0.0703125 0.09415906615858276
28 0.63828125 0.23691158831597617 0.0703125 0.09728406615858276
28 0.82265625 0.26630767594458127 0.065625 0.05506929508134393
28 0.76015625 0.24948379030776596 0.06875 0.05664997579950315
28 0.95390625 0.1663253357818934 0.0921875 0.10366133118569745
28 0.865625 0.13558894106989178 0.1109375 0.11627041549465282
28 0.85703125 0.8387639380448297 0.1546875 0.17277494554888229
28 0.73671875 0.8019638956939602 0.153125 0.1680783551898025
28 0.63203125 0.7564791997522946 0.109375 0.1396988251355733
28 0.546875 0.7311933743221338 0.1125 0.13971700585373234
28 0.46015625 0.7051353892510526 0.109375 0.1365738251355733
28 0.878125 0.6612974681972548 0.1453125 0.14303290339440444
28 0.759375 0.6237070854873058 0.1421875 0.14770222267624522
28 0.78203125 0.4485752752806514 0.103125 0.13497496369925482
28 0.9515625 0.4936827213205127 0.096875 0.1271261022629364
28 0.86875 0.46760201035173254 0.10625 0.1240556444174139
28 0.70078125 0.4217042239527914 0.1046875 0.12873405405833438
28 0.61953125 0.39952067262493157 0.103125 0.13184996369925478