28 0.25625 0.75234375 0.025 0.0484375
28 0.225 0.75546875 0.02265625 0.0453125
28 0.2828125 0.75390625 0.025 0.0484375
28 0.31171875 0.75546875 0.0265625 0.0453125
28 0.34375 0.75703125 0.02734375 0.0453125
28 0.3765625 0.75703125 0.025 0.0453125
28 0.4078125 0.75703125 0.025 0.0453125
28 0.2328125 0.8609375 0.02421875 0.01953125
28 0.2609375 0.8625 0.025 0.01953125
28 0.35625 0.884375 0.04921875 0.05390625
28 0.40859375 0.8875 0.0484375 0.053125
28 0.4625 0.8890625 0.04921875 0.04921875
28 0.2296875 0.89765625 0.02265625 0.0203125
28 0.2609375 0.90234375 0.02734375 0.0203125
28 0.2625 0.2234375 0.05625 0.09375
28 0.3265625 0.2234375 0.06015625 0.08984375
28 0.3875 0.2234375 0.05625 0.08984375
28 0.20625 0.228125 0.053125 0.08984375
28 0.3046875 0.36171875 0.046875 0.0953125
28 0.3921875 0.3734375 0.03828125 0.071875
28 0.475 0.37265625 0.0375 0.0734375
28 0.35 0.3734375 0.03828125 0.071875
28 0.4328125 0.3734375 0.03828125 0.071875
28 0.3078125 0.4890625 0.040625 0.0875
28 0.2640625 0.48984375 0.0375 0.0890625
28 0.35 0.4890625 0.03984375 0.0875
28 0.60234375 0.49765625 0.0296875 0.0796875
28 0.6359375 0.496875 0.02890625 0.07578125
28 0.66796875 0.49609375 0.0296875 0.0765625
28 0.2234375 0.4890625 0.03984375 0.08671875
28 0.56875 0.49765625 0.02734375 0.0765625
28 0.39140625 0.490625 0.0359375 0.0875
28 0.4328125 0.4890625 0.03828125 0.08671875
28 0.53671875 0.49765625 0.0296875 0.0765625
28 0.7015625 0.4984375 0.02890625 0.07421875
28 0.47109375 0.4984375 0.0296875 0.07421875
28 0.50234375 0.4984375 0.0296875 0.07421875
28 0.39609375 0.6109375 0.0484375 0.06875