28 0.11171875 0.5359375 0.0671875 0.10078125
28 0.03671875 0.5359375 0.0671875 0.1
28 0.334375 0.540625 0.09375 0.09375
28 0.4265625 0.54140625 0.0875 0.0921875
28 0.52265625 0.540625 0.0890625 0.09375
28 0.2546875 0.55 0.05390625 0.06953125
28 0.1859375 0.5515625 0.05625 0.06875
28 0.81796875 0.5515625 0.0984375 0.07421875
28 0.7171875 0.5515625 0.09609375 0.071875
28 0.6203125 0.55 0.09765625 0.07421875
28 0.96484375 0.565625 0.0515625 0.03984375
28 0.9 0.565625 0.046875 0.03828125
28 0.528125 0.66328125 0.11796875 0.0921875
28 0.0265625 0.66328125 0.053125 0.0921875
28 0.2234375 0.665625 0.10078125 0.1
28 0.1140625 0.6640625 0.10546875 0.09765625
28 0.4171875 0.66875 0.08671875 0.08984375
28 0.3234375 0.66875 0.0875 0.0875
28 0.64296875 0.675 0.1078125 0.06953125