28 0.0640625 0.0875 0.09140625 0.11875
28 0.39921875 0.10390625 0.0796875 0.0890625
28 0.2203125 0.10546875 0.08671875 0.0921875
28 0.3125 0.10546875 0.0875 0.0921875
28 0.14296875 0.1140625 0.0609375 0.06875
28 0.8828125 0.1109375 0.06953125 0.06640625
28 0.9578125 0.1140625 0.07578125 0.06875
28 0.81015625 0.1140625 0.0734375 0.06953125
28 0.778125 0.234375 0.04921875 0.03515625
28 0.6625 0.2359375 0.04921875 0.03515625
28 0.7234375 0.2375 0.05546875 0.0375
28 0.60546875 0.2734375 0.0640625 0.06484375
28 0.7890625 0.2828125 0.05859375 0.03515625
28 0.73203125 0.28359375 0.0515625 0.0359375
28 0.6703125 0.2828125 0.05859375 0.03828125
28 0.93125 0.40390625 0.115625 0.0921875
28 0.81875 0.4046875 0.11328125 0.09609375
28 0.5921875 0.40546875 0.115625 0.0984375
28 0.25 0.4046875 0.10703125 0.09765625
28 0.47578125 0.40625 0.1046875 0.09765625
28 0.3671875 0.40625 0.10703125 0.09609375
28 0.7078125 0.4078125 0.10546875 0.09375
28 0.5015625 0.5515625 0.09765625 0.08671875
28 0.39765625 0.5515625 0.1046875 0.0875
28 0.28125 0.55078125 0.103125 0.0890625
28 0.59375 0.5546875 0.08984375 0.078125
28 0.68984375 0.55625 0.0890625 0.07421875
28 0.784375 0.5546875 0.0875 0.07578125
28 0.8828125 0.55546875 0.08984375 0.0796875
28 0.490625 0.69609375 0.08671875 0.0734375
28 0.58515625 0.7015625 0.0890625 0.07421875
28 0.6859375 0.69921875 0.09375 0.0765625