28 0.5808991221618248 0.8897377991032002 0.11760565651766246 0.07392051542127547
28 0.7066849173413645 0.8927145689887027 0.11760565651766228 0.07392051542127547
28 0.8441849173413646 0.8951146404163326 0.10505111436318479 0.06432732710967279
28 0.9566985528799841 0.8994220852207568 0.0722386143631848 0.06375458279171582
28 0.5293588271786767 0.7583826590873143 0.11930451190385671 0.09738528896022594
28 0.6324792819991368 0.7594014626580367 0.0801420179539809 0.07951595048646727
28 0.7081514476901815 0.7419742292971281 0.0548602168225127 0.03064207386326192
28 0.7675309928697213 0.743791873777241 0.0517352168225127 0.030587526785361162
28 0.8245622428697214 0.7447873579489285 0.0548602168225127 0.030642073863261742
28 0.9550582639469601 0.7517521984512818 0.057985216822512696 0.030696620941162676
28 0.8902008784083406 0.7482765965848428 0.0642533975406721 0.03393071509696384
28 0.664573643631847 0.6365367069759937 0.09094316256778648 0.05626936525911965
28 0.8896054598886257 0.6459328465848427 0.09562157220870696 0.0547886858759707
28 0.7684798936318471 0.6383503973161915 0.0956579336450254 0.0610386858759707