28 0.2538472322356603 0.6926663665784525 0.10854115824437507 0.1027668557412186
28 0.3266021336430904 0.15638401528585816 0.09073540919430556 0.07550401878308036
28 0.31715570488149325 0.22089218425921892 0.09382404160312507 0.07406885277546911
28 0.27535724990309085 0.6088988616355366 0.0911354526972918 0.09269151878308027
28 0.2535218835461812 0.7794806170727441 0.09571384992375007 0.0881950197716634
28 0.2436578806963896 0.8596456195442019 0.09109908510611123 0.09112901878308008
28 0.3232797247331252 0.28241993327063575 0.06697060087368065 0.060486513840164416
28 0.31661280385531276 0.33195701825160767 0.06533536569131951 0.05729784684397003
28 0.30485964589527814 0.43174877121735716 0.06693423328249999 0.05892401384016459
28 0.290926392095556 0.5386672746773984 0.07176720364722229 0.06536501482874754
28 0.2982654601998268 0.48441085619832924 0.07176720364722229 0.06536501482874754
28 0.3224822505686809 0.3825472672630245 0.041679660144236144 0.046967841901054186