28 0.9206077907371564 0.22796014244492743 0.06479455417661058 0.08387616801906325
28 0.9679729423087331 0.23504198538291282 0.04775260339082195 0.08670115909060953
28 0.8621595899513681 0.22381238473428972 0.06970037799792798 0.0886454886359143
28 0.8061279137726857 0.2181430373320775 0.06806510339082203 0.087055715096964
28 0.9458153442945942 0.39181413676288457 0.07765842721213971 0.09190685633066593
28 0.8703251927230177 0.3842413701237931 0.08063787799792799 0.08883640340856669
28 0.7963611538478881 0.377477127023652 0.08390842721213972 0.09201595048646727
28 0.722996428454994 0.37463277069298595 0.06464900496239885 0.08075116801906326
28 0.3420396809361934 0.32810700365015266 0.04924232878371626 0.08516593262955982
28 0.610224600704735 0.36171793911908634 0.06137845574818712 0.07757162094116259
28 0.2992892547575109 0.32266948132901835 0.05080482878371626 0.0851932061685102
28 0.2534502158823814 0.3163961619299833 0.05236732878371626 0.08522047970746058
28 0.20828326509659317 0.31248022930042346 0.05556510339082212 0.08683752678536125
28 0.6677096149727586 0.3697583100602489 0.06464900496239867 0.08075116801906326
28 0.5639125268834174 0.36560086972005135 0.04651543507002263 0.06013865909060954
28 0.4752866745260526 0.3546712779998819 0.04651543507002245 0.06013865909060954
28 0.1620075785788285 0.31558190990138846 0.04509848428423426 0.06323638555165925
28 0.12234576509659316 0.3109801846581547 0.04353598428423431 0.06320911201270878
28 0.518073488008288 0.35932755032101626 0.0448073858558109 0.056986385551659156
28 0.43090097374026437 0.35076898213979724 0.04651543507002245 0.06013865909060954
28 0.384443350704735 0.35777691274076223 0.04386131596343468 0.03667388555165925
28 0.9233131439230908 0.5391976513733813 0.08249147642635143 0.09511367694751698
28 0.8532189677444084 0.5332828421206159 0.07751287799792834 0.08878185633066593
28 0.7808902034763846 0.5249833725594251 0.07744010339082212 0.08721935633066594
28 0.6327074146012551 0.5169236363591428 0.07849318114108109 0.0763091298696164
28 0.5611962876367844 0.5078565535674271 0.07522263192686936 0.07312958279171564
28 0.7034736788692788 0.5251958323813832 0.07856595574818712 0.0778716298696164
28 0.5031654638154668 0.5115349326262646 0.0463698858558109 0.057013659090609535
28 0.4597429495474432 0.5037400235356551 0.04807793507002263 0.06016593262956001
28 0.3259137591007371 0.4896757491859258 0.048005160462916766 0.058603432629559825
28 0.416102111458102 0.5006326144450455 0.0448073858558109 0.056986385551659066
28 0.3725704352794196 0.49518145535443603 0.048005160462916766 0.058603432629559825
28 0.8882938269261988 0.6699430909027999 0.0780565334984459 0.0669341298696164
28 0.8110956261404105 0.6654680507247581 0.07805653349844599 0.0669341298696164
28 0.7364594991759397 0.6563464208551417 0.07009848428423435 0.06367276217486459
28 0.6719432349079161 0.6481833189887027 0.07478598428423436 0.06375458279171546
28 0.5334993190683159 0.6324747240221225 0.07166098428423417 0.06370003571381488
28 0.5996144706398925 0.6398838494275119 0.06682793507002245 0.060493215096963836
28 0.4673841674967393 0.6250655986167329 0.06697348428423436 0.06361821509696383