28 0.2059667789740748 0.7523398307377083 0.10998405405833438 0.107233231382639
28 0.2268565167756305 0.8510858020523611 0.11317268657189175 0.11824346656500007
28 0.2524064834999474 0.945035170593472 0.11307269262201594 0.10105596656499997
28 0.18432760742929774 0.6590807932186457 0.10528746369925476 0.10556162860909737
28 0.06674311416679299 0.19066006117041662 0.0848931504675382 0.09102634992375007
28 0.08357206586399521 0.26293445146302075 0.08487496974937898 0.08790134992375007
28 0.09964249345889648 0.3391332755512152 0.0896170119038567 0.09738545269729179
28 0.11569928551517832 0.4129883496394096 0.08169542759490125 0.07845361474138901
28 0.1341225534691592 0.49069512234083323 0.08645565046753823 0.09106271751493064
28 0.15413104732083913 0.5722717774510763 0.08642837939029935 0.08637521751493064
28 0.3468583819243821 0.3919809461446872 0.03777271077238851 0.04774782218833336
28 0.35886347823539005 0.440926939210833 0.042451120413308986 0.04629442496187508
28 0.4718195588319123 0.9196130240326038 0.10054542154477701 0.09607752583555537
28 0.36932425526455726 0.4930342998681594 0.04402271077238851 0.047893292553055564
28 0.3341038518701528 0.34852188687413166 0.04251475292686617 0.05723192496187508
28 0.42022472169428654 0.7809512207459719 0.09423178903121969 0.08499455547083343
28 0.43781674267332954 0.8500824272429858 0.0879817890312197 0.08484908510611114
28 0.3948474717924824 0.7166893522048607 0.06756929508134393 0.06718880642076393
28 0.3811980622497579 0.6537172267298954 0.06911361436318479 0.0641001740119446
28 0.3516145804983264 0.5379837771667357 0.07223861436318471 0.06417290919430556
28 0.3675850141433519 0.5969951012549302 0.06908634328594587 0.05941267401194459
28 0.2942146500747548 0.34163676044923585 0.03777271077238851 0.04774782218833336
28 0.30387599638576274 0.39063730490215254 0.03621930113146821 0.04927395459715287
28 0.31510438787631045 0.44038273176388865 0.03467498184962743 0.052362587005972294
28 0.32320323418731844 0.48941964380798586 0.034656801131468205 0.04923758700597229