28 0.46953125 0.63203125 0.0296875 0.0453125
28 0.4296875 0.634375 0.03125 0.04921875
28 0.0609375 0.36484375 0.115625 0.1109375
28 0.1640625 0.371875 0.10703125 0.103125
28 0.2765625 0.38515625 0.09140625 0.0796875
28 0.4171875 0.3921875 0.05078125 0.0625
28 0.3609375 0.390625 0.05078125 0.06484375
28 0.584375 0.390625 0.040625 0.0625
28 0.4765625 0.39375 0.04296875 0.07109375
28 0.528125 0.39296875 0.04453125 0.0640625
28 0.9265625 0.3953125 0.06640625 0.06875
28 0.85390625 0.3953125 0.0640625 0.06875
28 0.7953125 0.40859375 0.040625 0.0359375
28 0.5140625 0.5046875 0.053125 0.07578125
28 0.321875 0.50625 0.0625 0.08203125
28 0.38828125 0.5046875 0.0609375 0.084375
28 0.453125 0.5078125 0.05546875 0.07421875
28 0.2546875 0.50625 0.06640625 0.08203125
28 0.7171875 0.60703125 0.05546875 0.0734375
28 0.65859375 0.61640625 0.0484375 0.0609375
28 0.5625 0.61875 0.03359375 0.06875
28 0.51328125 0.621875 0.0359375 0.06875
28 0.60625 0.6203125 0.04453125 0.06015625