28 0.4640625 0.1984375 0.10703125 0.09765625
28 0.6 0.19921875 0.09609375 0.0953125
28 0.7140625 0.20078125 0.10234375 0.0953125
28 0.82734375 0.2015625 0.1046875 0.09609375
28 0.94296875 0.20390625 0.1046875 0.0953125
28 0.9140625 0.3765625 0.07109375 0.05625
28 0.60703125 0.65234375 0.0796875 0.0953125
28 0.5125 0.653125 0.08046875 0.09609375
28 0.6859375 0.6734375 0.05859375 0.05859375
28 0.884375 0.6734375 0.05625 0.05390625
28 0.825 0.6734375 0.05546875 0.05546875
28 0.75703125 0.6734375 0.0640625 0.05546875