28 0.9149162930134679 0.5249032992187209 0.09760705417661057 0.08717897642635145
28 0.7452373397464802 0.5694453194826006 0.09753427956950453 0.08561647642635144
28 0.8295952231210919 0.5491456280024372 0.09760705417661049 0.08717897642635145
28 0.6639316817647629 0.5911619617485522 0.09299232878371626 0.08852315260503385
28 0.5933088126581751 0.6178379317647629 0.07158820967712849 0.06413958271265763
28 0.2602736807313056 0.7050683738640988 0.06526543507002262 0.062285984284234173
28 0.3945052855698698 0.668413782260101 0.07158820967712849 0.06413958271265781
28 0.4598948451231637 0.6536748860652078 0.06846320967712849 0.0639940334984459
28 0.3249547648917054 0.6888033649727587 0.07158820967712849 0.06413958271265763
28 0.5262475911942224 0.6349933525667618 0.07315070967712849 0.06421235731976367
28 0.03815893217904766 0.7707619561624718 0.05963186517764644 0.04175516046291676
28 0.0941734917323416 0.7564597076102139 0.056434090570540586 0.04004711124870504
28 0.1486255512856355 0.7422302336650618 0.0565068651776464 0.041609611248705033
28 0.2006974735353765 0.7288911716305685 0.05650686517764643 0.041609611248705033