28 0.04613621787104683 0.36945492626600696 0.09227243574209366 0.1295348525320139
28 0.7735343646012861 0.29251413872843235 0.0826161818249421 0.0765162683452643
28 0.7659884614452561 0.22786010452756528 0.07949118182494211 0.07633425782192058
28 0.7913638517497048 0.3546347071301663 0.07161501482874755 0.07431673151356133
28 0.8144591590503479 0.47971030184025965 0.0748036818249421 0.07606124203690498
28 0.8021939223962207 0.4155645018543771 0.07129667984777574 0.06650423151356133
28 0.05894262399282631 0.4711007262518895 0.11788524798565261 0.132826452503779
28 0.07139023861270297 0.5709488078078031 0.14278047722540593 0.13337248407381014
28 0.8806239644110058 0.22044098862961028 0.09881418479069168 0.09148882096198277
28 0.895105617072744 0.2878482965080006 0.09250051779449713 0.08956229991529537
28 0.09534310863260605 0.6774564130412402 0.14884335969555132 0.13337248407381014
28 0.23375959878395536 0.33625383134415215 0.13564302273741297 0.11545694198043535
28 0.26206632950658343 0.42952568920842504 0.13439885771838495 0.12317843671876356
28 0.28324630973491993 0.5247317733951746 0.13589769072219057 0.12170694198043534
28 0.3019870394689649 0.6221450996894164 0.14064885771838503 0.12354245776545092
28 0.43278468920213475 0.31417224694564105 0.10343801779449713 0.09019933674699834
28 0.48784096783386577 0.5773694679358587 0.11038835475263546 0.10775085779368573
28 0.47343756962075173 0.4888229074266325 0.10882585475263547 0.10765985253201382
28 0.40735756076068413 0.13101113645053225 0.06316584486680372 0.0582367052052021
28 0.45619567289051244 0.3930630863940625 0.10420202174882984 0.10894933674699833
28 0.3971495726236823 0.07403309435715744 0.0649193458553869 0.06301521046687397
28 0.42303429889768607 0.1883076969597585 0.07579317885919253 0.0620897472985769
28 0.604336037034688 0.2552508152062008 0.06785334486680376 0.05850972099021767
28 0.6148305266545646 0.30519760729957557 0.06798067885919253 0.061634720990217676
28 0.6366325893924152 0.40435544411716107 0.06798067885919253 0.061634720990217676
28 0.6275414322820525 0.35840590728545807 0.06810801285158127 0.06475972099021768
28 0.6477809950199032 0.45747273884137185 0.06316584486680377 0.0582367052052021
28 0.6666172252482395 0.5525423151356137 0.06485567885919252 0.06145271046687384
28 0.6568721521302658 0.5034222756730747 0.06316584486680377 0.0582367052052021