28 0.07021268303330166 0.35570112336031984 0.10607845048646733 0.0851739393936934
28 0.057274126619910146 0.5087885018090222 0.098238676947517 0.08320200361804453
28 0.049804320206518635 0.6621624853006789 0.0780625446422687 0.08994997060135787
28 0.04732993100141149 0.7439890174128545 0.07033186525911972 0.0942280348257091
28 0.053182690336902316 0.5874081467660682 0.08727390340856667 0.08106629353213642
28 0.06213317613344281 0.4294285504295413 0.106132997564368 0.08829893939369345
28 0.5625250937487642 0.20978435153645117 0.1237023271096728 0.11107469810012063
28 0.4804305775101193 0.9173301786511011 0.12049550649282174 0.10622342378986112
28 0.5423001428552598 0.3031691813646346 0.10484323295387128 0.10384205223856355
28 0.5322996258091311 0.40099252770116145 0.10481595941492117 0.1022795522385636
28 0.48271405194257416 0.8245661465389256 0.09837504464226861 0.09101450361804453
28 0.509068451700988 0.5457351396415205 0.09376936525911965 0.09545634215265544
28 0.5108843218313718 0.4708989139517801 0.07609094155801373 0.06643058344622794
28 0.48351684699187986 0.7364077272716202 0.08754663879807012 0.09669129353213642
28 0.49280429788538427 0.6424496873575285 0.09234323295387145 0.10318695499752568
28 0.3977416193163095 0.29403211951513264 0.07126707386326192 0.05837242198083885
28 0.38088713027335813 0.4016432236535755 0.06814207386326192 0.05820864767057934
28 0.37631840705871933 0.4529191186106214 0.06655230032431154 0.056564260515449404
28 0.3916922167185217 0.3499136273170487 0.06814207386326192 0.05820864767057934
28 0.36467397483619657 0.23297843283497272 0.04610343262955983 0.04768722749876275
28 0.36926028896022584 0.13799348145549167 0.04782957386326192 0.057144114653892554
28 0.3677483818982112 0.18552690072279707 0.04928297970746058 0.05097600180902231
28 0.2936537317327601 0.635915325078485 0.12183981818121907 0.09380531094499087
28 0.2840935454497523 0.7142483649925768 0.12345686525911974 0.09701219810012063
28 0.2652186347342897 0.8849769448207603 0.1249375446422687 0.09240658525525021
28 0.27153109009202103 0.7994488805964091 0.12183981818121907 0.09380531094499105
28 0.29739456614932885 0.4924928736990041 0.09500458279171564 0.0767882293077852
28 0.29079573863261904 0.5616146879233554 0.10133640340856669 0.08180327792830404
28 0.3044416327089901 0.3149001402073475 0.07606366801906325 0.06486808344622812
28 0.2939462378218401 0.4290887929663095 0.07126707386326192 0.05837242198083885
28 0.2992143904196279 0.3731663415868285 0.07450116801906326 0.06478619629109836
28 0.3096688749983524 0.2566339388278665 0.07282957386326191 0.05845430913596861
28 0.3140955020285949 0.10778368102595037 0.050927300324311545 0.055745388964152064
28 0.3111165523529064 0.16070396313812602 0.04621252678536116 0.05393722749876284
28 0.3056711217519415 0.20647016451760697 0.04621252678536116 0.05393722749876284