28 0.8934979129706531 0.1814790872625331 0.14606990514873247 0.12273984496658023
28 0.13186871018452528 0.3574385787345259 0.08369173151356138 0.07014095048646736
28 0.11393848656347169 0.2912777905850789 0.0790952367752332 0.07162162986961632
28 0.13886143380557886 0.4237902816566252 0.06962923151356137 0.0698954886359143
28 0.16442912315517827 0.5539453859586964 0.07284523677523325 0.07151253571381488
28 0.15118639953412466 0.48770277719239835 0.0707367052052021 0.062110262174864594
28 0.9084165286568464 0.2899228327983062 0.14441639988706073 0.12115007142762994
28 0.9246701311888603 0.394433054795129 0.1492859104104042 0.1243568920444809
28 0.032673076011893135 0.31928578814944697 0.032584257821920606 0.0770534237011061
28 0.039112062787126346 0.3895573778410214 0.037271757821920604 0.07713524431795715
28 0.9334361563582696 0.5083319135614269 0.13312768728346072 0.12276711850553071
28 0.6721080313582697 0.22053545333243169 0.1388188472703419 0.1054432508107789
28 0.6811483733669398 0.32204340625453104 0.13458637357870132 0.11317393019392785
28 0.6986459574831022 0.4210576047124034 0.1376203683170294 0.11166597727182856
28 0.7186693021226083 0.5231558928618505 0.1423078683170294 0.11174779788867965
28 0.47061342079257357 0.2655009001654511 0.10473227360693613 0.08299550649282175
28 0.519488349477655 0.5407094058474939 0.11042083148532651 0.1002648271096728
28 0.4992752890390159 0.4487810044675221 0.10738683674699842 0.10177278003177218
28 0.42449103676111577 0.07783330479183373 0.06568518415851479 0.05577844155801359
28 0.4786982075536894 0.35060260308755037 0.10269933674699842 0.10169095941492108
28 0.4126665999717652 0.024420640017533694 0.065503173635171 0.04884128003506739
28 0.43116524196631795 0.13871625771393303 0.07662268415851474 0.05596935633066598
28 0.281323407638394 0.2648947483784422 0.06862817363517104 0.052707988635914305
28 0.29062208390440086 0.31712940422264085 0.06742969468185844 0.058930715096964015
28 0.3084381864364148 0.4216123526805132 0.06742969468185844 0.05893071509696388
28 0.2993670233245875 0.3732839468363146 0.06752069994353027 0.060493215096963926
28 0.31713762322576544 0.47698564529418713 0.06559417889684287 0.05421594155801372
28 0.33702445997276376 0.576740183443634 0.06586719468185845 0.058903441558013726
28 0.3269900363375927 0.5253004143689106 0.06568518415851479 0.05577844155801355