28 0.78125 0.25234375 0.03984375 0.0421875
28 0.70625 0.253125 0.03359375 0.03984375
28 0.6625 0.2546875 0.03359375 0.04296875
28 0.74453125 0.2546875 0.0328125 0.04296875
28 0.6234375 0.25625 0.03125 0.040625
28 0.90234375 0.27265625 0.0296875 0.0328125
28 0.86875 0.27265625 0.03359375 0.0328125
28 0.83125 0.275 0.03984375 0.03125
28 0.315625 0.284375 0.06015625 0.0875
28 0.3765625 0.284375 0.05859375 0.0875
28 0.4359375 0.284375 0.05859375 0.08671875
28 0.26015625 0.2859375 0.0578125 0.0875
28 0.2 0.2859375 0.0625 0.0875
28 0.48984375 0.29375 0.0484375 0.06484375
28 0.5875 0.2921875 0.04921875 0.06640625
28 0.5390625 0.29296875 0.04921875 0.0671875
28 0.67265625 0.2953125 0.0359375 0.03515625
28 0.7921875 0.29921875 0.03515625 0.0484375
28 0.75234375 0.29921875 0.0359375 0.0484375
28 0.7125 0.3015625 0.03359375 0.046875
28 0.63125 0.30234375 0.03515625 0.0453125
28 0.8640625 0.30625 0.03515625 0.025
28 0.903125 0.30625 0.03125 0.02734375
28 0.82890625 0.3046875 0.0296875 0.02890625
28 0.39140625 0.403125 0.0578125 0.06640625
28 0.4515625 0.403125 0.05625 0.06953125
28 0.20078125 0.403125 0.0640625 0.06953125
28 0.2640625 0.4046875 0.05859375 0.06875
28 0.5125 0.403125 0.05859375 0.06953125
28 0.328125 0.4046875 0.05859375 0.06953125
28 0.56875 0.409375 0.053125 0.05625
28 0.85234375 0.4109375 0.0515625 0.05546875
28 0.6828125 0.4109375 0.053125 0.05390625
28 0.79375 0.4109375 0.05078125 0.05390625
28 0.7390625 0.4109375 0.05390625 0.05546875
28 0.62734375 0.41328125 0.0515625 0.0609375
28 0.8140625 0.4921875 0.03515625 0.04453125
28 0.7390625 0.49453125 0.03515625 0.0453125
28 0.8515625 0.49296875 0.03515625 0.0453125
28 0.7 0.49453125 0.03515625 0.0453125
28 0.7765625 0.49453125 0.03515625 0.0453125
28 0.6203125 0.49609375 0.03515625 0.0453125
28 0.65859375 0.49609375 0.0359375 0.0453125
28 0.3953125 0.540625 0.053125 0.05625
28 0.575 0.540625 0.05625 0.05546875
28 0.33671875 0.540625 0.0578125 0.05625
28 0.45390625 0.540625 0.0578125 0.05625
28 0.5125 0.540625 0.06015625 0.05546875
28 0.278125 0.5390625 0.05625 0.05625
28 0.21875 0.54375 0.05859375 0.05546875
28 0.825 0.54609375 0.0375 0.0453125
28 0.703125 0.546875 0.03515625 0.04296875
28 0.8640625 0.54609375 0.0375 0.0453125
28 0.625 0.546875 0.03359375 0.04453125
28 0.74375 0.54765625 0.0375 0.0453125
28 0.6625 0.54765625 0.03515625 0.0453125
28 0.7828125 0.54609375 0.03515625 0.0453125
28 0.7359375 0.6140625 0.02734375 0.04453125
28 0.703125 0.61484375 0.02890625 0.0453125
28 0.803125 0.61484375 0.02890625 0.0453125
28 0.8375 0.6140625 0.02734375 0.04296875
28 0.76875 0.61484375 0.02890625 0.0453125
28 0.6359375 0.61640625 0.02890625 0.0453125
28 0.6703125 0.615625 0.03125 0.04296875
28 0.7015625 0.6578125 0.02890625 0.040625
28 0.86875 0.6609375 0.02890625 0.04296875
28 0.66953125 0.66171875 0.0296875 0.0453125
28 0.734375 0.66171875 0.02890625 0.0453125
28 0.8359375 0.66171875 0.02734375 0.0453125
28 0.7671875 0.66171875 0.03125 0.0453125
28 0.80234375 0.66171875 0.0296875 0.0453125
28 0.63671875 0.6625 0.0296875 0.04453125