28 0.6797822321451383 0.7384293001495095 0.07823540919430556 0.0723204275949012
28 0.6098334080569439 0.7223952339909268 0.07354790919430557 0.07229315651766229
28 0.4039295533835411 0.6727532614128774 0.07994337955902786 0.07857951795398091
28 0.5367414001731591 0.7071242371141846 0.08768314437666672 0.07549996974937905
28 0.7565259168906591 0.7646605229239506 0.08597517401194459 0.06924087939029935
28 0.4697902895158327 0.6965771016737611 0.06878767401194459 0.06914088544042371
28 0.4079604771111452 0.8017004180287357 0.04931032218833327 0.03778180113146803
28 0.3216781382053118 0.7824459030998169 0.0398625870059723 0.03460225897699036
28 0.36210311645381876 0.7912760024358869 0.03670121941479172 0.03302157825883114
28 0.3104490442654854 0.8284805657657994 0.04931032218833335 0.03778180113146803
28 0.35240015492281185 0.838882255460949 0.03837282218833345 0.03771816861791066
28 0.3935336479889576 0.8508418999765588 0.047893292553055564 0.04402271077238851
28 0.2550523762374645 0.8586311531980126 0.07987064437666672 0.07545451795398109
28 0.18348650076249928 0.8449317466803503 0.07987064437666672 0.07545451795398109
28 0.11044904426548544 0.8273169998036082 0.08146951196784728 0.07702610831306052
28 0.38373976747999927 0.902354403001621 0.04149782218833335 0.03773634933607006
28 0.34100740682267283 0.8919481681269315 0.04309668977951393 0.03930793969514994
28 0.30216311236975624 0.882345909149941 0.04149782218833335 0.03773634933607006
28 0.9465749143252079 0.4883848901158057 0.0615934230620141 0.0956579336450254
28 0.780114766148819 0.45616222169428655 0.07561955547083343 0.09417724687674216
28 0.7171426406738538 0.4425128121515621 0.07874455547083344 0.09419542759490121
28 0.5244291170224997 0.39685435762568944 0.07718205547083343 0.09418633723582168
28 0.46381892534312463 0.3824373336215844 0.0819059230620141 0.09577610831306052
28 0.6541705151988886 0.4288634026088376 0.0756559230620141 0.09573974687674211
28 0.40086498366374973 0.36800667407885984 0.07405705547083344 0.09416815651766246
28 0.5904535073151038 0.4136469478865732 0.07721842306201392 0.09574883723582168
28 0.8350561860767011 0.47914117944161294 0.050001306420763926 0.06746930113146803
28 0.8862913777560759 0.49350366129124035 0.05639677678548623 0.07375566256778665
28 0.580167357904444 0.5534497912707149 0.10418096656499998 0.11309087334017516
28 0.48917933520302037 0.5349492552645574 0.09767639342673622 0.10211701190385654
28 0.40676687870600653 0.5172799662333375 0.10396276101791671 0.10371587334017515
28 0.8450098014836801 0.6221871974937898 0.07234908510611113 0.08790906615858277
28 0.7804751760087149 0.6085286975919856 0.0723854526972918 0.08947156615858276
28 0.9032398755718745 0.6381530859592754 0.07387521751493083 0.08635565651766246
28 0.7242797273954856 0.6058576946651193 0.057813806420763926 0.06751475292686634