28 0.6303975754815244 0.7656609242704555 0.06334547970746059 0.05207771046687402
28 0.6289947625753112 0.8197036821629634 0.05876707386326192 0.05805469468185853
28 0.6284822938248993 0.8799509374246351 0.058712526785361166 0.054929694681858265
28 0.5775804926898088 0.6967890979056266 0.09563187418757338 0.11327281570031093
28 0.5788099817327602 0.5880133373822829 0.09716710064862326 0.11180132096198285
28 0.5728445795420095 0.47027210053646246 0.08307732710967279 0.10941977360693614
28 0.5726716611192044 0.10193932948977509 0.08590231818121907 0.09241428413027983
28 0.5673617873320775 0.7834091373681654 0.06356366801906325 0.06457771046687402
28 0.5667674979648145 0.8389688926298373 0.06509889448011279 0.06310621572854594
28 0.5663232130617785 0.903122397891509 0.06816934740221221 0.060163226251889766
28 0.5642996481302657 0.3839628742139858 0.06367276217486477 0.07082771046687393
28 0.5627626473194868 0.25110487158314987 0.062110262174864775 0.0707367052052021
28 0.5623847719140972 0.18465311895231395 0.06370003571381488 0.07239021046687392
28 0.5627005974022122 0.02749785551578566 0.06197389448011279 0.05499571103157132
28 0.561564385955401 0.31686637947565766 0.06205571509696384 0.0676117052052021
28 0.42286394480112915 0.5697246109186318 0.10950345941492112 0.10315436305535766
28 0.42239416070887204 0.7668271240728115 0.10961255357072237 0.10940436305535765
28 0.42300604098552536 0.6674718661803037 0.10961255357072237 0.10940436305535747
28 0.4225498936627434 0.8653556293344833 0.10640573295387146 0.104534852532014
28 0.4148943429379853 0.036917629122721805 0.0922886858759707 0.07383525824544361
28 0.41354212296975745 0.1252843661803037 0.0955500535707225 0.10858531570031094
28 0.40654742369781083 0.4862141609045144 0.07485572402541774 0.0855272472985769
28 0.4065689687471166 0.3978419056428426 0.07485572402541774 0.0855272472985769
28 0.40586381087432305 0.31264015301200665 0.0716489034085667 0.08065773677523325
28 0.40273308238467853 0.22288740827367848 0.07167617694751698 0.08222023677523324
28 0.2658674711794533 0.8048794028708322 0.09535913879807012 0.09764781570031085
28 0.26584237743068906 0.6242286423474886 0.10317163879807004 0.09810284200867017
28 0.26582083238138327 0.7126008976091605 0.10007391233702041 0.09948333148532651
28 0.26585956289962265 0.8940329081325041 0.09683981818121908 0.09305132096198285
28 0.25359001907142814 0.45993092391751966 0.07471935633066593 0.0777147472985769
28 0.25308941274076224 0.3864479212866838 0.07488299756436803 0.08708974729857691
28 0.25263721955789553 0.5397549318100274 0.07789890340856669 0.08102175782192056