28 0.14869463445846492 0.7105778575343958 0.0504090661585828 0.0720585384745874
28 0.19637815553570376 0.7136011646133047 0.04884656615858276 0.07200397477225647
28 0.10335031820168625 0.7066914549019907 0.05041815651766242 0.07362103847458741
28 0.23938326697202222 0.7183506627992062 0.04728406615858276 0.0719494110699257
28 0.05144238455666078 0.6491170570789089 0.06306360226293631 0.09905754809323426
28 0.29928498691779293 0.6724999602594682 0.08191359621281205 0.11689981252120454
28 0.3672355561996337 0.6670014392080761 0.07083974082661779 0.09308036660488846
28 0.42664691763595214 0.6711780185195035 0.07083065046753827 0.09151786660488845
28 0.09982988758172288 0.6388318323066524 0.04882838544042354 0.06887897477225646
28 0.15063840865896175 0.6417460119808995 0.05039088544042354 0.06893353847458741
28 0.1944111345566608 0.6441244783156356 0.05039088544042358 0.06893353847458741
28 0.23819295081343944 0.6480654446503716 0.05507838544042354 0.06909722958157989
28 0.48834294173825316 0.6651165022774347 0.05507838544042354 0.06909722958158007
28 0.5360355531745716 0.6697023093563436 0.050372704722264315 0.06580853847458741
28 0.5876207790722706 0.6718079571794254 0.05506929508134384 0.06753472958158006
28 0.6337463453290493 0.675667077960665 0.05348861436318479 0.06435516587924912
28 0.7497344388113869 0.5997270821370163 0.048710210772388504 0.04856647477225664
28 0.6989168273750683 0.5952504024627692 0.042451120413308986 0.046785719962933216
28 0.7958463695295461 0.6012424529182561 0.047129530054229284 0.04538691106992569
28 0.007610050444097098 0.5021800588930074 0.00985678903121974 0.08313988221398513
28 0.027945276341796145 0.5053769807627063 0.047393150467538205 0.0906994110699257
28 0.06858845705995538 0.507083324502104 0.048964740826617836 0.09231647477225664
28 0.1467770895735127 0.5152926393855612 0.053652240826617834 0.09248016587924912
28 0.10687879741903498 0.507309013794998 0.05366133118569745 0.09404266587924912
28 0.18506288475305252 0.5147370786784553 0.04894656010845857 0.08919147477225664
28 0.48683446301188377 0.5401437841286001 0.08338519262201594 0.1013293762235353
28 0.5642282099868217 0.5460366308632227 0.08339428298109546 0.10289187622353531
28 0.6463049117822197 0.5509845364908529 0.08651019262201594 0.1014385036281972
28 0.3570378787029283 0.5259225714220611 0.06922269867214012 0.08365080290255769
28 0.2991753817279904 0.5193476784083029 0.06611587939029935 0.08666667549789597
28 0.23583958957351267 0.5121825083527025 0.06611587939029935 0.08666667549789597
28 0.4172168546006273 0.5277281188823232 0.06922269867214012 0.08365080290255769
28 0.8635924057320954 0.5605876818668639 0.08488406010845857 0.09044643992586607
28 0.9464503575274936 0.5655083056433285 0.08642837939029917 0.08737600362819702
28 0.7994571828594585 0.5503247936624289 0.051953385440423716 0.06898810217691817
28 0.7509833214231401 0.5457662684346856 0.051953385440423536 0.06898810217691817
28 0.7071878696277419 0.5394815520999494 0.05197156615858276 0.07211310217691817
28 0.5347538125443455 0.4493898093563436 0.0376727168225127 0.030997028855940557
28 0.6121521046988232 0.45606390609096625 0.0376727168225127 0.030997028855940557
28 0.5754015384420446 0.4518774030957413 0.0376727168225127 0.030997028855940557
28 0.03984531264254137 0.40181547114405947 0.06278180113146815 0.05062004809323426
28 0.16492258069471813 0.410731624957591 0.06434430113146816 0.050674611795565025
28 0.10159587889932002 0.40512895490199063 0.06592498184962739 0.05385417549789597
28 0.2962634842855143 0.4217732739617991 0.06278180113146811 0.05062004809323426
28 0.2313651921310366 0.41466266760852954 0.06591589149054781 0.05229167549789584
28 0.5439242794650541 0.41390617714235844 0.04241475897699036 0.04053571996293322
28 0.5814379150036736 0.4149403982864179 0.04083407825883114 0.03735615626060227
28 0.6197464360809124 0.41829108757931194 0.03769089754067192 0.03412202885594055
28 0.6766958728491959 0.4022370124442357 0.08179542154477701 0.09658731252120453
28 0.8291396167990716 0.4141045514669773 0.07867951190385662 0.09804068511654282
28 0.7540941650036735 0.4089111091788583 0.07865224082661797 0.0933531851165427
28 0.10673737597245381 0.34868798194383266 0.07230224687674203 0.0759474303072194
28 0.9057384782353901 0.4176809300527653 0.0724113311856975 0.0946974303072194
28 0.1771044181269315 0.35560761533894414 0.0707215661585828 0.07276786660488846
28 0.04419646935659552 0.3438392800370669 0.06136474687674204 0.07556548439090331
28 0.24197998438371018 0.3588119716922137 0.059756795081343926 0.06769842068857254
28 0.3662805476154268 0.3685366573569106 0.07073974687674198 0.07589286660488845
28 0.493715201206223 0.37971471561694586 0.06760565651766229 0.07422123920022675
28 0.302944755460949 0.36137148730131025 0.06760565651766245 0.07422123920022683
28 0.4327231590517452 0.37246770000784923 0.06448065651766247 0.07411211179556512
28 0.5491339542312851 0.36918395418420047 0.04241475897699054 0.04053571996293313
28 0.5905629301289841 0.3716442660724328 0.03928975897699054 0.04042659255827141
28 0.624960656026683 0.374350114621154 0.04241475897699054 0.04053571996293313