28 0.2387570345719589 0.6990925267345796 0.11531701201463565 0.10847609621281204
28 0.3692301633115919 0.16231521028140922 0.09780224801081765 0.08025110226293633
28 0.3536409786362286 0.2262913518701528 0.09934656667727229 0.07869769262201591
28 0.26940814524986745 0.6164527435570923 0.09800224267981754 0.09743860226293641
28 0.227582629893414 0.786533439400562 0.09949201734563581 0.09119769262201594
28 0.20944970054905085 0.8676834454506863 0.09796588001272673 0.09431360226293606
28 0.3521142939608654 0.29034930669061304 0.06947725334181776 0.06289997579950324
28 0.3406040819541839 0.3395044241770557 0.06944089067472695 0.059774975799503235
28 0.3175654766072754 0.439377159149941 0.07256589067472685 0.05979315651766246
28 0.29208312392586705 0.547830008584207 0.07420111600890866 0.06605224687674216
28 0.30522856126673037 0.4924339814568439 0.07420111600890866 0.06605224687674198
28 0.3407762572804115 0.39185271935659555 0.04431362133990877 0.048692030054229285