28 0.1055297273954856 0.6001716279837735 0.06177526101791675 0.10381589067472703
28 0.06123486673815922 0.5905335459898187 0.0554888934267362 0.10218066534054522
28 0.1522410732351731 0.6066574379774101 0.06475479065319449 0.09760225334181775
28 0.6859965177643397 0.6941712405713225 0.056324041603125076 0.07094884667409058
28 0.7388487608304855 0.7052718252307775 0.05316267401194459 0.06934998400699968
28 0.6298218657882286 0.5573621312460495 0.10247299620027786 0.10741360534690844
28 0.7131610426499648 0.5673269299013681 0.08027068787965277 0.09309656667727229
28 0.16361759717086768 0.45344153130968295 0.0625376740119445 0.06945907200827221
28 0.10842160410472186 0.4423682186505462 0.0625376740119445 0.0694590720082724
28 0.2164698402370135 0.46454211596913775 0.0609751740119445 0.06944089067472703
28 0.3711930546178121 0.4947643232813661 0.08306837955902786 0.07907042934436319
28 0.45295154768395796 0.5055285532702302 0.09389677678548622 0.07451019867918127
28 0.5400333203853815 0.5224791485916852 0.08764677678548623 0.07443747334499946
28 0.2680323402370135 0.46394213196213807 0.05105466014423614 0.04589430267345414
28 0.3139260684855204 0.4719995326225475 0.049492160144236144 0.045876121339908774