28 0.37823804829571667 0.04710039086128504 0.12164890340856668 0.07936280452090289
28 0.36107209334502244 0.13501796494947946 0.1174523271096728 0.10737870174736122
28 0.35410329870275375 0.2208281783803475 0.09042617694751698 0.08019795269729177
28 0.34173393790786094 0.3026048552420836 0.09360572402541774 0.08339568787965286
28 0.25553201623864497 0.7187370418874656 0.1051159683433748 0.11646276101791671
28 0.2783849095009419 0.618446754368403 0.09555005357072241 0.10530705547083344
28 0.29733155276323886 0.5180655478713891 0.09568642126547414 0.11311955547083344
28 0.23956036851212117 0.8277847335668405 0.10514324188232518 0.1180252610179167
28 0.3365731051161453 0.3743889362641322 0.06677048863591431 0.06715243882958336
28 0.2301932767919518 0.9166653956109376 0.08595686525911968 0.09258884992375016
28 0.33624977678865653 0.4376883700597225 0.04473184740221221 0.057268292553055565
28 0.5725783835230642 0.06256565596326438 0.10484323295387146 0.10083776101791675
28 0.5544539005691929 0.16062129625586852 0.09870232710967279 0.10694229065319454
28 0.5339993043847967 0.2578411351617018 0.10177278003177222 0.10389002583555555
28 0.5165333405056487 0.3629462092498963 0.1018273271096728 0.10701502583555564
28 0.4984088575517772 0.46100184954250045 0.09571369480442442 0.11468205547083343
28 0.479271299516828 0.5723205560395144 0.09406937418757337 0.10995818787965277
28 0.4626547694850559 0.673537563923299 0.08924550649282174 0.10203658510611113
28 0.4426677776027306 0.7887443366247225 0.07973413879807012 0.09400587955902787
28 0.42603761080148345 0.8907425945085073 0.07825345941492098 0.0986570119678472