28 0.7296875 0.0796875 0.09765625 0.12109375
28 0.67890625 0.83125 0.0578125 0.06875
28 0.74375 0.83515625 0.05859375 0.0640625
28 0.615625 0.8375 0.05859375 0.05546875
28 0.4890625 0.8375 0.06015625 0.05859375
28 0.553125 0.8375 0.05078125 0.05859375
28 0.62578125 0.08515625 0.0984375 0.1203125
28 0.525 0.08984375 0.1 0.1234375
28 0.73046875 0.94921875 0.0671875 0.0796875
28 0.66328125 0.9515625 0.0671875 0.07421875
28 0.41640625 0.09609375 0.0984375 0.1234375
28 0.72578125 0.2953125 0.0828125 0.115625
28 0.6296875 0.30546875 0.09140625 0.1109375
28 0.534375 0.3078125 0.08984375 0.11328125
28 0.4359375 0.309375 0.08984375 0.11796875
28 0.7140625 0.49375 0.06640625 0.0875
28 0.4484375 0.5 0.08203125 0.08984375
28 0.5375 0.5015625 0.084375 0.0875
28 0.896875 0.5015625 0.04453125 0.05390625
28 0.6328125 0.5015625 0.08515625 0.08203125
28 0.95390625 0.503125 0.0484375 0.053125
28 0.8390625 0.50703125 0.04296875 0.0640625
28 0.74296875 0.67265625 0.0421875 0.0578125
28 0.6921875 0.6734375 0.046875 0.05546875
28 0.5921875 0.6765625 0.046875 0.05546875
28 0.6390625 0.6765625 0.04921875 0.05546875
28 0.5390625 0.678125 0.04296875 0.053125
28 0.4421875 0.678125 0.046875 0.05390625
28 0.4921875 0.678125 0.04453125 0.05390625