28 0.36015625 0.33063725737719274 0.0578125 0.06641817885919252
28 0.26171875 0.34167952813743946 0.0515625 0.06303851087441484
28 0.309375 0.33661268475351047 0.0515625 0.06460101087441492
28 0.54609375 0.34884213483006016 0.075 0.11086851581733086
28 0.0109375 0.42064808102663925 0.021875 0.08682883794672147
28 0.4828125 0.368608148175933 0.0671875 0.09023768083635889
28 0.09375 0.4125862302283365 0.05 0.09266234387822045
28 0.4203125 0.3774048280237087 0.065625 0.09017401384016441
28 0.04609375 0.4176530736122654 0.05 0.0895373438782205
28 0.21484375 0.39905828802327115 0.0609375 0.08373301285158127
28 0.15625 0.40691455038056085 0.0609375 0.08373301285158127
28 0.31953125 0.397917599278247 0.0484375 0.06447367688202617
28 0.36796875 0.3912564223962208 0.053125 0.0646646778706093
28 0.2703125 0.4022668596583703 0.0546875 0.06472834486680376
28 0.24375 0.4892866985936749 0.04375 0.042407675893442943
28 0.19375 0.49601154247189544 0.0453125 0.04247134288963732
28 0.1484375 0.5002016353615328 0.040625 0.04384284190105418
28 0.10078125 0.5060497287454617 0.0453125 0.04403384288963732
28 0.0546875 0.5133966551331963 0.04375 0.042407675893442943
28 0.97734375 0.44064504388040815 0.0453125 0.08153384288963732
28 0.459375 0.4992506531188489 0.075 0.09524351581733086
28 0.9109375 0.45038214121866976 0.0796875 0.08293451680591399
28 0.384375 0.5085566689361797 0.078125 0.09537084980971962
28 0.6296875 0.4837172005336603 0.034375 0.08265067391627667
28 0.59375 0.4883065414461313 0.040625 0.08603034190105419
28 0.51953125 0.49523697376536485 0.0390625 0.08440417490485981
28 0.55625 0.4929595493547966 0.04375 0.08615767589344295
28 0.30625 0.5195525187458992 0.078125 0.09224584980971962
28 0.7140625 0.4841854327391631 0.0421875 0.061094008897248565
28 0.75859375 0.47846467334762294 0.0421875 0.06265650889724857
28 0.67109375 0.4890612751345088 0.040625 0.05790534190105419
28 0.24921875 0.5453138641069946 0.04375 0.06115767589344294
28 0.153125 0.5562606343729496 0.046875 0.0628475098858317
28 0.20234375 0.5519113739928263 0.046875 0.0612850098858317
28 0.103125 0.5629854782511702 0.046875 0.0612850098858317
28 0.0546875 0.5680841551331963 0.04375 0.06115767589344294
28 0.10859375 0.6737001437644897 0.0328125 0.03102450692008212
28 0.14140625 0.6723631368444076 0.0265625 0.027644838935304606
28 0.06796875 0.6800429856655439 0.0328125 0.03102450692008212
28 0.92109375 0.5913745557434062 0.08125 0.09237318380210838
28 0.84609375 0.603024321560737 0.075 0.08899351581733086
28 0.7734375 0.6114535868837763 0.075 0.09055601581733086
28 0.70078125 0.6191016022068154 0.078125 0.09224584980971962
28 0.56796875 0.6448257968833386 0.0640625 0.07292284684397003
28 0.63125 0.6391222835374658 0.0671875 0.07461268083635879
28 0.50703125 0.65512130973492 0.0640625 0.06979784684397003
28 0.44609375 0.6622918225865012 0.065625 0.07298651384016441
28 0.31875 0.6784181827763441 0.0640625 0.06979784684397003
28 0.38203125 0.6727146694304713 0.0671875 0.06992518083635879
28 0.25703125 0.6871830291260226 0.065625 0.07923651384016442
28 0.19296875 0.6968246259699926 0.0671875 0.0730501808363588
28 0.10625 0.7214518942587814 0.0296875 0.03089717292769336
28 0.06484375 0.7278265696579328 0.0390625 0.032841674904859806
28 0.14609375 0.7190471358558244 0.03125 0.02783583992388792