28 0.04014671438662582 0.7863163356081418 0.08029342877325164 0.17736732878371625
28 0.29905654343102395 0.8194390889179107 0.13552038524403187 0.20313361621110354
28 0.40598779948114816 0.8316415283311596 0.1292158430895542 0.19346751778268034
28 0.2054383536376784 0.8011493153442621 0.1009817587805987 0.1734075748547749
28 0.6955633838882994 0.8642355887130229 0.1371010659621909 0.20633139081820956
28 0.17585643452878824 0.5158860574863793 0.10229881908544902 0.13129284946188058
28 0.26644052791292994 0.5186963802742396 0.10536018657189175 0.1205008986760923
28 0.08618540135130098 0.49038309739496616 0.10062723477649363 0.11247007485477489
28 0.36089905504029307 0.5267935165443351 0.09753859621281205 0.11857452564056317
28 0.4545445159108775 0.5403957901179839 0.10370678298109545 0.10480312406898662
28 0.16114047043675 0.3603638035574379 0.05504202400410509 0.06348461124870504
28 0.21343876864135192 0.36573835421939166 0.05347952400410509 0.06341183664159918
28 0.44228138612779466 0.36601437427838357 0.06457156010845858 0.09048375889134012
28 0.33226603669352867 0.34692623407934653 0.0677147408266178 0.09375430810555185
28 0.38768478971859077 0.35293648552708856 0.06147383118569749 0.09502570967712849
28 0.1739722685431561 0.30275035670059103 0.056586343285945875 0.0604323858558109
28 0.22469443120913857 0.31054143196965067 0.05187157220870697 0.05552656203449331