28 0.1316858163549745 0.0586068646577723 0.08467498184962738 0.052053379390299345
28 0.3183110583599428 0.7449978408500589 0.10982042759490121 0.0771988251355733
28 0.29130118998973725 0.15064385285211151 0.03616475897699045 0.03927157825883123
28 0.3148320552366847 0.6715830667477579 0.10982951795398091 0.0787613251355733
28 0.2899659489667277 0.11159044321119112 0.03618293969514967 0.04239657825883122
28 0.29499381655136625 0.18733987695441243 0.037709078258831144 0.03615566861791084
28 0.31292009729296655 0.5973779522863774 0.10982042759490121 0.0771988251355733
28 0.2894301386618774 0.06940748839073092 0.03775453005422928 0.043968168617910836
28 0.32266780201523093 0.5332609101318997 0.08474770472226431 0.06455337939029934
28 0.32066948566025644 0.4738995456705191 0.0878545240041051 0.06144656010845857
28 0.3194569644848217 0.41375238602959874 0.08789088544042353 0.06769656010845856
28 0.3167001240275462 0.35048931674775796 0.08787270472226431 0.06457156010845858
28 0.3134847413175971 0.23176204264545702 0.08472952400410509 0.06142837939029935
28 0.31782680767257165 0.29110977156821816 0.08472952400410509 0.06142837939029935
28 0.3333250635263042 0.1785234131569618 0.03619203005422929 0.04395907825883123
28 0.33200800322145385 0.13634500351604145 0.03773634933607006 0.04084316861791084
28 0.33303469291660354 0.09415295833650161 0.03616475897699045 0.03927157825883123
28 0.33091365671405415 0.05588534387512104 0.03616475897699045 0.03927157825883121
28 0.41446039227611464 0.4663228741257421 0.04084316861791084 0.03773634933607006
28 0.4118762686413519 0.3733723048439013 0.03928066861791084 0.03772725897699045
28 0.4173217718628058 0.5116171934075828 0.039307939695149764 0.04241475897699054
28 0.41394276268942354 0.42101491930528195 0.039289758976990496 0.03928975897699054
28 0.407734190186129 0.27964957592114015 0.039298849336070064 0.04085225897699045
28 0.40153016286237425 0.13750298253699844 0.04241475897699036 0.039307939695149674
28 0.4098097745932803 0.32572969038252075 0.039289758976990365 0.039289758976990455
28 0.4049046268562166 0.22888650663929938 0.040879530054229285 0.04398634933607006
28 0.40360574726952547 0.18358309699837902 0.04398634933607006 0.040879530054229285
28 0.401017078455223 0.09141377771653825 0.04399543969514963 0.042442030054229286
28 0.46850545931846027 0.9792723260193359 0.08302157825883114 0.036419289031219645
28 0.46974122727244116 0.9011427808397962 0.07991475897699055 0.0395261083130606
28 0.47264351347499056 0.9394058501216371 0.08303975897699054 0.03954428903121965
28 0.469959395890352 0.8636427808397962 0.07993293969514959 0.042651108313060605
28 0.4670707452264221 0.8230359615579556 0.08301248789975162 0.03485678903121965
28 0.46730709456249214 0.7824109615579555 0.08303975897699054 0.03954428903121965
28 0.4667485583599428 0.7441342567374953 0.08460225897699054 0.03955337939029935
28 0.4646229769778536 0.7066478922761148 0.08305793969514959 0.04266928903121965
28 0.46351044975229455 0.6293132326351942 0.08305793969514959 0.04266928903121965
28 0.46138032319066563 0.5926081181738138 0.0829852168225127 0.030169289031219647
28 0.4640644407753042 0.6683711874556545 0.08303975897699054 0.03954428903121965
28 0.4600314466290367 0.5558984585328932 0.08302157825883114 0.036419289031219645
28 0.46888881704234564 0.5105359615579554 0.054923849336070064 0.04094316256778665
28 0.4691569826351943 0.46444221155795545 0.05496021077238851 0.04719316256778665
28 0.46863935304850324 0.41913425673749527 0.05496021077238851 0.047193162567786516
28 0.465805244539051 0.3691524374556545 0.05654089149054773 0.05032725292686617
28 0.46452000049097936 0.32150527781473415 0.05183521077238851 0.04717498184962743
28 0.4640296419815271 0.2715098229942739 0.056522710772388504 0.047202252926866174
28 0.46041882865161465 0.22075129889197295 0.05182612041330899 0.04561248184962743
28 0.4591244942444634 0.17466663925105258 0.056504530054229285 0.04407725292686626
28 0.4557863916869396 0.07703311514875162 0.054932939695149584 0.04250566256778661
28 0.45706709055547134 0.12546152478967199 0.056495439695149585 0.04251475292686626
28 0.6167980344540335 0.8690382870863121 0.07231133723582168 0.07541815651766229
28 0.6164394861512357 0.7963865822658519 0.07852497579950324 0.06920451795398108
28 0.5976365066392993 0.4027593021134268 0.0784886143631848 0.06295451795398091
28 0.6027052808397962 0.4714774858566481 0.07854315651766246 0.0723295179539809
28 0.6129604830279778 0.722971808163551 0.06914997579950324 0.06914997579950324
28 0.6241878327568313 0.9416490852909142 0.07856133723582168 0.07545451795398109
28 0.6156814829297819 0.6581144226249316 0.0675511143631848 0.06289088544042372
28 0.6019063710024841 0.3402365762157277 0.06911361436318479 0.06289997579950324
28 0.6152683924725064 0.5948377178044714 0.06597952400410509 0.06131929508134402
28 0.612484280937992 0.5362621485226307 0.0628454336450254 0.0597386143631848
28 0.6002716690106944 0.2183752117543472 0.0675511143631848 0.06289088544042357
28 0.6030330546475096 0.2808570310361879 0.0675329336450254 0.059765885440423536
28 0.596729033373879 0.15589793765204624 0.06911361436318479 0.06289997579950315
28 0.5939631025575238 0.09419736837020545 0.0675511143631848 0.06289088544042357