28 0.34602156193291594 0.9072387656162899 0.03848192496187508 0.04240566861791066
28 0.27231130499906175 0.9193847624930317 0.0386273953265972 0.048655668617910666
28 0.3083579077726034 0.9144881842342005 0.03997168977951393 0.039289758976990184
28 0.2393715184299298 0.9250444100337039 0.037246733282500076 0.05645907825883114
28 0.40238066470645756 0.9022240126894235 0.04683993882958344 0.06588862041330898
28 0.10049020317545058 0.95163015681225 0.03542966014423614 0.04551248789975162
28 0.1733282911313534 0.9433949551150477 0.04495013050895835 0.05181703005422946
28 0.13568282076663113 0.9498631237329587 0.04484102773541672 0.047129530054229464
28 0.022237369491041624 0.14517614461380574 0.04447473898208325 0.0846477107723885
28 0.1007786371584721 0.13377049112120543 0.05196384992375007 0.08466589149054778
28 0.13996842372760407 0.12807448214421496 0.0534899823325695 0.08311248184962738
28 0.06002635058934016 0.13947559045727548 0.051891114741388966 0.08154089149054777
28 0.18068434270555545 0.1239318828081449 0.051854747150208394 0.07997839149054778
28 0.22218151168350686 0.11978473829253504 0.04865701196784729 0.07683521077238856
28 0.30212358482177076 0.10838362997947452 0.05021951196784728 0.07684430113146813
28 0.3428758713909027 0.10267853064340449 0.051782011967847284 0.07685339149054778
28 0.2605173130702777 0.11721827449508442 0.05170927678548613 0.07372839149054777
28 0.13614852023288165 0.3593153917851354 0.038119555470833434 0.09395907825883124
28 0.01413196913045125 0.3764579608705844 0.0282639382609025 0.09395907825883114
28 0.03974564570784691 0.3731556988685319 0.03968205547083341 0.09396816861791084
28 0.10482578505052054 0.3626221989667277 0.039645687879652856 0.09240566861791084
28 0.07110474848138858 0.3682863916869395 0.03968205547083341 0.09396816861791084
28 0.30057469614468724 0.3427359040817755 0.05174564437666671 0.07529089149054773
28 0.2598405933711455 0.34765975341784555 0.04865701196784729 0.0768352107723885
28 0.1806252188461108 0.36140006655136625 0.05327177678548618 0.07373748184962743
28 0.22050533643729137 0.359605762394836 0.0469126740119445 0.0690136204133089
28 0.10587587272208285 0.552434132709949 0.03463087955902785 0.0783158975406721
28 0.029076983379409248 0.5630358103048503 0.03463087955902784 0.07831589754067192
28 0.05493096856177036 0.5597608193800366 0.036229747150208394 0.07988748789975161
28 0.08162075513090232 0.5541375332756832 0.036266114741388966 0.08144998789975162
28 0.3268793569545134 0.5214648920797229 0.039209276785486226 0.07365566861791066
28 0.26732251899861065 0.5296228257247484 0.03924564437666671 0.07521816861791084
28 0.23520035002065925 0.5337154280858806 0.04237064437666671 0.07523634933607007
28 0.35665777593246484 0.5173859252572102 0.039172909194305564 0.07209316861791085
28 0.2970827541809718 0.5263251089022357 0.03604790919430556 0.07207498789975161
28 0.17088327688239538 0.545025632808145 0.039172909194305605 0.07209316861791067
28 0.13641735790444398 0.5491318707078965 0.039172909194305605 0.07209316861791085
28 0.2022241958603468 0.5409375756265525 0.039172909194305584 0.07209316861791085
28 0.32024423119520773 0.7058535276183424 0.030960365691319502 0.0548602168225127
28 0.26771864323930494 0.7139705546475096 0.03248649810013893 0.0533068071815924
28 0.29359081221725636 0.7099143137226959 0.029361498100138928 0.05328862646343317
28 0.24184647426135358 0.7180267955723233 0.030923998100138926 0.0532977168225127
28 0.2198623714878119 0.7228415605994379 0.029361498100138928 0.05328862646343317
28 0.14222768075836742 0.7357915333738789 0.027835365691319502 0.054842036104353474
28 0.1939902025098605 0.7268978015242515 0.029397865691319504 0.054851126463433174
28 0.11793619557600632 0.7390574339396131 0.027835365691319502 0.054842036104353474
28 0.09520721039364521 0.7423142441462675 0.027835365691319502 0.054842036104353654
28 0.05287424002892298 0.7488096838414172 0.027835365691319496 0.054842036104353654
28 0.16806348214513828 0.7332977924490652 0.03106946846486114 0.0595477168225127
28 0.0740407252112841 0.7455619639938423 0.02939786569131948 0.054851126463433174
28 0.39293684878638835 0.7038683259211401 0.024201219414791718 0.032948855386194256
28 0.3474788784216661 0.7103819463344491 0.024201219414791718 0.032948855386194256
28 0.4133220839687494 0.7006251512531051 0.025800087005972295 0.03452044574527378
28 0.45639993674229107 0.6956876663784156 0.024237587005972294 0.03451135538619425
28 0.43681413535552027 0.6981450458669108 0.02256598423243066 0.02981476502711473
28 0.37255161360402717 0.7071115005891752 0.024201219414791718 0.032948855386194256