28 0.18259813689377738 0.784023537034688 0.0875086162111037 0.13768568380210838
28 0.05503821712523573 0.7603698142207252 0.0887800177826803 0.13149935079830274
28 0.8076986825933326 0.8903333205721538 0.07148120181924549 0.09492518083635915
28 0.7497235167537323 0.8794395829294436 0.06857452564056317 0.09948534684397004
28 0.12093504487549474 0.7686014668824637 0.08892556699689202 0.13462435079830257
28 0.01843736104381723 0.7454743260837233 0.03687472208763446 0.12780134783255334
28 0.6896229247354496 0.8639538457810249 0.07148120181924558 0.09492518083635879
28 0.4205455548002922 0.5973207385941125 0.07922092721213972 0.09368101581733086
28 0.5974141158013282 0.6337808675298546 0.07595037799792799 0.0904286818249421
28 0.5394753372652809 0.6221058798871443 0.07609592721213972 0.0935536818249421
28 0.4800104460327866 0.6097133092406283 0.07929370181924558 0.09524351581733086
28 0.7610934720876344 0.6520639994313463 0.06214043507002263 0.06179434585538672
28 0.6551902284977753 0.6322064386706622 0.059015435070022625 0.061667011862998146
28 0.7108216443373754 0.643195676807664 0.060359611248705036 0.05704317885919252
28 0.324899222706807 0.4242108438410395 0.11236306699689198 0.1355793557412186
28 0.23752765529563025 0.40827677912602256 0.12181084160399787 0.13752385771838505
28 0.4185571774215367 0.4391089905712787 0.11690501778268039 0.13264535672980177
28 0.14728579900932393 0.3870012984033945 0.12122864474715103 0.12502385771838503
28 0.5026046916895603 0.4427022227767816 0.08903257485477489 0.10343801779449713
28 0.5738247202256076 0.4538360409518397 0.09066784946188075 0.10506418479069168
28 0.851564422459138 0.5010015651349464 0.08888702564056317 0.10031301779449713
28 0.6968790765119139 0.4737745147543855 0.0919392510334573 0.09887785178688588
28 0.7750939677444082 0.48540308144656874 0.09015842721213971 0.0941266847906915
28 0.6337990337078431 0.4552911115983556 0.06911818114108108 0.07767401384016441