28 0.017696560108458593 0.08810020072563941 0.035120409444528655 0.12932540145127883
28 0.3411295149289188 0.09861363710812657 0.08964428298109546 0.10311013103285878
28 0.1497914426220159 0.10364833357259673 0.09747496369925476 0.10650794954451306
28 0.24897837636523726 0.10164437867060608 0.09903746369925477 0.10656251324684392
28 0.06861871067419266 0.11409227105139223 0.06919542759490127 0.07896330290255764
28 0.8574221354404236 0.09711569072847442 0.07856133723582168 0.07772818511654281
28 0.9371050902608836 0.09911718954734808 0.08482951795398108 0.08107143992586621
28 0.7793471324153615 0.10298125561193164 0.0817136083130606 0.0825248125212045
28 0.7527578822189698 0.23171389082114166 0.054923849336070064 0.04253472958157998
28 0.6293658340143679 0.23521585833700404 0.054923849336070064 0.04253472958157998
28 0.6942004936552882 0.23591775198373455 0.06119203005422928 0.04587798439090331
28 0.5717987737095175 0.27538450135076237 0.07229315651766247 0.0743849303072194
28 0.7671158188890572 0.28298621414211933 0.06429884933607007 0.042862111795565025
28 0.7062010447867564 0.284764479751216 0.056486349336070066 0.04258929328391083
28 0.6405896803253758 0.28481655425332003 0.06431703005422928 0.04598711179556503
28 0.9256282765381879 0.4088096480775357 0.12873405405833438 0.1091617235911301
28 0.8069146379745064 0.41091280670039076 0.1271988251355733 0.11379465988879929
28 0.5648134963857627 0.41729918283910805 0.12877041549465282 0.11541172359113024
28 0.20164133069471815 0.42336312204718407 0.11938632513557328 0.11352184137714505
28 0.44220269818116076 0.42082843220613597 0.1178238251355733 0.11346727767481428
28 0.32660951443793945 0.42225946823365257 0.1193863251355732 0.11352184137714509
28 0.6882237253085238 0.41692221532324575 0.1178056444174139 0.11034227767481415
28 0.4782452581914235 0.5743998655085802 0.10837610226293623 0.10063989546082901
28 0.367344119627742 0.5767758426430893 0.11776928298109554 0.10409227767481415
28 0.24315718588452065 0.5779067783077864 0.11465337334017515 0.10554565027015243
28 0.5758924178323439 0.5762475969042586 0.10208065046753827 0.09260914065150558
28 0.678990146755105 0.5751613012580952 0.10048178903121965 0.08630457694917482
28 0.7797395804983264 0.5732119100584353 0.09893746974937905 0.08937501324684387
28 0.8836185594210875 0.5721528962634373 0.10208974082661797 0.09417164065150559
28 0.4744577037403056 0.7289236744015877 0.09735678903121965 0.08619544954451311
28 0.5760247489198456 0.7332515650530932 0.10048178903121965 0.08630457694917482
28 0.6830060019449077 0.7283954286627569 0.10518746974937905 0.0895932680561673