28 0.7410784386537278 0.13420889868663216 0.07728975334181776 0.06651247060135787
28 0.742731297979001 0.19370672941932676 0.07719884667409058 0.05869997060135783
28 0.7466824539704104 0.25723364088471606 0.0787977093411815 0.06190685775648763
28 0.7501239852800934 0.4317389959276701 0.07868862133990877 0.05253185775648746
28 0.7533938886060028 0.48663121381549457 0.08337612133990877 0.0527775192218769
28 0.7663222446292289 0.3161106739014028 0.041243165340545215 0.05525406603337357
28 0.7679660132877293 0.3763897546340974 0.041261346674090406 0.05681656603337348
28 0.8833750266550006 0.13228562980343955 0.08223179201145392 0.0886331320667471
28 0.8847097126432283 0.21912721053613415 0.08061474801081765 0.08386374491161737
28 0.8922398546308198 0.3109838398893478 0.09160679201145391 0.0891244549975256
28 0.2610364026495917 0.1395382920617983 0.13886360001590833 0.12439356965141815
28 0.26905689330045607 0.2564358649925768 0.13259541868236288 0.12250352103089916
28 0.2873881752864567 0.36058445443169873 0.11653406667727229 0.08418464947960161
28 0.2926927459420936 0.44216200305221776 0.11655224801081765 0.0857471494796016
28 0.29640754459741225 0.5260014145176071 0.11340906667727228 0.08402087516934209
28 0.42567106731381904 0.16614613692798713 0.11068405601527206 0.11823210085908262
28 0.43292848929822886 0.2814402662812007 0.11533519334818117 0.11535276232447185
28 0.5944745166295472 0.3047593368371301 0.11177384134309047 0.07768898801421234
28 0.5917051473185916 0.13966992537174083 0.10559656667727228 0.0836114393936934
28 0.5954199459739102 0.2235093368371301 0.10090906667727229 0.08336577792830413
28 0.6013688592855022 0.3840750226127788 0.10868520401018138 0.08065021370395282
28 0.6043751332750027 0.46162349050060325 0.11022952267663584 0.07916960085908258