28 0.5927680750381249 0.06638095855386876 0.09404224715020852 0.0834438527754691
28 0.5780860195672914 0.15962162258431362 0.08386846656499998 0.11581068380210838
28 0.5513559461446873 0.36732403463759217 0.07125936379145834 0.11061384783255317
28 0.5381454716959024 0.46453461566423143 0.06773432028847229 0.09329901384016441
28 0.5599880233670136 0.26523495262236974 0.06642639342673604 0.10417284684397003
28 0.38708362623746456 0.873616502508639 0.06555357123840286 0.06667284684397004
28 0.4478503928580553 0.3122770958925679 0.09433318787965277 0.0959438527754691
28 0.39400707988468686 0.8113393369953193 0.06399107123840286 0.06660917984777548
28 0.4539386983288887 0.21868626338305389 0.09433318787965277 0.0959438527754691
28 0.4246278323532288 0.47007500844013805 0.07362064437666671 0.07792868182494192
28 0.3747459739770131 0.9333270835352782 0.05116376291777778 0.05203734387822081
28 0.430243359138715 0.396796675930624 0.0736570119678472 0.07949118182494201
28 0.39847964038951333 0.6527774204934165 0.05603310087368065 0.060040844866803764
28 0.40525762367201346 0.5967502549800969 0.052871733282499986 0.05835101087441501
28 0.40971004075010375 0.5398463389724857 0.052871733282499986 0.05835101087441501
28 0.3844333645539577 0.7522999180219585 0.02910692496187508 0.043333505931499164
28 0.3885948409026036 0.7078960020143474 0.032268292553055564 0.04502333992388792
28 0.4472724306614582 0.13552359490398475 0.0590853656913195 0.05704317885919252
28 0.45519599306614583 0.030277679390665124 0.05523301386770836 0.0256658448668037
28 0.45021689912631935 0.07621226190017913 0.059158100873680654 0.06016817885919248