28 0.4625246883083074 0.4990316773949517 0.074684174511885 0.16177384134309047
28 0.9218860515388323 0.5035957394573125 0.08493983603812652 0.12283861067790855
28 0.8304798015388324 0.5025321314449039 0.0881193831160271 0.12599997334499946
28 0.7382241176914565 0.49755318276572275 0.08814665665497756 0.12756247334499946
28 0.2745610381461517 0.4702874173694983 0.05678756249917623 0.12094884667409059
28 0.10648319399035029 0.462082924013363 0.05991256249917618 0.12098520934118148
28 0.646626952918804 0.48555207475331413 0.05991256249917605 0.12098520934118148
28 0.3292894484545772 0.4732675140435889 0.058404609577076806 0.12409202800763594
28 0.15963546752930063 0.4642635893539081 0.053662562499176135 0.12091248400699968
28 0.5896229764577543 0.4864509560789054 0.05360801542127547 0.11778748400699968
28 0.522408202918804 0.4841066587364514 0.055115968343374885 0.11468066534054522
28 0.04709455722087512 0.46061078333863614 0.06155688311602721 0.12569089067472686
28 0.015803646912449613 0.45790340666772716 0.017752336038126516 0.1220568133354544
28 0.2166394439903503 0.46336470802831686 0.05678756249917623 0.12094884667409041
28 0.6897500669634031 0.13690603675999571 0.1000387305182393 0.18237724267981759
28 0.9461091611192044 0.14613777546144863 0.09669554220663663 0.16984088001272668
28 0.7756875669634031 0.13790601010499517 0.09367963636243815 0.17605451734563576
28 0.22997960064862313 0.10890447469763494 0.10338191882984216 0.1949136053469085
28 0.5105983551128499 0.12076177406904227 0.09077282467404083 0.1885181546785449
28 0.42075460511285 0.1197163473901792 0.0986125982129911 0.19017156134627214
28 0.8601171140413036 0.1420128021164492 0.09060918344033872 0.1791431546785449
28 0.6005784728076017 0.12961970074790535 0.09694100405718978 0.18390338001272669
28 0.32381142126547413 0.11468285471036162 0.09863987175194149 0.19173406134627213
28 0.39137639123040674 0.495079426718634 0.07473872158978576 0.16489884134309046