28 0.15234375 0.7741136899897372 0.0453125 0.06276362041330899
28 0.12421875 0.6516210664531703 0.0484375 0.05653180113146803
28 0.1375 0.7132625484009937 0.0453125 0.05963862041330899
28 0.0171875 0.1303687560501242 0.034375 0.07988748789975157
28 0.02578125 0.2053187590751863 0.0515625 0.09561248184962741
28 0.0796875 0.5534426416869395 0.09375 0.09898292154477702
28 0.03515625 0.2943267169207086 0.0703125 0.09572156615858277
28 0.04140625 0.37632160548439014 0.0828125 0.09110678903121974
28 0.05703125 0.4613869518935939 0.0890625 0.09270565046753809
28 0.0734375 0.630822753123258 0.0484375 0.05653180113146803
28 0.08359375 0.6815449157892404 0.046875 0.05339771077238851
28 0.109375 0.8040511748644267 0.0484375 0.06590680113146812
28 0.0953125 0.7400704880961433 0.05 0.059665891490547907
28 0.3078125 0.5193029492613153 0.121875 0.1116465480082102
28 0.32890625 0.6246489794137405 0.1046875 0.11623405405833438
28 0.371875 0.851742744539051 0.1171875 0.12724427693097126
28 0.39453125 0.9500484343323965 0.1109375 0.09595791549465282
28 0.346875 0.7393881902843249 0.1125 0.12877950585373252
28 0.28046875 0.4405557805452086 0.0921875 0.09272383118569749
28 0.2625 0.3625353196746242 0.0921875 0.0880363311856975
28 0.2375 0.28611826541989804 0.0703125 0.08009656615858277
28 0.2203125 0.21981200936977388 0.071875 0.06916815651766244
28 0.19453125 0.0949620002945876 0.0734375 0.07386474687674202
28 0.20703125 0.15738927742195066 0.071875 0.06916815651766242