28 0.7293418221824661 0.15765488876508638 0.058994566772189574 0.04129770934118149
28 0.7289410054102763 0.1170389794318591 0.05908549498543501 0.04442270934118144
28 0.6156804197669612 0.7069270880808144 0.09984688730530315 0.04958292401336308
28 0.617191443981856 0.6514947007479053 0.09681281551854859 0.052671561346272
28 0.5978313417120004 0.7645123214114964 0.06289245658477523 0.0678965720082724
28 0.5991414406166437 0.8363782307447238 0.06280152837152997 0.06477157200827222
28 0.598889039521287 0.9082259587444055 0.06583560015828453 0.0616829346753633
28 0.4927571159934022 0.24002939473263335 0.08811977711788863 0.07599997334499946
28 0.49270930337784763 0.31890837273231515 0.09119931301126591 0.07447383601209037
28 0.49261602665567034 0.39622485073199704 0.09285274122451134 0.07761701734563582
28 0.4864640003957114 0.15795269139876972 0.07879024122451135 0.07745338534372684
28 0.4823534427282147 0.6608595153962243 0.07190374373179384 0.05550566000954511
28 0.48245038261994255 0.717872584062679 0.07172188730530316 0.04925566000954511
28 0.48165241224511374 0.7709703120623608 0.07172188730530316 0.04925566000954511
28 0.48253060213684157 0.8279924713955881 0.07502874373179384 0.05554202267663584
28 0.47370455377355897 0.4709794027291334 0.054397994985435 0.04436816534054522
28 0.4734377808123053 0.5154924713955881 0.051045674452321776 0.03651930267345431
28 0.47533891310304355 0.6076708807288153 0.05426160266556703 0.03968066534054522
28 0.4723670257977405 0.5592151993952699 0.05426160266556686 0.03968066534054522
28 0.24455557752623536 0.7283811806969986 0.03225021034569906 0.03473862667090888
28 0.24486546608517976 0.7658720900302259 0.03206835391920819 0.02848862667090888
28 0.22591688928386017 0.812510732694135 0.0593128155185485 0.05223520934118149
28 0.2124788634196127 0.726445963359317 0.02894335391920828 0.02845226400381797
28 0.21276601992524574 0.7631556226925442 0.02912521034569897 0.03470226400381797