28 0.5064262202403583 0.24419018340226956 0.09445904800821019 0.12296588001272672
28 0.4367949762904825 0.26056861405949727 0.09133404800821018 0.12292951734563581
28 0.6284012141902341 0.22842082741881425 0.08805451190385671 0.09633065467854492
28 0.37963191608382807 0.28256124538508853 0.07091246369925477 0.10394316000954502
28 0.7066171177810302 0.21370489409608648 0.09581246974937904 0.08704656134627217
28 0.3303313528521115 0.29605103337840705 0.06934087334017516 0.10236247867599957
28 0.5735864491631195 0.24965948074472372 0.06449883723582168 0.0757454346753633
28 0.3795268560735653 0.4349140860518612 0.07237496974937896 0.08677384134309048
28 0.3239717476623089 0.44911239871099795 0.07239315046753828 0.08989884134309048
28 0.2684166392510526 0.4633107113701347 0.07238406010845858 0.08833634134309047
28 0.21131266637841564 0.47514709269572597 0.07239315046753818 0.08989884134309048
28 0.1635336965308408 0.4956863120225899 0.050372704722264315 0.06464430267345414
28 0.12206381401728347 0.5061420066836355 0.05350679508134393 0.06624316534054522
28 0.07825472668326595 0.5157891793443631 0.06289088544042357 0.06791475334181776