28 0.7363435101049951 0.7310745506917542 0.06529883068109026 0.10998121572854576
28 0.8050844194382224 0.7262890691781929 0.05903064934754489 0.10805469468185844
28 0.8715179414385407 0.7247650955571393 0.06217383068109043 0.1097992052052021
28 0.9340179414385407 0.7211248850902654 0.06217383068109043 0.1097992052052021
28 0.08368049208304164 0.6072594921780794 0.12002269334818114 0.11629139988706036
28 0.204828786083678 0.6048940843985111 0.11061133068109026 0.1126203683170294
28 0.32290662408495063 0.6073981871422864 0.11691587468172653 0.11767188936371689
28 0.4456446900859051 0.6072855241010464 0.11222837468172667 0.11739887357870131
28 0.5510952587523598 0.5995801689381965 0.09478633601209019 0.09452281570031093
28 0.6511225307526779 0.5960995821911983 0.08848179201145392 0.08947129465362344
28 0.734743552752996 0.5935745506917542 0.09009883601209037 0.09424979991529536
28 0.812123665420087 0.5921947902389977 0.05243520401018138 0.07800317363517095
28 0.8668293467536323 0.5905721060804829 0.05557838534372692 0.07974768415851478
28 0.9230975280871778 0.5888584166602964 0.05243520401018138 0.07800317363517095
28 0.11406633139717888 0.46398763431380646 0.11399086935072647 0.13467737884037323
28 0.7044009774029059 0.4718206480326835 0.058321577339272325 0.047117194681858446
28 0.2235231473981334 0.4646485159967771 0.10616018801718104 0.13265985253201382
28 0.8216521120703149 0.4704640034072948 0.05359771467218159 0.04371917889684287
28 0.7645663180696787 0.4690981954583172 0.05359771467218159 0.043719178896842695
28 0.3228055320655424 0.4643384318806147 0.0936420066836356 0.13036931043863906
28 0.4196259880649061 0.45400860565695994 0.08866360534690845 0.10509629465362344
28 0.5048458727323151 0.45451756889584427 0.08555678668045381 0.10647678413027997
28 0.5805089440642698 0.43994756370475957 0.05864884134309047 0.07524219468185826
28 0.9151657547342242 0.4446911877069839 0.09614884134309065 0.07742632096198285
28 0.6422731473981333 0.4402591058687214 0.06019316000954511 0.07377069994353036
28 0.7046640593968607 0.4272438954018475 0.05361589600572714 0.04528167889684287
28 0.7640845127307243 0.42769194545831724 0.050490896005727134 0.04509966837349921
28 0.8188174660645879 0.4284130112998025 0.05361589600572714 0.04528167889684287