28 0.746875 0.1390625 0.05078125 0.071875
28 0.8078125 0.140625 0.05390625 0.06875
28 0.68046875 0.14453125 0.0671875 0.0640625
28 0.8609375 0.1453125 0.053125 0.0625
28 0.7046875 0.27265625 0.03828125 0.0828125
28 0.6609375 0.275 0.03828125 0.08515625
28 0.93671875 0.2859375 0.0296875 0.0625
28 0.84609375 0.2859375 0.0359375 0.0625
28 0.8890625 0.2875 0.03515625 0.0625
28 0.7046875 0.39609375 0.03515625 0.0296875
28 0.7484375 0.396875 0.03984375 0.03125
28 0.6671875 0.3984375 0.03359375 0.02734375
28 0.1265625 0.40703125 0.06484375 0.0984375
28 0.196875 0.4078125 0.06484375 0.10078125
28 0.0578125 0.4078125 0.06640625 0.10078125
28 0.490625 0.41640625 0.053125 0.0734375
28 0.43359375 0.41796875 0.0515625 0.0765625
28 0.3765625 0.41796875 0.053125 0.0765625
28 0.3203125 0.4171875 0.053125 0.07578125
28 0.2609375 0.41796875 0.05390625 0.0765625
28 0.6328125 0.425 0.04453125 0.05625
28 0.540625 0.4265625 0.046875 0.05625
28 0.5875 0.42734375 0.04453125 0.0578125
28 0.75625 0.4328125 0.03828125 0.03359375
28 0.675 0.4328125 0.03984375 0.03515625
28 0.7171875 0.43359375 0.03984375 0.0359375
28 0.659375 0.51875 0.05078125 0.071875
28 0.30859375 0.51796875 0.0765625 0.0734375
28 0.2328125 0.5203125 0.06875 0.07421875
28 0.71796875 0.51875 0.0515625 0.06953125
28 0.60546875 0.5203125 0.0484375 0.071875
28 0.15390625 0.5203125 0.0796875 0.07578125
28 0.76953125 0.525 0.0421875 0.05625
28 0.0734375 0.525 0.07421875 0.07109375
28 0.86875 0.52578125 0.03984375 0.0578125
28 0.915625 0.525 0.040625 0.05625
28 0.3765625 0.5265625 0.05390625 0.0625
28 0.8171875 0.5265625 0.040625 0.05546875
28 0.4328125 0.52734375 0.05390625 0.0578125