28 0.7015625 0.64375 0.053125 0.09375
28 0.63828125 0.64296875 0.0484375 0.0921875
28 0.8515625 0.64765625 0.0375 0.0796875
28 0.80390625 0.646875 0.0359375 0.08203125
28 0.896875 0.659375 0.03359375 0.05546875
28 0.94140625 0.66015625 0.0328125 0.0578125
28 0.30859375 0.6671875 0.0421875 0.06015625
28 0.259375 0.66953125 0.04453125 0.0578125
28 0.21328125 0.6703125 0.0421875 0.05546875
28 0.1625 0.6703125 0.04453125 0.05625
28 0.1140625 0.671875 0.04453125 0.05625
28 0.33515625 0.3421875 0.0734375 0.109375
28 0.26171875 0.34140625 0.0671875 0.1078125
28 0.1 0.3453125 0.08515625 0.10078125
28 0.18359375 0.35 0.0796875 0.09140625
28 0.8328125 0.35078125 0.08046875 0.0828125
28 0.91328125 0.35078125 0.0765625 0.0828125
28 0.76171875 0.36171875 0.0453125 0.0640625
28 0.71171875 0.3625 0.0484375 0.0625
28 0.659375 0.36171875 0.04453125 0.0640625
28 0.7328125 0.4953125 0.05078125 0.10078125
28 0.5453125 0.4953125 0.04921875 0.09765625
28 0.6046875 0.496875 0.05390625 0.09765625
28 0.6671875 0.4984375 0.046875 0.1
28 0.28125 0.5125 0.05625 0.07578125
28 0.2203125 0.5125 0.05625 0.07578125
28 0.1609375 0.5140625 0.05546875 0.07421875
28 0.09765625 0.5140625 0.0578125 0.07578125
28 0.30859375 0.609375 0.0421875 0.05390625
28 0.25859375 0.61171875 0.0484375 0.0515625
28 0.1609375 0.6125 0.046875 0.05390625
28 0.11171875 0.615625 0.0421875 0.053125