28 0.8031983883927432 0.028208733663749697 0.14389677678548624 0.056417467327499395
28 0.8028366721120834 0.1032547933155549 0.14582295269729179 0.09240831838861122
28 0.7897749340799307 0.18016278543177017 0.11558993882958343 0.06827983415618064
28 0.7928103215227432 0.2434076678405896 0.12194904160312525 0.07311280452090294
28 0.7958820765567364 0.30821505024940904 0.1187876740119446 0.0714775693385418
28 0.7979219277147575 0.5637747192273604 0.10494337955902786 0.08052526101791671
28 0.8020113220914242 0.6387201678405896 0.10654224715020852 0.08212412860909737
28 0.78024019918191 0.37502134375239515 0.08092399810013884 0.05497974715020835
28 0.8062858204759035 0.8895377854317701 0.09549564437666688 0.07718205547083343
28 0.7971634339830216 0.7998576895920827 0.08648432028847211 0.09258884992375016
28 0.8061780241231258 0.9520741530229507 0.09008079255305575 0.045822952697291794
28 0.7887859298989589 0.7085969099568048 0.07332970364722229 0.06417290919430556
28 0.625706008071216 0.7882149408263537 0.08143314437666671 0.07685474715020853
28 0.6185825326725005 0.7172484773954857 0.08150587955902786 0.07997974715020853
28 0.6150379989531602 0.6321285949866662 0.08306837955902786 0.08001611474138884
28 0.6011897852379517 0.4401593005337495 0.0819422906531944 0.09872974715020835
28 0.6043712962558685 0.5432661167381593 0.0801979526972918 0.09088087955902786
28 0.5751467767854862 0.06009059403673563 0.07805357123840295 0.06584451196784728
28 0.5814721248093753 0.1975178588543745 0.07336607123840296 0.06573540919430561
28 0.5926304431979863 0.34108602089847173 0.08350479065319441 0.09876611474138901
28 0.5875961446610072 0.25912750608083285 0.07481946846486114 0.061084276785486225
28 0.5775645683886113 0.13038491024114535 0.07808993882958326 0.06740701196784729