28 0.3170659862292008 0.6371731229730527 0.04680357123840277 0.06485343262955982
28 0.3585995227983328 0.6309816241908688 0.04676720364722229 0.06329093262955983
28 0.4393228459365967 0.6186395369349262 0.04364220364722229 0.06323638555165925
28 0.47853081630131894 0.6117076984611678 0.043605836056041625 0.061673885551659244
28 0.5153768528704509 0.6055980202958346 0.04197060087368065 0.05852161201270896
28 0.39858874316305504 0.6240361489476351 0.04673083605604171 0.06172843262956
28 0.27867563345565916 0.6425288246773361 0.045095600873680655 0.058576159090609536
28 0.3333300319163885 0.47523618466145 0.039136541603125075 0.07096706493480802
28 0.35996526709874954 0.47164753449929425 0.03590243882958344 0.06622501785690744
28 0.18828963563986068 0.4996339870143565 0.0391001740119445 0.0694045649348082
28 0.3034970615516662 0.48200438190150646 0.03906380642076392 0.0678420649348082
28 0.2462839735957635 0.49081236607319384 0.03750130642076392 0.06781479139585792
28 0.21730498841340234 0.49444192654377517 0.0391001740119445 0.06940456493480802
28 0.27528114257371483 0.48640155560261267 0.03750130642076392 0.06781479139585792
28 0.3095139382609025 0.324150971593081 0.06668096656500007 0.11361821509696393
28 0.26096733548736084 0.3296839513005415 0.06675370174736121 0.11674321509696392
28 0.20689743132704833 0.33765613839432823 0.06995143692972236 0.1199227621748646
28 0.15290026234909693 0.342503325488115 0.06820709897381953 0.1120829886359143
28 0.09962979198437472 0.34968062581242654 0.06664459897381954 0.11205571509696402
28 0.44445655518649296 0.09610601786020276 0.06689917211208343 0.12299321509696393
28 0.49225827555121515 0.0890241749222174 0.06846167211208343 0.12302048863591428
28 0.3957826658438194 0.10710774756766331 0.06693553970326391 0.12455571509696392
28 0.3457462982526388 0.10954300081407417 0.06519120174736122 0.11671594155801364
28 0.29242127650114574 0.11906405113838577 0.06846167211208343 0.1230204886359143