28 0.05546875 0.4078125 0.0921875 0.11328125
28 0.1359375 0.42265625 0.06640625 0.0890625
28 0.39453125 0.4359375 0.0734375 0.09765625
28 0.19765625 0.43828125 0.0515625 0.0671875
28 0.4703125 0.440625 0.06875 0.10078125
28 0.253125 0.4421875 0.05390625 0.07421875
28 0.87734375 0.4578125 0.0796875 0.11796875
28 0.55546875 0.4578125 0.1046875 0.08046875
28 0.95703125 0.4625 0.0734375 0.12109375
28 0.31953125 0.46015625 0.0609375 0.0421875
28 0.6640625 0.4625 0.09140625 0.08671875
28 0.7703125 0.46953125 0.103125 0.0890625
28 0.6625 0.58984375 0.08203125 0.1046875
28 0.56484375 0.5984375 0.0890625 0.07109375
28 0.75 0.6046875 0.071875 0.0875
28 0.828125 0.6109375 0.08046875 0.09140625