28 0.7005995181392022 0.955677609466996 0.07405705547083344 0.088644781066008
28 0.7037407423036466 0.8599173943331435 0.07085932028847228 0.09342634783255335
28 0.6968711868328131 0.7659763933445604 0.04854790919430556 0.0737850098858317
28 0.6982505424561464 0.6911037273369491 0.04996493882958344 0.06759867688202607
28 0.7003384128971185 0.6131378948274351 0.046949041603125075 0.07215884288963732
28 0.7016450333380908 0.5351402288198239 0.04847517401194459 0.0706600098858317
28 0.6994090796908685 0.4726083953217266 0.04178876291777769 0.05165534190105418
28 0.70211519918191 0.42120506281221265 0.03851829255305557 0.04527800790866543
28 0.7039673334905906 0.3666448968046014 0.04186149810013902 0.054780341901054186
28 0.7035302691860419 0.3143329803026986 0.041679660144236054 0.046967841901054186
28 0.706072734516771 0.2558983977931846 0.041679660144236054 0.046967841901054186
28 0.7071618026210418 0.2020876482874762 0.04178876291777769 0.05165534190105418
28 0.7075605397032639 0.15215131528367057 0.041679660144236054 0.046967841901054186
28 0.7094308578075348 0.09837239927605934 0.03862739532659738 0.049965507908665385
28 0.5917511950009382 0.9443322036109528 0.07340243882958326 0.06855368182494175
28 0.5940390871934035 0.8749601211014388 0.07180357123840278 0.06692751482874755
28 0.59563664836382 0.8094624550938277 0.07187630642076392 0.07005251482874764
28 0.5984265015186114 0.3927842910633828 0.06046602773541672 0.049294345855386903
28 0.5996064886008335 0.34287979155767434 0.06206489532659738 0.05092051285158128
28 0.602367159478646 0.29382020904816036 0.06042966014423605 0.0477318458553869
28 0.5949715803564585 0.2443467910633828 0.041570557370694414 0.04228034190105419
28 0.5978413540078126 0.19997470855386873 0.04160692496187508 0.04384284190105418
28 0.5976224952503474 0.15703779205196597 0.03840918977951393 0.04059050790866543
28 0.6004740851061111 0.11188445954245194 0.041679660144236054 0.046967841901054186
28 0.4657147186522924 0.8947075939154014 0.06882404160312508 0.07305018083635914
28 0.4686565742756256 0.8198985949039848 0.07202177678548623 0.07630251482874754
28 0.46387684887691033 0.7486775109115961 0.05450696846486114 0.06153967787060921
28 0.4654925938429172 0.6839610949039848 0.05450696846486114 0.06153967787060921
28 0.4688877379352435 0.5615595128887623 0.052798998100139015 0.05522601087441501
28 0.46870720640010466 0.6208708458925679 0.05450696846486114 0.06153967787060921
28 0.47302711122600727 0.4040653478697343 0.05025587955902786 0.08009867688202607
28 0.46875914494534765 0.4889669298849567 0.04716724715020852 0.08153384288963732
28 0.47013719414791694 0.34697043087353985 0.041643292553055565 0.045405341901054184
28 0.4720438798433683 0.29475401486592867 0.03851829255305574 0.04527800790866543
28 0.47487728590354183 0.24881943235641463 0.03855466014423623 0.04684050790866543
28 0.4675726257593057 0.2032522643716371 0.02590918977951393 0.04008117193911025
28 0.47153146751493064 0.10506943235641464 0.02612739532659738 0.04945617193911027
28 0.4695884142282988 0.15572334836402585 0.024455792553055567 0.04470500494291585