28 0.6623978878329908 0.17562349936471547 0.06680018083635879 0.0709187157285458
28 0.583962528631731 0.2940025020661386 0.0769391847906915 0.0902147472985769
28 0.44635244068500957 0.30791454166985177 0.07212435079830275 0.08681673151356133
28 0.5145758586697871 0.3056232705525772 0.07524935079830275 0.08699874203690508
28 0.3818442717116488 0.31512082594130597 0.07537668479069151 0.09012374203690499
28 0.6921570306088973 0.29090686512149616 0.05930601581733086 0.07827618942018652
28 0.6418386956279255 0.295807196747997 0.05618101581733086 0.07809417889684286
28 0.8059476165784524 0.28500474659270525 0.03985567885919252 0.05999662628012441
28 0.8451692840689387 0.28337362813450145 0.044606845855386726 0.06183214206513989
28 0.7712861150955778 0.2900338808359245 0.03985567885919252 0.05999662628012441
28 0.7358751971108002 0.2942362624483079 0.04141817885919252 0.060087631541796235
28 0.578834676844845 0.38141149680446673 0.0424713428896375 0.047678636803468066
28 0.5410800088600676 0.38547737052434233 0.03778384288963732 0.04740562101845249
28 0.721022176844845 0.389692975616605 0.035775673916276673 0.03637711575678075
28 0.7579000943353311 0.38792534926589345 0.043651840912471054 0.03839464206513998
28 0.6863925088600675 0.3939408598598243 0.03740184091247105 0.03803062101845249
28 0.65254409087529 0.3982342467338795 0.035775673916276673 0.03637711575678075
28 0.6187275063886096 0.4017463836079348 0.03740184091247105 0.03803062101845249
28 0.21514490855605634 0.4471535339891055 0.071997016805914 0.08369173151356132
28 0.27946207654083394 0.44463474971765127 0.07017984882113648 0.0773507262518894
28 0.4569477479856525 0.43226209428657025 0.0576161818249421 0.07506018415851479
28 0.3438110780237087 0.4413347154461971 0.06861734882113639 0.07725972099021768
28 0.5033279994685274 0.42791549950588986 0.05599001482874755 0.07340667889684287
28 0.0970024036131405 0.4637656393637169 0.054172846843970036 0.06706567363517095
28 0.40741066300468065 0.437207928543907 0.060486513840164416 0.06899219468185844
28 0.15357073859411244 0.45922932878390343 0.06204901384016441 0.06908319994353036
28 0.5879258339552077 0.42736103363616973 0.03810217787060921 0.05521812101845254
28 0.5502029994685274 0.4306456573560453 0.044415844866803764 0.057144642065139806
28 0.7667193374152488 0.42132938346676047 0.04208934091247087 0.038303636803468065
28 0.7313402529285685 0.42475051507914385 0.03421317391627667 0.03628611049510884
28 0.6967105849437909 0.42899839932236317 0.037401840912470875 0.03803062101845249
28 0.662957667453305 0.43094803619641836 0.032587006920082116 0.03463260523343692
28 0.6252666664647217 0.43345140991629394 0.035775673916276673 0.03637711575678075