28 0.11031997422410236 0.2561039150834339 0.0817063569862417 0.06198874491161739
28 0.11193454872620641 0.19068363297125826 0.07874504809323425 0.06651247060135783
28 0.11595490453132173 0.3281426893936934 0.07449405771188107 0.0787668091359686
28 0.11697422359113019 0.13402087516934214 0.07082342068857253 0.0629780348257091
28 0.25503476269868974 0.3135965897778062 0.09371528366526398 0.048581342152655346
28 0.2582887374709463 0.36211597693293596 0.09527778366526399 0.048663229307785105
28 0.26898810217691826 0.06556520352718757 0.06989583774894789 0.03641553482570909
28 0.26849208357259674 0.1630167356393632 0.07016865626060227 0.0442280348257091
28 0.27076142250267105 0.11634645352718756 0.07011409255827142 0.04266553482570908
28 0.3887922038056823 0.32528544154139993 0.034176592558271324 0.04078213025772479
28 0.3895263245869221 0.2793145222740946 0.03751984736759475 0.0471959045679843
28 0.39023814191745 0.3666916915413999 0.03255952885594056 0.03913774310259503
28 0.4004887165891901 0.9505344250330566 0.1119394940095503 0.07916960085908258
28 0.400994658877309 0.8756981993433162 0.11506449400955017 0.0793333751693421
28 0.4007268187661083 0.9925432437241927 0.11035714664195542 0.014913512551614615
28 0.4102034454529798 0.5587939823600029 0.08337798439090331 0.06519563206674714
28 0.4115774616950486 0.620471788782438 0.08644842068857254 0.06379690637700648
28 0.41217022793711744 0.6821086516273083 0.08650298439090345 0.06535940637700666
28 0.41117321232802084 0.7428823773170488 0.08494048439090332 0.0652775192218769
28 0.4118205422724205 0.8060817401619189 0.08655754809323427 0.06692190637700648
28 0.419699952624556 0.4064469103337355 0.0642460384745874 0.05327548620519007
28 0.42162952957373073 0.5063650231786057 0.06430060217691821 0.05483798620519007
28 0.42217267739681247 0.45492535391130035 0.06580853847458741 0.05335737336031983
28 0.4275347560752678 0.2735082575747735 0.038973219962933216 0.04415279172311406
28 0.42827385525696116 0.36166667684207887 0.04064484736759475 0.04735967887824381
28 0.4282540078893663 0.31643606399720864 0.04220734736759475 0.04744156603337357
28 0.5203621515360968 0.3859883254171693 0.0817063569862416 0.06198874491161739
28 0.5195586312024949 0.7649388410210015 0.0858135036281972 0.0902775192218769
28 0.5224232255748648 0.8469700910210015 0.08710318511654265 0.08254690637700648
28 0.5212773215916972 0.32287084972742885 0.07863592068857254 0.06338747060135788
28 0.522408290373504 0.4445820754171693 0.08165179328391084 0.06042624491161739
28 0.5230531973518964 0.9320035102883069 0.08748513103285874 0.09348440637700647
28 0.5279613420101172 0.26863372908064254 0.0641369110699257 0.05015048620519007
28 0.5270710639567848 0.9884770810713789 0.0781994110699257 0.02304583785724219
28 0.5281299784004536 0.16180719696846688 0.06564484736759475 0.048669873360319825
28 0.5279191580747008 0.11110783412359664 0.06408234736759474 0.04858798620519007
28 0.5294668553417792 0.6913751882620396 0.0708779843909035 0.0645405348257091
28 0.5292857398331989 0.21723500339090202 0.06251984736759475 0.048506099050060314
28 0.5297099028020412 0.6313417689947343 0.06619048439090332 0.06429487336031983