28 0.5102011144483408 0.03960575063654684 0.1358477711033183 0.07921150127309368
28 0.5113448287345259 0.10496493193032137 0.10777731818121908 0.08873633068109024
28 0.5535560535740178 0.3716069919239581 0.11890573295387127 0.09980110001590833
28 0.5093908165596612 0.1721615225970941 0.0808602621748646 0.0681147480108177
28 0.5654736266265007 0.44957745058882176 0.1219489123370204 0.09514996268299925
28 0.5169890823879738 0.22909277526259414 0.09031708279171564 0.07291133601209036
28 0.6370842049572848 0.8666280432447767 0.14097164772652385 0.11099313868554432
28 0.567016761367381 0.5401660879217308 0.1084318831160271 0.12623633068109025
28 0.6475483721655692 0.9383666832431861 0.13582049756436804 0.08437609468490806
28 0.5126094995962582 0.30100413792968506 0.059067082791715644 0.07254770934118149
28 0.5861604533324317 0.6516393899188674 0.11133869480442442 0.11377269334818116
28 0.6014251688364327 0.7615956452498673 0.11783415665497757 0.12790791868236298
28 0.45518714286185047 0.682063781269912 0.12844437418757343 0.10928518801718105
28 0.4256553758157218 0.5839899079408208 0.09563187418757355 0.10890338001272681
28 0.4590467540637803 0.7741876466025029 0.1063239123370204 0.0949681493475449
28 0.4685796668078378 0.8545291272676849 0.11430005357072233 0.10443405601527189