28 0.7418076456939603 0.701968875106953 0.05349770472226432 0.066536836641599
28 0.7519224681972548 0.8428657028572122 0.05506020472226432 0.06660961124870468
28 0.7476485795353774 0.7719902766785297 0.05351588544042354 0.06966183664159917
28 0.6817216569104458 0.15569749669474034 0.11925906010845858 0.09303087014004516
28 0.6669875121002484 0.020220338917910734 0.11914997579950323 0.04044067783582147
28 0.672038105582586 0.0749205316409284 0.11929542154477701 0.09928087014004516
28 0.6835563468019872 0.24308833478408154 0.11929542154477701 0.09928087014004516
28 0.6869717174116878 0.32728139826631686 0.12086701190385654 0.10091614474715102
28 0.6818115187395478 0.4087497220876345 0.08953519867214013 0.08539815260503385
28 0.6829558622218854 0.4805519474805286 0.0926511083130606 0.08398120181924558
28 0.687979184626984 0.5568597363556581 0.09579428903121964 0.08725175103345731
28 0.6930206877502421 0.6300425252307875 0.09735678903121965 0.08732452564056317
28 0.711646926140973 0.9189402053384115 0.09883747579950324 0.07333480024766885
28 0.6917985553348807 0.7058601625343405 0.04561248184962743 0.05367296360606986
28 0.6874741488172182 0.7779170990521053 0.058157933645025396 0.062067660462916764
28 0.690176447120016 0.8504277998378935 0.06134656615858276 0.07315070967712849
28 0.44312731040304615 0.0863632615819365 0.10215337334017516 0.10629284946188071
28 0.4480006418833312 0.188452300457066 0.09435905405833438 0.10905397642635144
28 0.45048931674775805 0.2976817512428543 0.1021897347764936 0.11254284946188076
28 0.44667799463724683 0.415796050457066 0.09906473477649361 0.11239730024766903
28 0.4406774586310892 0.5074570115819365 0.07856133723582168 0.07863873035529281
28 0.446482031036188 0.5837284131535131 0.08800906010845858 0.09157537799792799
28 0.4413354679026673 0.6628529869748305 0.07541815651766229 0.07536818114108108
28 0.4463906065645446 0.7336920258499602 0.07856133723582168 0.07863873035529281
28 0.44518210968780264 0.8071659131535132 0.08479315651766228 0.07580482878371626
28 0.45012361886118485 0.8975362020286426 0.10377041549465287 0.11574062406898662
28 0.4504912575230621 0.9685935647250897 0.08136817466803503 0.02409677956950489