28 0.23652434904148248 0.22694441279920619 0.08314884328594588 0.060704376223535396
28 0.24088914129415606 0.17131197169221363 0.08318520472226432 0.0669543762235354
28 0.2452584787263694 0.11646078058522107 0.0800420240041051 0.06372024881887364
28 0.22351580981387098 0.2742832042690185 0.06435339149054775 0.052237111795565117
28 0.2078958758742579 0.4100123731434925 0.06437157220870697 0.05536211179556507
28 0.21831522540671972 0.3205679272271765 0.06277271077238851 0.04905754809323426
28 0.21389589099956846 0.366825368334169 0.06279089149054776 0.05218254809323426
28 0.20191858664664647 0.45710562795281595 0.06435339149054782 0.052237111795565026
28 0.19828504741903502 0.504117037208643 0.06435339149054772 0.052237111795565026
28 0.1875975322937245 0.547467733124959 0.05022725897699045 0.04080853847458741
28 0.17205032122674835 0.695696901999433 0.048710210772388504 0.04856647477225664
28 0.17495715260883754 0.6580877745947713 0.0518261204133089 0.04711310217691818
28 0.18155661055255568 0.5836234879342823 0.05179884933607006 0.042425602176918174
28 0.17864523399092672 0.6204513653389442 0.05022725897699045 0.04080853847458741
28 0.15789743851679933 0.8149652571715761 0.050254530054229286 0.04549603847458741
28 0.16525542056281842 0.7365674386599219 0.05023634933607006 0.04237103847458741
28 0.15922813436026906 0.7750669434692453 0.050254530054229286 0.04549603847458741
28 0.6531957820973326 0.6609225316815295 0.1287431444174139 0.11072422359113006
28 0.6247758663080922 0.7455257101746502 0.07538179508134384 0.0682440577118811
28 0.6110633451326576 0.8061730334956281 0.05814884328594587 0.059831356986241604
28 0.6035962787776831 0.8658208520072822 0.0597295240041051 0.06301092068857236
28 0.5517413246445939 0.4144146086307042 0.08623748184962743 0.05456350362819702
28 0.5323514960911752 0.5737176867610053 0.07212043969514959 0.0446974303072194
28 0.528663414709086 0.6113540960168324 0.07212043969514959 0.04469743030721922
28 0.5368071919346449 0.5337102456540127 0.07058521077238851 0.04933036660488845
28 0.5397094781371943 0.49531986824935104 0.07212043969514977 0.0446974303072194
28 0.5148099929679171 0.6477826693378101 0.053334078258831144 0.03779266587924894
28 0.5110946405085891 0.6807315785936373 0.05019998789975162 0.036121038474587405
28 0.4317288064942213 0.4701785137101801 0.06751475292686618 0.05859623920022692
28 0.4228946828594585 0.5634746459241653 0.06751475292686618 0.05859623920022692
28 0.41847534845230727 0.6097320870311578 0.06749657220870695 0.05547123920022692
28 0.43538052643999203 0.42629210445435295 0.07063066256778665 0.05714286660488845
28 0.44420555971567505 0.3314334722403678 0.06751475292686634 0.05859623920022674
28 0.4501873941228264 0.2851214674310444 0.06438975292686618 0.058487111795565025
28 0.4397862253085238 0.3776909133473604 0.07063066256778647 0.05714286660488845
28 0.42652822208707003 0.516463236668338 0.07062157220870695 0.05558036660488845
28 0.4538209333504379 0.23811005817521727 0.06747839149054773 0.05234623920022674
28 0.39650087538327866 0.7277107607149552 0.05181703005422929 0.04555060217691818
28 0.4009702067653678 0.6900470696079626 0.05023634933607006 0.04237103847458741
28 0.4038815833269968 0.6532191922033009 0.05180793969514963 0.043988102176918176
28 0.3865627940011894 0.7655654247801057 0.03459316861791084 0.03870040145127884
28 0.38285653190094104 0.8000768340359329 0.03456589754067192 0.034012901451278665
28 0.379922429441613 0.8329984614405946 0.031477258976990455 0.04015377404661713
28 0.301910017168414 0.5864533328548065 0.08164088544042354 0.07002481252120454
28 0.29523329117251906 0.6476363695152954 0.08476588544042354 0.07013393992586625
28 0.27689235733110185 0.7186036339432657 0.06288179508134392 0.06780754809323426