28 0.10994040253181939 0.41276764471200167 0.08550148801421238 0.11140110831306056
28 0.046454434643994985 0.4092295542547261 0.052525213703952876 0.1080852107723885
28 0.34571080619529254 0.4231182956705191 0.11181832654882307 0.10686814441741407
28 0.44291335481581146 0.42880469340758276 0.1038420522385636 0.10369769262201593
28 0.5448852905914603 0.4360263200674076 0.10556832654882306 0.1068317829810955
28 0.26129818464399496 0.40797962988127867 0.06494997060135788 0.07691702400410509
28 0.1890546924459111 0.40136653639894104 0.06807497060135788 0.07693520472226431
28 0.8571363070998036 0.44436904343102396 0.11223440637700648 0.0850022347764936
28 0.750476871324155 0.43717468784843794 0.11050813206674696 0.08186814441741408
28 0.6486687098587657 0.4330780611886131 0.11223440637700648 0.0850022347764936
28 0.9907832095200814 0.43961284485707963 0.018433580959837315 0.04398634933607006
28 0.9441040405914602 0.4337037333225654 0.05541784034363317 0.04405907220870695
28 0.5521921002932558 0.30703825683569114 0.13673643939369348 0.10545109016268786
28 0.04015244572527145 0.2740687590751863 0.03328389077317436 0.09860112646343318
28 0.2305694058111797 0.28390178044701275 0.12004026232447187 0.11472609621281213
28 0.11457591361309583 0.27754321701890444 0.12456398801421238 0.11162836729005096
28 0.435048865897088 0.29365298858712263 0.10211577792830404 0.10056360226293633
28 0.3362428736990041 0.28719443120913857 0.10359639077317437 0.09901019262201594
28 0.6746436324054313 0.30241841364794114 0.12300813206674696 0.08194086729005097