28 0.8670439890417452 0.25980082698228496 0.06192211124870504 0.05503293364502539
28 0.919188685898592 0.24760080883191238 0.05247433664159899 0.05341589149054773
28 0.12428063854640721 0.45240790339440445 0.14143413688926815 0.15234427088084707
28 0.7321745293646169 0.3199701916400573 0.1105094685684687 0.1256090540583344
28 0.31554349338497145 0.423043632022578 0.11283394789030421 0.1084397347764936
28 0.23004048697483065 0.44677150263227866 0.12228172249741005 0.11005677693097127
28 0.8105542404894873 0.31495595959403816 0.09066784946188058 0.10206246974937896
28 0.46845232361642974 0.3950191468533009 0.0952825748547749 0.10052724082661779
28 0.4004279156347124 0.41259701141287736 0.0888142510334573 0.09580337939029934
28 0.9331205992569931 0.3008212576022483 0.047786836641598995 0.0533886204133089
28 0.8824656277930402 0.31459286611170056 0.07009848428423453 0.06289088544042354
28 0.5443661985139859 0.5939520714231401 0.06657537799792798 0.0878636143631848
28 0.5956568707637269 0.5833100080932276 0.06664815260503403 0.08942611436318479
28 0.6525254549241267 0.5703560110200939 0.07297092721213971 0.09102497579950324
28 0.7093940390845265 0.5574020139469601 0.06813787799792799 0.08787270472226431
28 0.7647001232449263 0.5444389265147468 0.07297092721213971 0.09102497579950324
28 0.8214231581911143 0.534609929441613 0.07133565260503402 0.08945338544042354
28 0.9267955548002922 0.6211837545771862 0.0674829065339754 0.07381020472226432
28 0.8674376714256807 0.6372491161117007 0.0674829065339754 0.07381020472226432
28 0.4844881226257538 0.7889691347530525 0.11959337014004526 0.11941359621281204
28 0.8260442299455173 0.7206246974937898 0.08903257485477489 0.10049087939029935
28 0.7492077481424824 0.7428400650784284 0.10109592721213971 0.09118860226293642
28 0.6574183544287886 0.7673128242518105 0.10102315260503385 0.08962610226293624
28 0.893413666463282 0.7171093329342133 0.07416955417661057 0.08322156615858275
28 0.9456675252307877 0.7025655647838407 0.04753427956950453 0.08150453005422946