28 0.2515625 0.73125 0.02265625 0.04453125
28 0.2765625 0.73203125 0.02265625 0.0421875
28 0.3015625 0.73515625 0.02265625 0.0421875
28 0.3875 0.7328125 0.025 0.04296875
28 0.3296875 0.734375 0.02890625 0.040625
28 0.3578125 0.734375 0.02421875 0.040625
28 0.41640625 0.73515625 0.0265625 0.0421875
28 0.2578125 0.8296875 0.02265625 0.02265625
28 0.2828125 0.8328125 0.01796875 0.021875
28 0.5125 0.8515625 0.04296875 0.053125
28 0.4203125 0.853125 0.03984375 0.05078125
28 0.378125 0.853125 0.03984375 0.04921875
28 0.46640625 0.85546875 0.0453125 0.0484375
28 0.25625 0.86875 0.02265625 0.02421875
28 0.284375 0.86875 0.02421875 0.021875
28 0.24453125 0.24921875 0.0515625 0.0890625
28 0.66875 0.25234375 0.04921875 0.0796875
28 0.35 0.2515625 0.05078125 0.084375
28 0.7203125 0.25234375 0.05078125 0.0828125
28 0.76875 0.25234375 0.04453125 0.0828125
28 0.61640625 0.253125 0.0515625 0.08046875
28 0.56171875 0.253125 0.0453125 0.07421875
28 0.2984375 0.253125 0.05078125 0.08203125
28 0.4546875 0.2546875 0.05078125 0.07578125
28 0.5109375 0.2546875 0.04921875 0.071875
28 0.403125 0.2546875 0.04921875 0.078125
28 0.321875 0.375 0.040625 0.084375
28 0.36796875 0.3765625 0.0421875 0.08515625
28 0.67734375 0.3828125 0.0359375 0.06484375
28 0.56484375 0.38125 0.0359375 0.06640625
28 0.75234375 0.38203125 0.0359375 0.0640625
28 0.63828125 0.38203125 0.0359375 0.0640625
28 0.71484375 0.3828125 0.0328125 0.0625
28 0.6 0.38203125 0.03359375 0.0671875
28 0.52578125 0.3828125 0.0359375 0.06640625
28 0.4109375 0.38515625 0.03359375 0.0640625
28 0.48671875 0.384375 0.0359375 0.06484375
28 0.4484375 0.38515625 0.03515625 0.0640625
28 0.40390625 0.48984375 0.0328125 0.0796875
28 0.43984375 0.4890625 0.0359375 0.078125
28 0.32734375 0.490625 0.0359375 0.08203125
28 0.290625 0.490625 0.03359375 0.08046875
28 0.25234375 0.49140625 0.0359375 0.0796875
28 0.68359375 0.4953125 0.0265625 0.06640625
28 0.365625 0.4953125 0.03515625 0.07109375
28 0.59375 0.4953125 0.02734375 0.06484375
28 0.653125 0.49609375 0.02890625 0.0671875
28 0.6234375 0.4953125 0.02734375 0.06875
28 0.475 0.4953125 0.025 0.06640625
28 0.5359375 0.4953125 0.02734375 0.06640625
28 0.5046875 0.49609375 0.02734375 0.0671875
28 0.5640625 0.496875 0.025 0.06484375
28 0.453125 0.60234375 0.04453125 0.0578125
28 0.4078125 0.60390625 0.04453125 0.0578125