28 0.8421702539543328 0.04323242141631378 0.13746550790866544 0.04145537727617325
28 0.899116568212239 0.3492156484550602 0.1070086867678576 0.098313131037097
28 0.8581374466536896 0.16698817016267256 0.11207818874502422 0.10782452335696502
28 0.878363716425353 0.2612155432822107 0.11214185574121842 0.10938702335696497
28 0.8323615138401644 0.08976644061664367 0.0842423488211363 0.07580163354437941
28 0.9782575815581118 0.8428496396795715 0.043484836883776266 0.08499477711788864
28 0.9844094224705829 0.9148610319994397 0.031181155058834165 0.08472199247815268
28 0.9673545736494464 0.7690029627199675 0.06529085270110713 0.08839256175762493
28 0.8500768207208779 0.7543374059769076 0.04604201186299832 0.057522994985435005
28 0.8234267960062986 0.63651340848419 0.046042011862997965 0.057522994985435005
28 0.8361297258540745 0.6993089251772375 0.04942167984777583 0.06386392319868044
28 0.7744826186299809 0.5843682352855095 0.07968218281352506 0.07879024122451135
28 0.8047789081733079 0.7725274648315386 0.04798651384016459 0.06694345909205772
28 0.7914857293141154 0.7143967160851797 0.049294345855386903 0.06073892319868044
28 0.7787827994663398 0.6516011993921322 0.051111513840164415 0.06703438730530316
28 0.7146844432680106 0.9340359911912579 0.11791169467652338 0.13192801761748427
28 0.68894300254582 0.8214386747815261 0.12409802768032882 0.13470527210332373
28 0.6381777041052444 0.590546375956025 0.12578786167271758 0.13787573620994636
28 0.5631379644481868 0.24267952579774046 0.12228085969555132 0.1284098079967011
28 0.6114958458925679 0.47194112846330755 0.12221719269935694 0.1268473079967009
28 0.5882573226608633 0.3612393091838353 0.12228085969555132 0.1284098079967011
28 0.6617027288198238 0.7082794452354972 0.11915585969555131 0.12831887978345566
28 0.47222244026508003 0.5201703768139548 0.10933519072219049 0.11710859514371955
28 0.4483936680219586 0.4141333254811713 0.11277852570316256 0.12501202335696499
28 0.42327430980928205 0.29557354209507647 0.11271485870696818 0.12344952335696498
28 0.4885424600367435 0.6142840896669363 0.09957818874502422 0.1074608105039836
28 0.508927897298893 0.7124177127864744 0.09482702174882984 0.10576191818411544
28 0.5299990840667509 0.808230317959324 0.09638952174882984 0.10580738229073816
28 0.551261271823192 0.9087304231321734 0.09957818874502422 0.1074608105039836
28 0.32357669323082955 0.5298910546314888 0.09313718775644109 0.10259145407749273
28 0.339274630492979 0.6278882854311589 0.09482702174882984 0.10576191818411544
28 0.3637254852456145 0.7300418188172537 0.09820668973360744 0.11210284639736087