28 0.9123460104544854 0.8500616594525401 0.05579901384016459 0.06624316534054486
28 0.8658065914811246 0.8385878101129493 0.05579901384016424 0.06624316534054486
28 0.3750211295043958 0.6181351187141797 0.07783052273741298 0.10866702267663583
28 0.3175760440291323 0.6073152500397709 0.07158052273741297 0.10859429734245403
28 0.26177437159573047 0.5793351533656803 0.07467634783255317 0.06958634134309047
28 0.19332811912427253 0.5668255153564534 0.07773768083635879 0.06806020401018138
28 0.1239414491623286 0.5504005366804539 0.08111734882113639 0.07434656667727228
28 0.8075497866147584 0.5778770294398132 0.09632585475263547 0.10263519867918128
28 0.7272574501509117 0.5621060314289956 0.0930735207602467 0.09947383601209037
28 0.8891817885919249 0.5881974587841764 0.08943918479069168 0.08693747334499946
28 0.6483684461965791 0.5424469647517234 0.09300985376405216 0.09791133601209037
28 0.37791668334499784 0.4783913660486796 0.07049818380210837 0.08203179734245403
28 0.3204715978697343 0.4675714973742709 0.065747016805914 0.08041475334181776
28 0.27012142939066514 0.45839594470081657 0.064184516805914 0.08039657200827222
28 0.2165507604173044 0.44684027936027154 0.06730951680591397 0.0804329346753633
28 0.16301192494204084 0.4360658640197263 0.06405718281352515 0.07727157200827225
28 0.5721587732688856 0.511886760741542 0.05879667984777566 0.06315452800763595
28 0.5280586047898165 0.5027839334022696 0.05717051285158128 0.061573846674090583
28 0.43435768433358096 0.48373339405631555 0.058860346843970034 0.06471702800763594
28 0.48317718631074735 0.4936720153962243 0.05879667984777566 0.06315452800763595
28 0.23815521049385407 0.21048515603118037 0.04059050790866543 0.037954533338636146
28 0.2043386260071737 0.2046255073599533 0.04046317391627659 0.03482953333863614
28 0.2101602030794803 0.17501982336090782 0.04046317391627665 0.0348295333386361
28 0.24785120406806344 0.18014367536599848 0.04046317391627667 0.03482953333863614
28 0.2375291749048598 0.04180788136536216 0.07336851581733086 0.07581816000954503
28 0.29734984387822055 0.053436272040089064 0.0652376808363588 0.06791475334181778