28 0.696875 0.3984375 0.03515625 0.05625
28 0.6578125 0.3984375 0.03515625 0.05546875
28 0.58125 0.3984375 0.03359375 0.05546875
28 0.54296875 0.3984375 0.0328125 0.05390625
28 0.5078125 0.3984375 0.03125 0.05078125
28 0.61875 0.3984375 0.03515625 0.05390625
28 0.734375 0.39921875 0.03515625 0.0515625
28 0.66484375 0.54921875 0.0265625 0.0640625
28 0.6390625 0.5484375 0.025 0.06015625
28 0.80390625 0.5484375 0.0265625 0.0625
28 0.69296875 0.54765625 0.0265625 0.0609375
28 0.7484375 0.54765625 0.025 0.0609375
28 0.77578125 0.5484375 0.0265625 0.0625
28 0.7203125 0.54765625 0.025 0.0609375
28 0.6703125 0.6953125 0.046875 0.10078125
28 0.7171875 0.69765625 0.046875 0.1046875
28 0.76796875 0.6984375 0.0484375 0.10703125
28 0.81953125 0.7015625 0.0484375 0.1
28 0.87109375 0.703125 0.0484375 0.1
28 0.51796875 0.8921875 0.0453125 0.109375
28 0.471875 0.89140625 0.046875 0.1109375
28 0.56484375 0.8890625 0.0453125 0.11171875
28 0.6125 0.89375 0.04453125 0.10546875
28 0.66328125 0.89296875 0.0484375 0.1109375