28 0.3638442919755014 0.272304225779965 0.11232452564056317 0.09938436379145843
28 0.2733113372607717 0.2931817298640276 0.07249573821317572 0.048511541603125076
28 0.6215755169541108 0.41568597739548563 0.05632708271265763 0.06998649810013897
28 0.5025708058292403 0.41298116432520793 0.05461903349844608 0.06682513050895836
28 0.560528855043452 0.41476056345152734 0.05461903349844608 0.06682513050895836
28 0.19421249627594633 0.40842682978777767 0.04302656203449331 0.052508057370694416
28 0.14644708436528756 0.4071922913187846 0.043172111248705035 0.05563305737069442
28 0.09911832009726393 0.41533275284979154 0.040590766749222996 0.03372168977951393
28 0.1804475568626976 0.5158944908819443 0.030851893713693724 0.02569098423243048
28 0.14607255686269757 0.5166945778879166 0.037101893713693726 0.02583645459715278
28 0.10068728225559173 0.5161867380321528 0.03702911910658786 0.02427395459715278
28 0.5645336124870501 0.534328181042708 0.055599336641599176 0.054361498100139016
28 0.5090284751834971 0.5348379805296176 0.052328787427387446 0.05116376291777769
28 0.6249081863083676 0.5376155287822565 0.05374573821317572 0.048075130508958355
28 0.4533414013621796 0.5314415300165274 0.05389128742738745 0.05120013050895835
28 0.6822305347367911 0.5425381117041661 0.05374573821317572 0.048075130508958355
28 0.3104090386657325 0.5355504146095484 0.04215326674922295 0.033758057370694414
28 0.4020336124870501 0.5381104105254858 0.04371576674922295 0.03379442496187508
28 0.2618259894515208 0.5335528099361456 0.04059076674922295 0.03372168977951393
28 0.2187844648444149 0.532990418693611 0.039028266749222974 0.03368532218833344
28 0.3558307005763913 0.5368395044653121 0.04215326674922304 0.033758057370694414
28 0.2592511071103666 0.6126045303008679 0.05545378742738745 0.051236498100139014
28 0.19973055789615488 0.610861498765729 0.05545378742738745 0.051236498100139014
28 0.3149745682352371 0.6167822308139581 0.05389128742738745 0.05120013050895835
28 0.5038744023956369 0.6256811860767011 0.061412688998963995 0.04513196846486132
28 0.5689364762169544 0.6288594310427079 0.062975188998964 0.045168336056041626
28 0.6535298000382721 0.6315830811189578 0.06907963978475226 0.042188806420763926
28 0.14842276902102539 0.6175303792746873 0.040809090570540586 0.03840918977951393
28 0.10065735711036661 0.6162958408056944 0.04393409057054058 0.03848192496187508
28 0.7272220111631424 0.6353425543334716 0.06915241439185812 0.04375130642076393
28 0.5897648606250232 0.7402145051309023 0.10273120181924558 0.09447865824437507
28 0.4801351495001528 0.7372914865135413 0.10585620181924575 0.09455139342673621
28 0.6916912336605525 0.7456631117041661 0.10244010339082213 0.08822865824437506
28 0.8417105043387171 0.759377506746423 0.06570208271265798 0.07020470364722228
28 0.9137310535529288 0.7608295975521173 0.0655565334984459 0.0670797036472223
28 0.7767575924280582 0.7585430117804159 0.059306533498445904 0.06693423328249999
28 0.3890563852321291 0.7464502405976038 0.06839043507002263 0.06090243882958326
28 0.3130931987143645 0.7443078187698609 0.07166098428423436 0.0641001740119446
28 0.0752293256788352 0.7420231926293056 0.07551373035529288 0.07979790919430556
28 0.1536090368037057 0.7456735630702778 0.08161818114108117 0.07681837955902786
28 0.23366040983923497 0.7516313159200693 0.07507708271265771 0.07042290919430556