28 0.7569489158874363 0.12638740828799966 0.09450449980360816 0.13241534639736088
28 0.9442352924490652 0.1576504654932779 0.09449540944452864 0.1308528463973609
28 0.8513710815784808 0.14238682983732742 0.09449540944452864 0.1308528463973609
28 0.6594062953759315 0.10969766495191721 0.09451359016268786 0.13397784639736088
28 0.5618545845053472 0.0945704216158348 0.09605790944452863 0.13089831050398354
28 0.1457801326117532 0.049655356030779314 0.06296360831306051 0.08150606426490724
28 0.2097562742004968 0.06263507765924939 0.0629454275949013 0.07838106426490725
28 0.9845097927436528 0.35097691666777686 0.027307909444528634 0.12889788981258557
28 0.93145297043675 0.3408039462929481 0.09918290944452864 0.13098923871722895
28 0.8401512595661658 0.3254948465303749 0.09449540944452864 0.1308528463973609
28 0.658324542645457 0.2956351649519172 0.09605790944452863 0.1308983105039836
28 0.7527557986955812 0.310072086501245 0.09603972872636941 0.1277733105039836
28 0.5685898769544124 0.2794993510827214 0.09759313836728971 0.12625627461060623
28 0.3890887293155446 0.2526964733443297 0.09449540944452864 0.1308528463973609
28 0.48430123536566877 0.2671106628403462 0.09603972872636941 0.1277733105039836
28 0.1642887172152962 0.2248683046979958 0.07559996369925477 0.10530727711788872
28 0.3078705455723233 0.24959185688870913 0.07560905405833437 0.10686977711788873
28 0.23686315398357963 0.2368167237400411 0.078743144417414 0.10852320533113406
28 0.49755923858712264 0.40498273588074196 0.06436248184962742 0.053426528371529926
28 0.4343416211006799 0.3958865321989606 0.06276362041330899 0.04713106426490725
28 0.942312681503726 0.4881192154932779 0.11006586729005079 0.12193248746358769
28 0.8408592658126816 0.4723243824237523 0.11318177693097127 0.12046091567683312
28 0.743312100121637 0.4564158890876698 0.10535109621281222 0.11710859514371955
28 0.2251438831027325 0.3715099724863999 0.12725336729005096 0.12243259263643713
28 0.11041830777076753 0.35453908432316694 0.13193177693097136 0.1210064849563052
28 0.649607551917035 0.4513312354850306 0.09274201190385671 0.09799488229073816
28 0.34606491628021974 0.3976740042231421 0.1271988251355733 0.11305759263643714
28 0.5668859555078313 0.4381158331360327 0.09117042154477702 0.09638691818411549
28 0.4902870940715127 0.44659357436054414 0.06436248184962742 0.05342652837152997
28 0.42707402176460996 0.43671612067876264 0.06277271077238851 0.04869356426490725
28 0.7033632901113742 0.6098962417532368 0.12096700585373252 0.11600073620994636
28 0.19064564237431053 0.5279562007787876 0.05989315046753818 0.09079013605166182
28 0.13678938934924845 0.52093096245727 0.061464740826617834 0.09239810015828454
28 0.08295131704234557 0.5107807241357525 0.06459883118569745 0.09405152837152997
28 0.2421399646812134 0.5381746352602391 0.05832156010845857 0.08918217194503911
28 0.305312130372258 0.5550833389420206 0.0911522408266178 0.09326191818411544
28 0.39271668160192197 0.5689435989711503 0.09428633118569749 0.09491534639736088
28 0.5979763533430908 0.5989025689502677 0.11303633118569749 0.09546091567683312
28 0.4996024858566481 0.5908293076674966 0.10203519867214013 0.08420516693047428
28 0.799247961852543 0.6430376991959419 0.10043633723582168 0.07790970282385175
28 0.9100581968254284 0.6616847476257316 0.11295451795398073 0.08139841567683312
28 0.1522937530250621 0.006866113948338118 0.0672874939498758 0.013732227896676236
28 0.21474830122966404 0.013769331815884495 0.06737839754067194 0.02753866363176899