28 0.81328125 0.7050136715191808 0.0546875 0.038165844866803765
28 0.82421875 0.7351468404925414 0.0515625 0.03647601087441501
28 0.80859375 0.6782601705305976 0.0546875 0.038165844866803765
28 0.80234375 0.64909925254582 0.0515625 0.04116351087441501
28 0.79609375 0.6168133345610425 0.0515625 0.04116351087441501
28 0.78828125 0.5836824995800706 0.0515625 0.03803851087441501
28 0.78046875 0.5521141645990986 0.0515625 0.03803851087441501
28 0.928125 0.7065681957394686 0.025 0.030706171939110405
28 0.921875 0.678188527754691 0.025 0.030706171939110228
28 0.9203125 0.5773436107584966 0.0671875 0.0652376808363588
28 0.91015625 0.5245860252832331 0.065625 0.06517401384016441
28 0.8984375 0.4702022728117751 0.0609375 0.06342051285158128
28 0.96484375 0.7010331201500367 0.0265625 0.029207338935304604
28 0.96171875 0.669655786157648 0.028125 0.03395850593149916
28 0.2875 0.8085897272997681 0.1078125 0.08408052273741298
28 0.27109375 0.743858723839727 0.1046875 0.08707818874502422
28 0.25625 0.6830976373758803 0.103125 0.08232702174882985
28 0.30546875 0.8640093977560035 0.103125 0.07920202174883002
28 0.4140625 0.7371842539915138 0.1046875 0.07301568874502422
28 0.4046875 0.6469585020143473 0.08125 0.05956068380210837
28 0.3828125 0.5648171640676259 0.08125 0.057998183802108375
28 0.41484375 0.6895598374896109 0.08125 0.05956068380210837
28 0.39453125 0.6059196665390838 0.08125 0.05956068380210837
28 0.53984375 0.7079344471851623 0.0984375 0.06494852076024671
28 0.5515625 0.7521619496566203 0.096875 0.06175985376405215
28 0.5296875 0.6661143617098987 0.0984375 0.06494852076024671
28 0.47578125 0.41079285034119223 0.0859375 0.053501684790691506
28 0.4671875 0.37684893186212304 0.0828125 0.05181185079830275
28 0.4578125 0.3459981798849567 0.0828125 0.05337435079830275
28 0.56015625 0.7931371181356892 0.0953125 0.06482118676785795
28 0.48359375 0.4447049353221642 0.0828125 0.05024935079830275
28 0.52109375 0.6235766932308296 0.096875 0.06175985376405215
28 0.5078125 0.5824105237631773 0.09375 0.06319501977166357
28 0.49140625 0.4770545203031361 0.0828125 0.05337435079830275
28 0.4515625 0.3113685119001791 0.0796875 0.050122016805913994
28 0.50859375 0.5425986072612744 0.0796875 0.051684516805913995
28 0.50078125 0.5110302722803024 0.0796875 0.051684516805913995
28 0.63828125 0.5947579679454089 0.0796875 0.06887201680591382