28 0.4720180596532118 0.8532757099379573 0.03796365016215582 0.02699885200509087
28 0.6927942098153675 0.8772746419080498 0.07768071509696384 0.06495338534372692
28 0.624852733354318 0.8796280299172764 0.06501707386326175 0.055432934675363296
28 0.7732493230458924 0.8755570532304592 0.07458298863591431 0.06647952267663584
28 0.5553896672016938 0.884343349260049 0.07921594155801355 0.06340906667727211
28 0.46898456289962276 0.903321163271821 0.039607970779006865 0.03170453333863606
28 0.6052483818982113 0.15939734591823104 0.09886596834337488 0.11518974267981755
28 0.5077012260540126 0.16678367926482135 0.09571369480442442 0.11359088001272669
28 0.4038495231319132 0.17111773794559343 0.09571369480442446 0.11359088001272669
28 0.21974725852141663 0.1888881353039559 0.07044095941492108 0.09767497867599957
28 0.14951657913826769 0.19439379531350093 0.07515573295387146 0.09929202267663592
28 0.06906146590774284 0.19611138399109132 0.07669095941492107 0.09774770401018133
28 0.017567149755118687 0.20061761799809102 0.029843232953871417 0.09876476400381798
28 0.33079385267721795 0.19384726062222932 0.04815685633066593 0.07398294000636332
28 0.2800671497551187 0.19756315396245627 0.04659435633066593 0.07396475867281786
28 0.37581957507778263 0.49025863661682045 0.039798885551659245 0.04264203333863605
28 0.28372753246410876 0.4968000852960017 0.04443183847375849 0.0395715773392725
28 0.3289854853862081 0.49314782662318385 0.03974433847375849 0.03951703333863606
28 0.3314071018631438 0.5423483952896383 0.04286933847375849 0.03955339600572714
28 0.28535426217156934 0.545228494629229 0.0428420649348082 0.03799089600572714
28 0.3744031254020942 0.5434109086171386 0.042814791395857824 0.036428396005727136
28 0.3726923952875965 0.6692376119510023 0.0638364034085667 0.07728975334181776
28 0.43442478205707163 0.6693006992759571 0.06071140340856651 0.07725339067472685
28 0.3094929659044475 0.6746614559595928 0.06071140340856669 0.07725339067472703
28 0.24858273944339793 0.6769330279678651 0.06378185633066594 0.07416475334181775
28 0.18380717329077373 0.6815938033100011 0.0638364034085667 0.07728975334181776
28 0.12212933359919927 0.6846557159850462 0.06071140340856668 0.07725339067472685
28 0.5015850085181214 0.666956401933503 0.06060230925276535 0.07100339067472686