28 0.06015625 0.31484375 0.0484375 0.2046875
28 0.11015625 0.31484375 0.0453125 0.2046875
28 0.1609375 0.31875 0.04296875 0.203125
28 0.43984375 0.3265625 0.0609375 0.203125
28 0.5015625 0.34375 0.05546875 0.18046875
28 0.6140625 0.34453125 0.053125 0.1765625
28 0.5578125 0.34609375 0.05078125 0.1765625
28 0.2078125 0.35 0.0375 0.14765625
28 0.6640625 0.37265625 0.0375 0.1359375
28 0.8328125 0.375 0.05625 0.13828125
28 0.7 0.39375 0.03515625 0.08515625
28 0.73984375 0.396875 0.0359375 0.08671875
28 0.77890625 0.40234375 0.0359375 0.0828125
28 0.09140625 0.5609375 0.0765625 0.1625
28 0.16796875 0.5625 0.0765625 0.165625
28 0.24453125 0.56484375 0.0734375 0.1609375
28 0.31875 0.56796875 0.06953125 0.1609375
28 0.390625 0.5671875 0.06875 0.15625
28 0.4546875 0.57265625 0.05078125 0.1609375
28 0.5078125 0.571875 0.05078125 0.1625
28 0.6515625 0.5875 0.05625 0.125
28 0.7203125 0.58671875 0.06015625 0.1234375
28 0.596875 0.59609375 0.03828125 0.1203125
28 0.55625 0.5953125 0.0375 0.11640625