28 0.1234375 0.13125 0.0375 0.06484375
28 0.0828125 0.13125 0.0375 0.06640625
28 0.71796875 0.140625 0.0453125 0.0625
28 0.771875 0.140625 0.05078125 0.06015625
28 0.82421875 0.1421875 0.0453125 0.06015625
28 0.2421875 0.16328125 0.03125 0.0453125
28 0.16796875 0.16484375 0.0328125 0.0453125
28 0.20546875 0.1640625 0.0328125 0.04453125
28 0.11015625 0.20703125 0.0421875 0.0828125
28 0.0640625 0.2078125 0.0375 0.08046875
28 0.7828125 0.209375 0.05078125 0.07421875
28 0.728125 0.21015625 0.053125 0.0734375
28 0.83828125 0.21015625 0.0515625 0.0734375
28 0.153125 0.21875 0.0375 0.06015625
28 0.2328125 0.21875 0.03359375 0.05859375
28 0.19375 0.21953125 0.03515625 0.0578125
28 0.73046875 0.315625 0.0328125 0.02265625
28 0.7703125 0.3171875 0.03125 0.025
28 0.69453125 0.31953125 0.0296875 0.0265625
28 0.90625 0.3171875 0.03984375 0.053125
28 0.8609375 0.3203125 0.040625 0.053125
28 0.8171875 0.3203125 0.03984375 0.053125
28 0.65625 0.31953125 0.0375 0.0515625
28 0.61640625 0.32109375 0.0359375 0.0515625
28 0.696875 0.3453125 0.025 0.02734375
28 0.73515625 0.346875 0.0359375 0.03125
28 0.775 0.34765625 0.03359375 0.0328125
28 0.459375 0.35703125 0.05625 0.0953125
28 0.39453125 0.3578125 0.0578125 0.09375
28 0.971875 0.359375 0.053125 0.08515625
28 0.57578125 0.365625 0.0515625 0.07578125
28 0.51875 0.3671875 0.04921875 0.07578125
28 0.871875 0.3734375 0.03828125 0.05546875
28 0.828125 0.375 0.03828125 0.05390625
28 0.62421875 0.375 0.0421875 0.05546875
28 0.66953125 0.3765625 0.0421875 0.053125
28 0.7875 0.384375 0.03359375 0.03515625
28 0.746875 0.384375 0.03515625 0.0375
28 0.71171875 0.3859375 0.0359375 0.03515625
28 0.63671875 0.5109375 0.0640625 0.08046875
28 0.56796875 0.51171875 0.0640625 0.0796875
28 0.4765625 0.51484375 0.02890625 0.0765625
28 0.37421875 0.51484375 0.0328125 0.0765625
28 0.5109375 0.51484375 0.03359375 0.0765625
28 0.40859375 0.5140625 0.0328125 0.078125
28 0.44375 0.51484375 0.03125 0.0765625
28 0.7828125 0.5171875 0.06640625 0.071875
28 0.71015625 0.51953125 0.0640625 0.0640625