28 0.59453125 0.5453125 0.0453125 0.03984375
28 0.64453125 0.5453125 0.0515625 0.040625
28 0.53671875 0.5453125 0.0515625 0.040625
28 0.4828125 0.5453125 0.04921875 0.040625
28 0.54609375 0.65859375 0.0484375 0.0421875
28 0.76484375 0.65703125 0.0484375 0.0421875
28 0.6546875 0.6578125 0.053125 0.040625
28 0.815625 0.6578125 0.04453125 0.03984375
28 0.87109375 0.65625 0.0453125 0.03984375
28 0.709375 0.6578125 0.04921875 0.03984375
28 0.6 0.65859375 0.04453125 0.0421875
28 0.4921875 0.66015625 0.040625 0.0421875
28 0.4328125 0.659375 0.04453125 0.03984375
28 0.38203125 0.6609375 0.0453125 0.03984375
28 0.32421875 0.6609375 0.0453125 0.03984375
28 0.27109375 0.66875 0.0484375 0.025
28 0.2203125 0.66875 0.04453125 0.025
28 0.17578125 0.6703125 0.0484375 0.025
28 0.1234375 0.6703125 0.040625 0.02265625