28 0.1875 0.890625 0.05390625 0.046875
28 0.3859375 0.89296875 0.06015625 0.0421875
28 0.321875 0.89296875 0.05546875 0.0421875
28 0.25625 0.8921875 0.06015625 0.03828125
28 0.3125 0.2890625 0.05859375 0.11171875
28 0.3703125 0.29765625 0.04453125 0.0921875
28 0.465625 0.309375 0.04296875 0.06640625
28 0.4203125 0.31171875 0.03828125 0.0640625
28 0.7359375 0.4765625 0.04296875 0.05859375
28 0.33203125 0.4796875 0.0453125 0.05859375
28 0.23671875 0.4828125 0.0453125 0.05625
28 0.18984375 0.4828125 0.0453125 0.05625
28 0.2828125 0.48125 0.04296875 0.05625
28 0.1453125 0.4921875 0.04296875 0.03515625
28 0.4 0.615625 0.06953125 0.08046875
28 0.31875 0.6171875 0.071875 0.078125
28 0.26015625 0.6328125 0.0421875 0.05078125
28 0.1671875 0.63359375 0.04296875 0.0484375
28 0.2125 0.6328125 0.04296875 0.05078125
28 0.30859375 0.759375 0.0515625 0.06484375
28 0.25078125 0.7640625 0.0578125 0.05625
28 0.1890625 0.7671875 0.05859375 0.05546875