28 0.8609450669520097 0.9660032783501954 0.04938493030721958 0.06799344329960917
28 0.903268976207837 0.9683023883316618 0.04943949400955035 0.06339522333667631
28 0.24703384517497814 0.8622718546239889 0.05714286660488845 0.07222222958158006
28 0.19051102666332384 0.8524950613400781 0.06333830290255764 0.0708779843909035
28 0.1363319581516696 0.8428001136096637 0.05703373920022683 0.06909722958158007
28 0.7412848421797532 0.916205452709374 0.03924603847458741 0.051309528855940555
28 0.8189014106914076 0.9267188559747513 0.04080853847458741 0.051364092558271325
28 0.779675219584415 0.92066726341648 0.04080853847458741 0.051364092558271325
28 0.8824629136866324 0.8922644996214817 0.0562896947351895 0.09248016587924894
28 0.9295561684959559 0.9001514106914076 0.05154763103285873 0.09075397477225663
28 0.18568462820726991 0.7813194657865818 0.06544643992586621 0.08655754809323427
28 0.2421256011654279 0.7887525090704928 0.0685168762235353 0.08510417549789598
28 0.12835327784445022 0.7707341406515056 0.06539187622353534 0.08499504809323426
28 0.838893962960993 0.8735764978073833 0.049221239200226564 0.06882441106992551
28 0.7565353307470079 0.8613369034350133 0.044424611795565026 0.06553571996293321
28 0.7965154900028351 0.8666345278444503 0.04598711179556503 0.06559028366526398
28 0.250024892002268 0.6797867368379741 0.038482146641955414 0.029434528855940556
28 0.20840038719294457 0.6720907987262065 0.03691964664195542 0.02937996515360979
28 0.28757945570459886 0.6826587656939147 0.03546627404661713 0.032450401451278844
28 0.0679837183184706 0.6508010973675948 0.04900298439090338 0.0625744110699257
28 0.1141593138719669 0.6547544765863551 0.050565484390903394 0.06262897477225646
28 0.1604440368301249 0.6618328558051153 0.049002984390903406 0.0625744110699257
28 0.32680564681159147 0.688710358252186 0.0473313569862416 0.05939484736759475
28 0.36834830606741853 0.6940625463639537 0.0457688569862416 0.05934028366526398
28 0.28743312276497435 0.6561235475450801 0.02921627404661713 0.032232146641955416
28 0.24812508610448547 0.6477282049868086 0.04193452885594055 0.03891865626060227
28 0.20650058129516205 0.6400322668750411 0.04042659255827141 0.04042659255827132
28 0.5333458234906138 0.6818775488110245 0.07558533175849824 0.1087599303072194
28 0.601587392002268 0.6920635698624167 0.07391370435383635 0.10558036660488845
28 0.028710397992717785 0.5987103185116542 0.018789694735189634 0.09117063702330856
28 0.4145586179556509 0.6543204892850448 0.06544643992586625 0.08655754809323427
28 0.4741245909138089 0.6618626599736174 0.06232143992586607 0.08644842068857254
28 0.10748023873689064 0.5975595354793625 0.049057548093234246 0.0641369110699257
28 0.15371039799271777 0.6030754146981228 0.049002984390903406 0.0625744110699257
28 0.3647942309323423 0.6369767326616229 0.05218254809323426 0.0642460384745874
28 0.31842766242068804 0.6275546034428625 0.0521279843909034 0.06268353847458741
28 0.1972967068857252 0.5999156983633867 0.04053571996293313 0.043551592558271325
28 0.2388939298438832 0.6068303864751543 0.04371528366526398 0.045223219962933214
28 0.2757218072485449 0.6112376334799295 0.04366071996293312 0.04366071996293321
28 0.3645437158713999 0.49573417376861545 0.07821925843752045 0.09480655771188111
28 0.4358830025318888 0.5052480722246694 0.07816469473518954 0.09324405771188111
28 0.5299331028947084 0.5171156443645207 0.0419543762235353 0.08417659255827133
28 0.6366468943645207 0.5341072261230189 0.04664187622353531 0.08434028366526398
28 0.49539441178771587 0.5112277429132419 0.04664187622353531 0.08434028366526398
28 0.6005729851086936 0.5289460109694092 0.04669643992586625 0.08590278366526398
28 0.5644445121505356 0.5222222958157996 0.045079376223535306 0.08428571996293321
28 0.21364341478294077 0.4647148083448533 0.08101687622353533 0.08554068511654264
28 0.2888889514434296 0.4743651160567343 0.07600199400955017 0.07600199400955017