28 0.5671875 0.0859375 0.11328125 0.14296875
28 0.615625 0.93359375 0.03828125 0.1078125
28 0.6640625 0.93515625 0.03984375 0.1046875
28 0.7125 0.9375 0.04296875 0.109375
28 0.7625 0.93828125 0.03984375 0.1046875
28 0.86640625 0.1 0.0765625 0.12265625
28 0.9515625 0.1015625 0.08203125 0.125
28 0.6703125 0.1109375 0.08671875 0.103125
28 0.7671875 0.11640625 0.08984375 0.0953125
28 0.590625 0.28359375 0.08203125 0.1546875
28 0.6765625 0.28828125 0.0875 0.1546875
28 0.75390625 0.3046875 0.0578125 0.13125
28 0.8890625 0.3109375 0.08203125 0.11875
28 0.8171875 0.32265625 0.05546875 0.0921875
28 0.63828125 0.49609375 0.1109375 0.1234375
28 0.7484375 0.49765625 0.109375 0.1234375