28 0.684375 0.8484375 0.08515625 0.09140625
28 0.78359375 0.85078125 0.0953125 0.0921875
28 0.88828125 0.84921875 0.0921875 0.0921875
28 0.5890625 0.8484375 0.08515625 0.0875
28 0.11015625 0.85390625 0.0734375 0.0671875
28 0.184375 0.8546875 0.07109375 0.06953125
28 0.2609375 0.85625 0.08046875 0.071875
28 0.3359375 0.8578125 0.0625 0.06875
28 0.415625 0.8578125 0.07421875 0.06953125
28 0.4984375 0.8578125 0.06953125 0.07109375
28 0.3734375 0.63203125 0.03984375 0.0296875
28 0.421875 0.63203125 0.03828125 0.0328125
28 0.909375 0.6328125 0.07578125 0.084375
28 0.475 0.6328125 0.03828125 0.03515625
28 0.32734375 0.634375 0.0484375 0.03125
28 0.7640625 0.65078125 0.06484375 0.0796875
28 0.834375 0.65 0.06640625 0.07421875
28 0.6953125 0.659375 0.05390625 0.05625
28 0.63203125 0.659375 0.0484375 0.05859375
28 0.5140625 0.66015625 0.04921875 0.0609375
28 0.5734375 0.659375 0.04453125 0.05859375
28 0.3109375 0.67109375 0.040625 0.0296875
28 0.36015625 0.67265625 0.0421875 0.0265625
28 0.4109375 0.6734375 0.046875 0.025
28 0.46015625 0.6765625 0.0421875 0.025