28 0.7752780432822106 0.8469272288211132 0.06228470282385175 0.10172763605166182
28 0.8417297573888334 0.8465575042896492 0.06540970282385175 0.10181856426490725
28 0.5982836342692952 0.837220922869476 0.05870506175762476 0.08601170783841638
28 0.9074456856020788 0.8477730118114966 0.07014266693047447 0.10351745658477532
28 0.708621740695786 0.840265703352577 0.055580061757624755 0.0859207796251713
28 0.6545563663226066 0.8363654650310595 0.055625525864247474 0.0874832796251713
28 0.3077806547232663 0.8229982646479833 0.05181856426490725 0.06395485141192588
28 0.25449653035008696 0.8190752942731546 0.05025606426490725 0.06390938730530316
28 0.9740891670950764 0.8457725911200985 0.05182166580984706 0.1015457796251713
28 0.3726471367765777 0.8218927542231421 0.05181856426490725 0.06395485141192588
28 0.8806832941401405 0.680440759304214 0.08094377461060631 0.09914820533113407
28 0.8031804197669612 0.6772224825820368 0.0717051669304741 0.10356292069139812
28 0.6033251722742436 0.6611441561764286 0.06629024122451135 0.07842652837152997
28 0.6706263325408003 0.6630954495916533 0.06004024122451135 0.0782446719450391
28 0.735583742807357 0.6651149391668121 0.06638116943775678 0.08155152837152997
28 0.23996135424841264 0.6420043289128906 0.09423338479802065 0.07299488229073817
28 0.05048967728880853 0.633442985814235 0.06606292069139799 0.07061402837152997
28 0.1366317657686106 0.6379737099499876 0.09106292069139799 0.07134145407749273
28 0.4292966388881488 0.6458781720115463 0.05181856426490725 0.06395485141192588
28 0.5419784953146396 0.6488547563347131 0.05172763605166182 0.06082985141192587
28 0.48717733504808275 0.646539750066507 0.05485263605166182 0.060920779625171305
28 0.32408630166198793 0.6309555171552658 0.049483174452321685 0.03734688730530315
28 0.3757397298752333 0.6325802016367174 0.04640363855894432 0.03881845909205772
28 0.6151993834778724 0.5317832651102018 0.08384145407749273 0.0914266335443795
28 0.530597062944759 0.5264258268678266 0.09473348997087001 0.09018238229073816
28 0.9664807386507219 0.5387640731734098 0.06597199247815269 0.06748902837152997
28 0.8279494360642972 0.5341938966095171 0.0769549565847754 0.06936977711788864
28 0.7550885975844951 0.5292767275674718 0.0691424565847754 0.0691424565847754
28 0.6861567411580044 0.5250271482588698 0.07061402837152997 0.06606292069139812
28 0.8959409181176085 0.5329974579714305 0.07217652837152996 0.06610838479802066
28 0.2843752808123054 0.5023136916075875 0.05016513605166182 0.06078438730530315
28 0.3407389410788621 0.504583233769171 0.05172763605166182 0.06082985141192587
28 0.45581001161197554 0.509054121932404 0.05154577962517113 0.054579851411925874
28 0.3978838513454188 0.5068300438774431 0.05163670783841656 0.05770485141192587
28 0.2255769423325033 0.49698734560593805 0.05650606426490725 0.06409124373179384
28 0.1653070320659466 0.4948314637109112 0.053381064264907255 0.0640003155185486
28 0.03927572947952187 0.4898975742940371 0.05181856426490725 0.06395485141192588
28 0.10501438974607857 0.4918943318158845 0.05650606426490725 0.06409124373179384