28 0.6734499109972575 0.6727966858871903 0.06540810087368065 0.06116987336031983
28 0.6655302678548617 0.768358169378847 0.062137630508958354 0.05475609905006031
28 0.668345490119445 0.7216878872666714 0.062173998100139016 0.056318599050060314
28 0.6504449028291324 0.4890015400256334 0.1080320119678472 0.08213082654882306
28 0.5947320310569799 0.9958701792169281 0.08833645459715278 0.008259641566143828
28 0.6323501726807643 0.5496967005865114 0.08906380642076392 0.07177318068726599
28 0.600526129746459 0.925692634553138 0.09186149810013902 0.057874454997525505
28 0.625174758736806 0.6101838212332978 0.08906380642076392 0.07177318068726617
28 0.5961665912774661 0.972473622794493 0.09026263050895836 0.05505275441101389
28 0.6095173104079172 0.809119288216611 0.08426720364722229 0.0668400192218769
28 0.6038134774860076 0.8657820460185273 0.08426720364722229 0.0668400192218769
28 0.6079164831855909 0.706816481794176 0.0652262629177777 0.05335737336031983
28 0.6130572716545839 0.6594877804146949 0.062173998100139016 0.056318599050060314
28 0.6051194447165977 0.7542680139063516 0.06224673328249999 0.05944359905006032
28 0.5212717747887159 0.772502357529345 0.04004442496187508 0.04423467887824373
28 0.5161673539109034 0.8213935589088258 0.041643292553055565 0.0458790660333734
28 0.513279396463959 0.8649388410210015 0.04153418977951375 0.0411915660333733
28 0.5089198579949661 0.9123084859780475 0.043205792553055566 0.04596095318850324
28 0.5029250843436118 0.9564712437799635 0.04004442496187508 0.04423467887824373
28 0.5482744990500695 0.05526394787297804 0.08092399810013902 0.057301244911617345
28 0.5054246499793408 0.5609916474434368 0.09400587955902787 0.08295634215265543
28 0.5397184230620139 0.12348168136463464 0.08154224715020852 0.08386374491161734
28 0.4969776767648269 0.6338968809350933 0.09560474715020835 0.0846007293077852
28 0.5156321853142016 0.39610363183960445 0.08208645459715277 0.040195632066747145
28 0.5125442061157642 0.43105516395178006 0.08535692496187508 0.04660940637700648
28 0.5072040491056601 0.5033429217536962 0.08372168977951393 0.0434025192218769
28 0.508693160712917 0.4667470024863908 0.08383079255305574 0.048090019221876903
28 0.48858525493708393 0.7091458644267499 0.08931837955902786 0.08271068068726599
28 0.5129234529816322 0.3132501882620396 0.058830792553055566 0.0467798247398008
28 0.5166108442241668 0.27052709972742883 0.06039329255305557 0.04686171189493056
28 0.5092178779435071 0.3551920267966503 0.05566942496187508 0.04505355042954129
28 0.46642062062840334 0.7626050570998036 0.058867160144236055 0.0483423247398008
28 0.4576833598948271 0.8565630970138954 0.062028527735416714 0.050068599050060315
28 0.46046221456822983 0.8083303149017198 0.0589398953265972 0.0514673247398008
28 0.4525607552214243 0.9046730483933765 0.05893989532659738 0.0514673247398008
28 0.44896428295684104 0.9513023869279872 0.058867160144236055 0.0483423247398008
28 0.3445482334699313 0.8904290846894234 0.03201371941479172 0.034450243102595125
28 0.34534701405513957 0.8576984718445534 0.028779616641249995 0.029598968792335256
28 0.33922560704503546 0.9299452860689044 0.0320500870059723 0.03601274310259513
28 0.401891114741389 0.10221311171321648 0.09404224715020848 0.08451884215265534
28 0.3934259577312849 0.17433709520487312 0.08768314437666672 0.07950379353213632
28 0.38648693313000015 0.24498046585165945 0.08928201196784728 0.08114818068726617
28 0.3811104085287155 0.3157057236535756 0.09244337955902786 0.08287445499752559
28 0.3590925510055212 0.44252052917149953 0.07340243882958344 0.06939180913596861
28 0.36312478115388924 0.3810883842144537 0.07343880642076392 0.0709543091359686
28 0.3510995194703823 0.501404206240721 0.06871493882958343 0.06914614767057933
28 0.34545023793524354 0.5604107140426372 0.07027743882958344 0.06922803482570909
28 0.334297145229688 0.6846737296464693 0.07020470364722228 0.06610303482570909
28 0.3382930077868755 0.6216790846894236 0.0703501740119445 0.0723530348257091
28 0.32706717989895895 0.7428171002932558 0.07652743882958343 0.06955558344622811
28 0.3199281335461812 0.8048667209400421 0.07343880642076392 0.07095430913596852
28 0.2976732334699313 0.8879724700355309 0.031977351823611146 0.032887743102595124
28 0.2931318570450355 0.9275296149925769 0.03215918977951393 0.040700243102595124
28 0.29912597748600767 0.8498140507682255 0.02888871941479172 0.03428646879233525