28 0.5250071495837754 0.6574939704413358 0.11302724082661779 0.09389841567683313
28 0.4953474415418614 0.7974430205204781 0.11457156010845856 0.09081887978345585
28 0.5113582609218981 0.72899689740094 0.11616133118569749 0.09555184389007856
28 0.55669296593875 0.5971869562555708 0.0675420240041051 0.06289245658477541
28 0.5772322040348933 0.5012606908161648 0.06910452400410509 0.06293792069139795
28 0.6915361194313503 0.6737457930860203 0.11150110226293641 0.1001029515702104
28 0.7074560352205908 0.5896746699664821 0.11617951190385671 0.09867684389007839
28 0.6771423422057914 0.7515214520989357 0.11776928298109546 0.1034098079967011
28 0.7257378817279904 0.50866035068701 0.11618860226293641 0.10023934389007838
28 0.7487117734149299 0.42829088908766977 0.11149201190385653 0.09854045157021041
28 0.7795254361791082 0.35238160695521614 0.08645565046753809 0.09156302586424747
28 0.7947231893023663 0.2784894658889893 0.07858860831306061 0.08196070533113406
28 0.8137817406302261 0.1966711645562058 0.07707156010845857 0.08972774122451135