28 0.11328125 0.6546875 0.0828125 0.04921875
28 0.534375 0.72109375 0.06640625 0.0421875
28 0.46484375 0.721875 0.0609375 0.04296875
28 0.3953125 0.725 0.05390625 0.040625
28 0.3359375 0.7265625 0.05546875 0.040625
28 0.26875 0.7265625 0.06015625 0.040625
28 0.209375 0.7296875 0.05390625 0.040625
28 0.15 0.73046875 0.05859375 0.0421875
28 0.0796875 0.73125 0.0625 0.04296875
28 0.6015625 0.2578125 0.0625 0.07578125
28 0.53046875 0.25625 0.0640625 0.07578125
28 0.6734375 0.26015625 0.05625 0.0765625
28 0.45625 0.25859375 0.07109375 0.0796875
28 0.74375 0.259375 0.06640625 0.07578125
28 0.8046875 0.26875 0.05078125 0.06484375
28 0.9734375 0.26796875 0.04921875 0.0640625
28 0.859375 0.26640625 0.05078125 0.0640625
28 0.91875 0.2671875 0.05546875 0.06484375
28 0.6859375 0.3578125 0.04296875 0.05859375
28 0.7375 0.35703125 0.04453125 0.0609375
28 0.634375 0.3671875 0.03984375 0.04296875
28 0.5875 0.36640625 0.04453125 0.0421875
28 0.3234375 0.4640625 0.04453125 0.02265625
28 0.378125 0.475 0.06015625 0.05546875
28 0.2140625 0.4765625 0.06015625 0.05546875
28 0.43984375 0.4796875 0.0453125 0.03828125
28 0.54453125 0.48125 0.0453125 0.03984375
28 0.275 0.48046875 0.04296875 0.0421875
28 0.596875 0.48125 0.04921875 0.040625
28 0.490625 0.48125 0.04453125 0.03984375
28 0.325 0.490625 0.04296875 0.02265625
28 0.18203125 0.56875 0.0828125 0.053125
28 0.09140625 0.5703125 0.0796875 0.05546875