28 0.0826668287839034 0.17398908095795468 0.0986488735787013 0.11361988229073816
28 0.03275012876978596 0.18735524749271754 0.05002936305535758 0.10908549498543504
28 0.14255776827467712 0.15779343111623925 0.07715330517696728 0.09271634890464334
28 0.19743498407381013 0.14925115690134444 0.08138577886860801 0.08504024122451134
28 0.5335097209902177 0.0810373321450889 0.04924113680346807 0.04198892319868044
28 0.5660037025743663 0.0765233283841652 0.0462071420651398 0.04346049498543507
28 0.4902147472985769 0.08757683715965384 0.05254814732681172 0.04520485141192578
28 0.9940509207925736 0.6222105307457984 0.011898158414852844 0.09502299498543501
28 0.9541055441595134 0.6337641446941366 0.09019933674699843 0.10245506175762494
28 0.8752462548381488 0.47158474194942723 0.09314232622365495 0.09942098997087001
28 0.9444211890672507 0.4540993767474479 0.09314232622365459 0.09942098997087001
28 0.07335753114650809 0.4560514231986804 0.09241428413027986 0.0869209899708702
28 0.14248696274477407 0.4377848079967011 0.07973227360693613 0.08343227711788863
28 0.8971759207925736 0.29907925613519215 0.07927724729857673 0.07561977711788863
28 0.20811966802056334 0.42643578252816505 0.08754477360693613 0.08365959765100203
28 0.7783195049793232 0.32057851992524566 0.07440773677523324 0.07235838479802066
28 0.8368299549934406 0.3074624059769076 0.07137374203690498 0.07382995658477531