28 0.48359375 0.8484375 0.0328125 0.021875
28 0.68359375 0.8796875 0.0671875 0.05546875
28 0.621875 0.87890625 0.05625 0.0484375
28 0.75625 0.88046875 0.06640625 0.0578125
28 0.5578125 0.8796875 0.06953125 0.053125
28 0.4796875 0.89375 0.03359375 0.02734375
28 0.6375 0.2234375 0.08515625 0.10078125
28 0.54921875 0.22578125 0.0828125 0.0984375
28 0.4546875 0.22578125 0.08203125 0.0984375
28 0.2859375 0.234375 0.06015625 0.08671875
28 0.22265625 0.2359375 0.0640625 0.08671875
28 0.15 0.234375 0.06484375 0.084375
28 0.0828125 0.2359375 0.0625 0.0875
28 0.02421875 0.23671875 0.0484375 0.0828125
28 0.3875 0.24375 0.040625 0.06484375
28 0.340625 0.24375 0.03828125 0.06640625
28 0.4140625 0.5140625 0.03359375 0.0375
28 0.3296875 0.515625 0.03828125 0.03515625
28 0.3703125 0.515625 0.03515625 0.03359375
28 0.37109375 0.559375 0.0359375 0.03515625
28 0.32890625 0.56015625 0.0359375 0.0328125
28 0.41015625 0.5625 0.0359375 0.03125
28 0.4015625 0.6765625 0.05390625 0.06875
28 0.45859375 0.67890625 0.0515625 0.0671875
28 0.34453125 0.67890625 0.0515625 0.0671875
28 0.2890625 0.678125 0.053125 0.06640625
28 0.2296875 0.6796875 0.05390625 0.06875
28 0.17421875 0.6796875 0.0515625 0.06875
28 0.51953125 0.6796875 0.0515625 0.0625