28 0.4890625 0.2203125 0.04453125 0.0875
28 0.7421875 0.2203125 0.040625 0.0875
28 0.63984375 0.2203125 0.0421875 0.09140625
28 0.68984375 0.2203125 0.0453125 0.08671875
28 0.540625 0.2203125 0.040625 0.08984375
28 0.5890625 0.2234375 0.03828125 0.0875
28 0.9828125 0.234375 0.03359375 0.0625
28 0.8890625 0.2359375 0.0375 0.0625
28 0.9390625 0.2359375 0.0375 0.0625
28 0.7359375 0.3546875 0.03828125 0.03125
28 0.69296875 0.3546875 0.0296875 0.02734375
28 0.784375 0.35546875 0.040625 0.0296875
28 0.13203125 0.35625 0.0640625 0.103125
28 0.2 0.3578125 0.05625 0.10234375
28 0.0578125 0.3578125 0.05546875 0.10234375
28 0.26796875 0.36953125 0.0515625 0.0796875
28 0.33046875 0.3703125 0.0515625 0.078125
28 0.4453125 0.3703125 0.05078125 0.08046875
28 0.38828125 0.37109375 0.0515625 0.0796875
28 0.659375 0.3828125 0.040625 0.05625
28 0.56171875 0.384375 0.0421875 0.05859375
28 0.609375 0.384375 0.03984375 0.05859375
28 0.74609375 0.39296875 0.0359375 0.0328125
28 0.790625 0.39296875 0.040625 0.0328125
28 0.703125 0.39453125 0.03828125 0.0359375
28 0.1546875 0.47890625 0.06875 0.0765625
28 0.2375 0.478125 0.06640625 0.07578125
28 0.3140625 0.48046875 0.07109375 0.0765625
28 0.0734375 0.4828125 0.071875 0.06875
28 0.3859375 0.48515625 0.05390625 0.0640625
28 0.44609375 0.4875 0.0515625 0.0625
28 0.50546875 0.4921875 0.0515625 0.05546875