28 0.2477578435697617 0.6985357545523465 0.1300000132468439 0.10212009263643722
28 0.40231397894860776 0.07974395361527441 0.04538691106992569 0.04814799498543507
28 0.26686499683513903 0.6216693776718847 0.13005457694917483 0.10368259263643723
28 0.41232638520921006 0.039369006201699155 0.04549603847458741 0.05127299498543507
28 0.39394591824150177 0.11782061513547235 0.045277783665263985 0.04502299498543505
28 0.2867534001005165 0.5448257328447342 0.1283829495445131 0.1005121285298145
28 0.42171130889300745 0.016962808788123902 0.04407738221398514 0.010647994985435071
28 0.3163342618960815 0.48155885471063103 0.10127481252120454 0.08411423871722903
28 0.33333327813815034 0.4202720137235466 0.10429068511654283 0.08108016693047429
28 0.35038685808255 0.357422672736462 0.10607143992586616 0.08737563103709692
28 0.36674103358044596 0.29220684969606614 0.10434524881887368 0.08264266693047428
28 0.399985097915749 0.16882918566858574 0.10116568511654282 0.08098923871722893
28 0.38608379982251473 0.23098820486891564 0.10116568511654274 0.08098923871722893
28 0.436860104539171 0.12063337806759607 0.04705853847458741 0.05131845909205773
28 0.44854413820443495 0.0771788947606435 0.04700397477225664 0.04975595909205777
28 0.460173608167368 0.03528691145369093 0.045277783665263985 0.04502299498543507
28 0.4303347637101801 0.4418635203874642 0.05001984736759475 0.046721887305303154
28 0.4564012451058586 0.344866499933493 0.04845734736759475 0.04667642319868044
28 0.42010410264025444 0.4884884678010394 0.050238102176918174 0.05297188730530315
28 0.4436904247801058 0.39532950118713417 0.05012897477225664 0.04984688730530316
28 0.4808779446503716 0.24860526537289918 0.05018353847458741 0.05140938730530316
28 0.5181473100741337 0.09953727955866415 0.05325397477225664 0.04993781551854848
28 0.469866033580446 0.29520748073316316 0.05012897477225664 0.04984688730530316
28 0.4936978923807862 0.19501726411925796 0.051800602176918176 0.05301735141192578
28 0.5062723034507118 0.14846051286561673 0.05330853847458741 0.0515003155185485
28 0.5323115029952248 0.0522447424116456 0.05336310217691818 0.05306281551854848
28 0.33017844085253856 0.9796487049021693 0.09048115626060227 0.04070259019566151
28 0.35469978041558503 0.9057608843358022 0.09253472958157989 0.05732441818411545
28 0.3454686241549828 0.9461585638026888 0.09409722958157998 0.05736988229073816
28 0.36543887297385647 0.8669711689755383 0.0926438569862416 0.06044941818411544
28 0.375533124787955 0.824252471561963 0.09231647477225646 0.05107441818411544
28 0.3887250947508881 0.7824059523616331 0.0956597295815799 0.05741534639736088
28 0.3979289691603249 0.7427895228947465 0.09560516587924912 0.05585284639736088
28 0.40864077986743086 0.7047810575344827 0.09420635698624165 0.06049488229073816
28 0.43022809238863535 0.6240766268139548 0.09420635698624161 0.06049488229073816
28 0.4401859349469068 0.5852641794003797 0.09220734736759476 0.047949418184115446
28 0.4194071542768677 0.6652100921742188 0.09560516587924912 0.05585284639736088
28 0.4493352456540127 0.547210249933493 0.09242560217691817 0.054199418184115444
28 0.4727380293192766 0.5040967474262106 0.06586310217691818 0.05342652837152997
28 0.48771075409153325 0.45604569233250325 0.0660813569862416 0.059676528371529966
28 0.5002578833102935 0.4102701910788621 0.0660813569862416 0.059676528371529966
28 0.5130232673383771 0.35824468982522084 0.06775298439090349 0.06284699247815259
28 0.5264880558129645 0.30858567062489095 0.06290179328391084 0.05802310015828453
28 0.5408159398410483 0.25660563347787246 0.0692063569862416 0.059767456584775225
28 0.5536086057202974 0.2037988822242312 0.06279266587924912 0.05489810015828454
28 0.5662102986413885 0.15646088097058994 0.06909722958158007 0.05664245658477531
28 0.5924131892928941 0.055557610516618824 0.06591766587924912 0.05498902837152993
28 0.5789484008183067 0.10521662971694871 0.06904266587924912 0.05507995658477527
28 0.5138019619039308 0.9182107232113157 0.09222719473518967 0.09321645407749272
28 0.5359795514669773 0.8429977745440992 0.09680556733052796 0.09022784639736088
28 0.6370758370311578 0.433802282461658 0.09179068511654265 0.08071645407749277
28 0.6205034067239384 0.5052681055020539 0.09362600362819702 0.08857441818411545
28 0.5558406728811892 0.7669353797169487 0.08732143992586608 0.08683006175762494
28 0.49828360010836564 0.973475918579827 0.09453373920022692 0.05304816284034608
28 0.5776908802302506 0.7010974310497323 0.08392362141421188 0.0789266335443795
28 0.6611879488267229 0.3703762799543756 0.08548612141421189 0.07897209765100204
28 0.596361523876981 0.6367310541692703 0.07918155771188111 0.07722774122451134
28 0.6110167901190499 0.5753760170222518 0.07589286660488845 0.07244931301126592
28 0.6968576087155223 0.24472306208682917 0.08392362141421188 0.07892663354437941
28 0.6805034332176263 0.309938885127225 0.08225199400955016 0.07575616943775679
28 0.7124305342134182 0.17948450699312196 0.08548612141421189 0.07897209765100208
28 0.7287301460089832 0.11583118395272611 0.08392362141421188 0.07892663354437941