28 0.740625 0.171875 0.03359375 0.03515625
28 0.1546875 0.18125 0.06875 0.08203125
28 0.22421875 0.18359375 0.0671875 0.0765625
28 0.3609375 0.1828125 0.06640625 0.07578125
28 0.2921875 0.184375 0.06640625 0.07421875
28 0.43125 0.1859375 0.06875 0.07421875
28 0.49609375 0.1890625 0.0484375 0.06875
28 0.546875 0.1890625 0.046875 0.06875
28 0.6859375 0.19296875 0.053125 0.0640625
28 0.59453125 0.19609375 0.0328125 0.0515625
28 0.6359375 0.19609375 0.03515625 0.0515625
28 0.7390625 0.20703125 0.03359375 0.0296875
28 0.7703125 0.2859375 0.053125 0.053125
28 0.15703125 0.3171875 0.0328125 0.05546875
28 0.19453125 0.3171875 0.0328125 0.05546875
28 0.23515625 0.3171875 0.0328125 0.05546875
28 0.26953125 0.3171875 0.0296875 0.05546875
28 0.775 0.340625 0.05859375 0.040625
28 0.7734375 0.40234375 0.05546875 0.0484375
28 0.31875 0.42421875 0.06640625 0.0796875
28 0.2515625 0.425 0.06640625 0.07578125
28 0.1765625 0.42578125 0.06640625 0.0765625
28 0.38671875 0.4265625 0.0640625 0.06953125
28 0.45 0.43046875 0.05859375 0.0609375
28 0.5453125 0.43984375 0.03515625 0.0484375
28 0.5046875 0.4390625 0.03515625 0.04921875
28 0.7734375 0.45859375 0.053125 0.0484375
28 0.77421875 0.5171875 0.0484375 0.05390625
28 0.771875 0.603125 0.05078125 0.053125