28 0.9563033881321225 0.3064263629884426 0.0561815334984459 0.06593407220870695
28 0.9120996238640988 0.2991360377546735 0.056254308105551945 0.06749657220870704
28 0.40032521588238146 0.3141322403356385 0.07838617328319834 0.10667724687674199
28 0.3454022754356754 0.30209078258831207 0.07206339867609249 0.10507838544042354
28 0.2865538143108049 0.3072186441228264 0.07514985731976358 0.07073065651766246
28 0.22314628577475762 0.29278343940056206 0.07820208271265772 0.06918633723582168
28 0.15572334532805152 0.2806692587805987 0.0799829065339753 0.0738829275949012
28 0.7644839534763846 0.5155235861556672 0.0952825748547749 0.10052724082661779
28 0.6879043368509962 0.4986673633812261 0.09201202564056317 0.09738406010845857
28 0.8401003835840084 0.5362815137505684 0.0899401033908223 0.08643746974937905
28 0.61188764640429 0.4865031857863248 0.0919392510334573 0.09582156010845858
28 0.3513889480997011 0.442007255460949 0.0692637303552929 0.07850679508134402
28 0.2979921203494421 0.4307561380727022 0.06450345574818703 0.07691702400410509
28 0.24928279259918312 0.41953229176169426 0.06294095574818703 0.07690793364502557
28 0.19890180293826537 0.4106431050916067 0.06613873035529286 0.0784886143631848
28 0.14784872518800637 0.3994056232419793 0.06450345574818703 0.07691702400410509
28 0.53376264640429 0.4860486678323439 0.05908820967712849 0.06126475292686617
28 0.49197540674337226 0.4772094781371942 0.055817660462916766 0.05812157220870695
28 0.4029321774215367 0.4594992824901162 0.05908820967712849 0.06126475292686617
28 0.4494069170824545 0.4683657432625047 0.05596320967712849 0.061246572208706954
28 0.12990128412212776 0.633739716626121 0.040809090570540586 0.037727258976990544
28 0.09894238255055118 0.6273079094445286 0.03910104135632886 0.03459316861791084
28 0.09294493962264576 0.6554056383672898 0.03910104135632886 0.03459316861791084
28 0.1276645419800106 0.6649851714465812 0.03910104135632886 0.03459316861791084
28 0.06804548532220081 0.7873278040583344 0.07373290653397531 0.07384656615858276
28 0.1245673130724598 0.7985971021647404 0.06413958271265771 0.06910452400410509