28 0.25306609334172714 0.3475041711536164 0.050183006492821744 0.10140938730530316
28 0.20690415949435134 0.3449391122989855 0.04549550649282175 0.101272994985435
28 0.2985013242670037 0.3532169620615586 0.05473413879807012 0.09373327962517113
28 0.8402990864418683 0.40467388117011094 0.04802048863591431 0.06698892319868044
28 0.8942871570587194 0.40779286949162846 0.044895488635914305 0.066897994985435
28 0.7454286915547182 0.5223364057807173 0.09231595941492117 0.09951191818411545
28 0.8284730166357962 0.5332080581297151 0.07025004464226861 0.08793792069139812
28 0.265154810467286 0.5027001365138803 0.05580571509696393 0.06565374373179385
28 0.20882298985043496 0.4996493443522968 0.05580571509696393 0.06565374373179385
28 0.31915651785361215 0.5066003748353978 0.05424321509696402 0.06560827962517113
28 0.4779957297041652 0.5160482680131956 0.07469208279171564 0.07401181301126591
28 0.559463918015768 0.5261841344688163 0.08705571509696383 0.0665630258642473
28 0.6478951724799948 0.5322091624446348 0.0808329886359143 0.06794366943775679
28 0.3694019797041652 0.519208023423472 0.047584112012708776 0.04198892319868044
28 0.4155911870904914 0.5233355822781028 0.046021612012708914 0.041943459092057725