28 0.3214008563273707 0.5692060341176186 0.06191934740221221 0.05908820967712849
28 0.2626571018631438 0.5578832363511489 0.05723184740221221 0.0588698858558109
28 0.2078468709378673 0.548304875102444 0.05723184740221223 0.058869885855810725
28 0.5957462913925625 0.5445143649682495 0.039826159090609534 0.045569365177646405
28 0.5213639001588606 0.5316825711307211 0.03667388555165907 0.04386131596343468
28 0.5581781075451866 0.5388615243977088 0.035138659090609536 0.045351041356328815
28 0.9451423193957398 0.5709357396564085 0.05613299756436803 0.08535961124870503
28 0.9863950162320544 0.5801138405660314 0.027209967535891267 0.07042381596343468
28 0.6483940044609315 0.5196449516098486 0.0684966298696164 0.07812930810555194
28 0.7118116221556832 0.5304048231976358 0.0684966298696164 0.07812930810555194
28 0.4486843307598255 0.48224118920385173 0.04796594155801355 0.06468323821317572
28 0.40482523660402414 0.47395350020488775 0.04643071509696388 0.06617296360606986
28 0.4917349013766765 0.4889299908992629 0.04799321509696384 0.06624573821317573
28 0.31872409537032204 0.46057589681406563 0.04796594155801355 0.06468323821317572
28 0.3625286424482227 0.4657385858130296 0.051118215096964015 0.06639128742738745
28 0.8244616266199103 0.5442383449092576 0.05901253571381489 0.07144266046291677
28 0.7712002589251584 0.5339515082676585 0.06518071509696384 0.06704625889134022
28 0.565994561685102 0.49473053473679107 0.035138659090609536 0.04535104135632899
28 0.6011917219935276 0.49871171339667286 0.03519320616851011 0.04847604135632881
28 0.5315104675293006 0.4868794933804622 0.035138659090609536 0.045351041356328815