28 0.5537764566844452 0.7781940538034209 0.07085932028847228 0.09342634783255317
28 0.6135872145682298 0.7608991244499368 0.06762521751493064 0.0886115138401646
28 0.7365155682917021 0.73399443175058 0.08212412860909737 0.107934516805914
28 0.6703275238387854 0.7460752790888415 0.06762521751493064 0.08861151384016441
28 0.8087172234019452 0.7115026664275408 0.0820877610179167 0.10637201680591399
28 0.444002066391841 0.7990888270351255 0.05461607123840277 0.06622717787060939
28 0.495237258071216 0.7829253161607106 0.05614220364722229 0.06472834486680376
28 0.8762859298989589 0.6915456520930847 0.07892639342673605 0.10468218281352523
28 0.9430733863959727 0.6716204712567257 0.07576502583555537 0.10299234882113631
28 0.9848172899876044 0.6515825438804081 0.030365420024791236 0.10028384288963732
28 0.10397582522555622 0.7714983152093084 0.10087412860909728 0.1086985207602467
28 0.19727123033579924 0.748147045437645 0.10872299620027785 0.1105793557412186
28 0.2936189002636812 0.7215434416735926 0.10716049620027786 0.11051568874502422
28 0.3869143053739242 0.6981921719019292 0.10872299620027785 0.1105793557412186
28 0.4813539831855908 0.6568084851340713 0.09869337955902786 0.08207235376405234
28 0.8966140008530215 0.5569968971501689 0.08670252583555538 0.10343801779449713
28 0.9631591891139237 0.5375664648309353 0.07368162177215254 0.10350168479069151
28 0.5597692707046533 0.6324995518262545 0.06402743882958326 0.06817167984777565
28 0.7090419188810422 0.5951375201915929 0.10338087955902786 0.08226335475263546
28 0.6211788961796186 0.6167034554765761 0.06562630642076392 0.06979784684397003
28 0.7765197064001047 0.5712742558571369 0.052980836056041626 0.063038510874415
28 0.8293719494662504 0.5573908279865277 0.059230836056041715 0.06329317885919253