28 0.09861558888409087 0.613860518617361 0.1589034415580136 0.06617312670923621
28 0.09196221428948033 0.5476361065732638 0.15268071509696393 0.06759015634451408
28 0.07579747200011808 0.48944240007624995 0.11965002678536121 0.05432643692972228
28 0.07277761201600412 0.43875206905420133 0.11975912094116259 0.060576436929722276
28 0.06565622767886566 0.11329812737482634 0.1313124553577313 0.06090374525034732
28 0.07062082264874119 0.3833560542365625 0.12293866801906325 0.06377417211208343
28 0.06383067491892211 0.05397767876159717 0.12766134983784422 0.06079464247680566
28 0.05274357589515207 0.3337924653307291 0.08988070616851021 0.0489479526972918
28 0.05123166883313744 0.28619076671749993 0.09607615909060951 0.045968423062013916
28 0.049624304384796626 0.2440578181042708 0.09289661201270885 0.04277068787965286
28 0.03627091639750546 0.20376012642489577 0.05687729139585782 0.037246733282500076
28 0.030002235593021946 0.1633169643807986 0.06000447118604389 0.043605836056041715
28 0.5921724943212524 0.43447234498666615 0.16386367694751697 0.08190722948277798
28 0.5871203502448813 0.18703430053374953 0.16704322402541755 0.08510496466513903
28 0.5865321948077197 0.3549484991469787 0.16076595048646744 0.08339699430041678
28 0.584948149758414 0.26673998432933976 0.1545977711033185 0.08793902393569457
28 0.5591443912402927 0.9397235426499648 0.09289661201270896 0.04277068787965277
28 0.5559608900224766 0.8984082116279162 0.08497501785690745 0.03633884992375016
28 0.54837448661391 0.9751161819926384 0.07225682954530477 0.02354790919430556
28 0.40159986160896705 0.25695067629305524 0.08390344155801355 0.0644274823325695
28 0.2965485284135096 0.6381480845374303 0.09338753571381497 0.07089568787965277
28 0.29263041599376366 0.5046998049021525 0.09653980925276535 0.0725309230620141
28 0.29302015381889907 0.571850937310972 0.09020798863591431 0.0676979526972918
28 0.28478055438479666 0.238584495631597 0.10281708279171564 0.07423889342673622
28 0.2826976773545541 0.08947484840513865 0.12170345048646727 0.08248780452090287
28 0.2806209342544129 0.16371178220072893 0.10912162986961631 0.07750936379145842