28 0.3233000738318187 0.2832969303771178 0.06398359514371972 0.10610583605604171
28 0.3936580379384414 0.28322288877399276 0.05773359514371954 0.1059603656913195
28 0.15588525329870528 0.2793757626334374 0.04473348997087014 0.08848192496187508
28 0.20905571740532797 0.2797017645332985 0.044824418184115464 0.09160692496187509
28 0.10628005839241247 0.2672400917556249 0.040881064264907244 0.06340918977951393
28 0.05621186223247847 0.26606010467340274 0.04092652837152992 0.06497168977951392
28 0.7594732545523465 0.2543821886421521 0.05043792069139794 0.0698773953265972
28 0.8133340404457238 0.25156500674642296 0.05347199247815269 0.06682513050895836
28 0.8648965404457238 0.2503648762374645 0.05030152837152997 0.0651898953265972
28 0.9211692724990351 0.24983689295496453 0.05342652837152997 0.06526263050895835
28 0.9741697631299793 0.24780096105923527 0.05166047374004137 0.06526263050895835
28 0.7340152311288746 0.615374893239305 0.08640416442319179 0.12536498233256949
28 0.8153561593421198 0.616608778497916 0.08006323620994645 0.1220945119678472
28 0.9732432436985403 0.6111549462415964 0.053513512602919276 0.11410017401194458
28 0.9018248567556952 0.605996627187395 0.09206313103709718 0.10519795269729179
28 0.18112591184940233 0.6094808367216318 0.09335284639736088 0.09585932028847229
28 0.09123669774277966 0.6100094732145138 0.08866534639736086 0.09575021751493047
28 0.2597139131030436 0.5967067733670136 0.053699313011266 0.07463763050895836
28 0.31518266310304355 0.5954157238801039 0.05673338479802066 0.0715853656913195
28 0.3730633592629776 0.5964138730064233 0.053699313011266 0.07463763050895836
28 0.28976982297388887 0.44746918636104144 0.06113137978345566 0.11540810087368066
28 0.4992584832404455 0.4465021791428468 0.05947795157021041 0.11224673328250004
28 0.4319800550272002 0.4449409855636107 0.0641654515702104 0.11235583605604167
28 0.36316185886726615 0.4441974095755553 0.057960915676833036 0.1137728656913195
28 0.7918180562808415 0.4256207557964924 0.0665630258642473 0.08742857123840278
28 0.859051020387464 0.4256194493757285 0.0665630258642473 0.08742857123840278
28 0.925457270387464 0.42407382675055477 0.06651756175762458 0.08586607123840277
28 0.9808648697543259 0.4234003731033325 0.038270260491348296 0.08710126291777787
28 0.7605560329238765 0.3184628724377424 0.05021060015828453 0.06206489532659729
28 0.8159793188172537 0.31560932295083266 0.0563696719450391 0.0590853656913195
28 0.9245730688172538 0.31308177536378395 0.05646060015828454 0.062210365691319505
28 0.9770549023157443 0.3102464096724645 0.0458901953685114 0.06206489532659729