28 0.19453125 0.51875 0.0796875 0.0625
28 0.11015625 0.52109375 0.0734375 0.0640625
28 0.5484375 0.5203125 0.071875 0.06484375
28 0.63203125 0.5203125 0.0765625 0.06484375
28 0.4671875 0.5203125 0.07109375 0.06484375
28 0.26875 0.5265625 0.05546875 0.04921875
28 0.3296875 0.528125 0.05390625 0.04921875
28 0.3953125 0.52734375 0.05546875 0.0484375
28 0.70546875 0.53046875 0.0515625 0.0484375
28 0.765625 0.53125 0.05390625 0.05078125
28 0.82421875 0.54140625 0.0515625 0.0296875
28 0.88125 0.540625 0.05078125 0.02734375
28 0.93984375 0.540625 0.0484375 0.02734375
28 0.5578125 0.63125 0.09375 0.06953125
28 0.65859375 0.6328125 0.0890625 0.06953125
28 0.4578125 0.63671875 0.09609375 0.0578125
28 0.1546875 0.6359375 0.0875 0.05625
28 0.2578125 0.6390625 0.08515625 0.05390625
28 0.3578125 0.640625 0.08984375 0.053125