28 0.48046875 0.2546875 0.0796875 0.05546875
28 0.23828125 0.2640625 0.0765625 0.05546875
28 0.15546875 0.265625 0.0796875 0.05625
28 0.56015625 0.32109375 0.0765625 0.0953125
28 0.475 0.3234375 0.08203125 0.08203125
28 0.6234375 0.325 0.03359375 0.08984375
28 0.321875 0.325 0.06875 0.06953125
28 0.1421875 0.325 0.07578125 0.06640625
28 0.23125 0.325 0.07421875 0.06640625
28 0.6625 0.3265625 0.0375 0.0875
28 0.703125 0.3265625 0.03515625 0.08984375
28 0.390625 0.3265625 0.06484375 0.06875
28 0.74375 0.3265625 0.0375 0.08984375
28 0.784375 0.328125 0.03515625 0.08984375
28 0.82421875 0.33046875 0.0359375 0.0890625
28 0.865625 0.33046875 0.0375 0.0890625
28 0.90703125 0.33046875 0.0359375 0.0890625
28 0.4078125 0.43671875 0.03515625 0.0578125
28 0.3671875 0.44140625 0.03515625 0.0453125
28 0.5609375 0.48515625 0.053125 0.0984375
28 0.109375 0.48671875 0.05859375 0.0796875
28 0.621875 0.4859375 0.053125 0.09765625
28 0.175 0.4859375 0.05546875 0.08046875
28 0.2390625 0.48828125 0.05859375 0.0796875
28 0.68125 0.4875 0.05078125 0.09765625
28 0.3109375 0.4890625 0.05859375 0.078125
28 0.7453125 0.4890625 0.05546875 0.1
28 0.5015625 0.49140625 0.04296875 0.0828125
28 0.8109375 0.490625 0.053125 0.1
28 0.86875 0.49375 0.05078125 0.1
28 0.36484375 0.5 0.0359375 0.05859375
28 0.4046875 0.5015625 0.03515625 0.05859375