28 0.11175482007089499 0.31986357749732897 0.12954641066226813 0.16061509618646852
28 0.2118768405248661 0.29368796869698877 0.1310179824490228 0.1575446598887993
28 0.04207881756361252 0.3441939441022175 0.06833612602253203 0.14911211179556502
28 0.8041970696751836 0.14318441625776726 0.14319973370266403 0.14704366950744613
28 0.6730751018076372 0.17904504910472457 0.1571713054894186 0.1444097428284239
28 0.30234271615168673 0.2850545239617991 0.10488137978345576 0.11760914065150559
28 0.5716406339400908 0.2138689716073956 0.10318248746358769 0.11286707694917479
28 0.3908823789255259 0.2639756429289403 0.10488137978345566 0.11760914065150559
28 0.49410666732618563 0.23690965672393843 0.10171091567683313 0.1159375132468439
28 0.9028391581549856 0.14677815301092334 0.07865384890464319 0.07454862141421197
28 0.0866197424116456 0.531111101543946 0.1472340158351176 0.17840279691210786
28 0.3250995692129652 0.47586057323615966 0.12605769780928666 0.14800596878180663
28 0.20879861929210747 0.5104216009109739 0.15748955423577735 0.15534724282842394
28 0.43498303457322907 0.46263883222183433 0.13001777210332383 0.12316965988879928
28 0.5592328768139548 0.4324924860353659 0.1395291644231918 0.12818454210278443
28 0.6740622549480579 0.40111102206288257 0.13649509263643722 0.1312004146981227
28 0.7712183997752085 0.3805132906672041 0.0922449874635877 0.11248513103285873
28 0.8550932946023589 0.36037935074133787 0.09059155925034226 0.10930556733052796
28 0.9350619394295094 0.3403818200712988 0.10171091567683313 0.11593751324684387