28 0.5057296426241382 0.29845995124100594 0.04589430267345414 0.05131845909205772
28 0.28549895862509284 0.297839140274804 0.03170453333863606 0.03997178213245363
28 0.2487983899586383 0.297345046780437 0.0317590773392725 0.044659282132453626
28 0.17848588995863826 0.29939093157845764 0.02707157733927241 0.044522889812585655
28 0.5573285052912291 0.2938346357224575 0.04740225867281787 0.04667642319868044
28 0.2144233899586383 0.29834525712613597 0.03175907733927248 0.044659282132453626
28 0.6690108926241383 0.29370895209893577 0.048982940006363405 0.048284387305303156
28 0.46280634595800196 0.2958039641731297 0.03486589600572696 0.043187710345698974
28 0.3589455492918655 0.29492107726353795 0.03326703333863605 0.04001724623907634
28 0.39330236795832013 0.295483366917839 0.03174089600572705 0.043096782132453625
28 0.42690520862509285 0.2937246386254514 0.028634077339272323 0.044568353919208194
28 0.3198830492918655 0.296057679929105 0.03174089600572696 0.043096782132453625
28 0.6127790739576838 0.2937831599373523 0.053652258672817865 0.046858279625171126
28 0.7229444146244565 0.2897966904204533 0.0442590773392725 0.04502299498543509
28 0.7744978239576839 0.2890776249019048 0.047420440006363404 0.048238923198680436
28 0.683351919239368 0.6720696328194636 0.02549089600572696 0.042914925705962934
28 0.7099235099061406 0.670515493006878 0.027053396005727138 0.04296038981258547
28 0.46573770524350416 0.6479431256933277 0.04462270401018138 0.07627299498543501
28 0.5094877052435042 0.6466701307078926 0.03989884134309048 0.07301160266556703
28 0.5868950899109132 0.6389509074300699 0.033521572008272396 0.06189224623907634
28 0.6236047492441404 0.6386637509244368 0.033521572008272216 0.06189224623907634
28 0.6571803179105951 0.6392487726320492 0.03350339067472703 0.060329746239076346
28 0.6924638372454132 0.6272883302330389 0.0317590773392725 0.044659282132453626
28 0.7244950872454131 0.6263563160472738 0.028597714672181595 0.04144335391920819
28 0.7044007632479585 0.6081973494333688 0.0015988626670909057 0.0031704641066227167
28 0.1980694945894581 0.5627942020324287 0.044349984006999674 0.05283549498543501
28 0.4925643819223672 0.5573492179340533 0.055432934675363296 0.06565374373179385
28 0.24262801658977623 0.5591547249936824 0.04433180267345431 0.05127299498543501
28 0.3785382445894581 0.5575430977175092 0.058539753341817755 0.0641821719450391
28 0.43711381325591264 0.5574006937191586 0.05545111600890866 0.06721624373179384
28 0.330918357256549 0.5558047529695009 0.04124316534054504 0.05430706677218975
28 0.28953028859009444 0.5554470517950019 0.042769302673454225 0.05122753087881229
28 0.5480694945894581 0.5526102421489483 0.05537839067472685 0.060966243731793844
28 0.18660583060154845 0.4740954148854103 0.04596702800763599 0.057568459092057725
28 0.38190014926800303 0.4699749015575751 0.02569089067472685 0.06010242570596276
28 0.40844446793445754 0.47076451174498946 0.027271572008272394 0.061710389812585476
28 0.23115526193509392 0.4712371878466638 0.04596702800763595 0.057568459092057725
28 0.3522217399347757 0.470057469583406 0.030396572008272393 0.06180131802583091
28 0.2756865119350939 0.4699414608079174 0.044404528007635946 0.057522994985435005
28 0.3178740119350939 0.468713929929105 0.03968066534054513 0.05426160266556703
28 0.4514404899347757 0.4671704988128658 0.053761346674090583 0.05623327962517131
28 0.5084808306015485 0.4647298089211379 0.05212612133990877 0.04993781551854859
28 0.564712649268003 0.4646556010827214 0.053688621339908774 0.04998327962517113
28 0.623342761935094 0.4598256970843709 0.05530566534054522 0.054716243731793845
28 0.7350433306015485 0.4581375134608491 0.052162484006999674 0.05306281551854859
28 0.6764768526018666 0.45749866745919976 0.053688621339908774 0.04998327962517131
28 0.5912666059436844 0.39749919332344713 0.02518181333545435 0.016352425705962938
28 0.6522131966104571 0.3949448431651626 0.026780676002545432 0.019522889812585653
28 0.6193916059436845 0.3966808394042389 0.022093176002545435 0.0193864974927175
28 0.684244446610457 0.39401282897939766 0.028343176002545434 0.019568353919208283
28 0.7146950152769117 0.39468877890025533 0.026780676002545432 0.019522889812585653
28 0.7779853559436845 0.39206623258203677 0.028343176002545434 0.019568353919208283
28 0.18992228194622976 0.3904334687254762 0.04900112133990877 0.04984688730530316
28 0.2500785319462297 0.38868310062050304 0.053652258672817865 0.046858279625171126
28 0.3282308039465479 0.3840661452893689 0.03326703333863605 0.04001724623907625
28 0.3977438726130025 0.3836054925446596 0.028579533338636054 0.03988085391920828
28 0.3602438726130025 0.38469663110360397 0.028597714672181595 0.04144335391920819
28 0.4329001226130025 0.3825825501456493 0.027035214672181597 0.04139788981258556
28 0.4657126226130025 0.38162780390657297 0.028597714672181595 0.04144335391920819
28 0.2930927352800934 0.3835265876883792 0.02856135200509069 0.03831835391920828
28 0.5017410292807296 0.3727696294542513 0.022093176002545435 0.0193864974927175
28 0.529856938613957 0.372732525535043 0.025218176002545258 0.019477425705962937
28 0.5626876199475024 0.37021527929596676 0.03146817600254544 0.019659282132453625
28 0.5900404606142752 0.3686384074300698 0.02361931333545435 0.016306961599340218
28 0.6220626199475024 0.36848764324430483 0.028343176002545434 0.019568353919208192
28 0.6837904606142752 0.36591056103270897 0.03143181333545435 0.016534282132453625
28 0.7158126199475024 0.365759796846944 0.026780676002545432 0.019522889812585653
28 0.6517864826145934 0.36449882521847393 0.026780676002545432 0.019522889812585653
28 0.7767592106142751 0.36320544668865945 0.031413632001908984 0.014971782132453626
28 0.7439558012810478 0.36337894292773576 0.02361931333545435 0.016306961599340218