28 0.0671875 0.22421875 0.06484375 0.1296875
28 0.3078125 0.2296875 0.05078125 0.11171875
28 0.1890625 0.2296875 0.053125 0.10703125
28 0.8875 0.23046875 0.04453125 0.0765625
28 0.834375 0.23125 0.04296875 0.08046875
28 0.25 0.2328125 0.053125 0.109375
28 0.13125 0.23359375 0.05078125 0.1046875
28 0.7765625 0.23515625 0.04453125 0.0765625
28 0.4765625 0.428125 0.053125 0.071875
28 0.64296875 0.4234375 0.0515625 0.07109375
28 0.58828125 0.42421875 0.0515625 0.0734375
28 0.5328125 0.42578125 0.05390625 0.0734375
28 0.7921875 0.43125 0.04453125 0.04453125
28 0.69375 0.4328125 0.04296875 0.04453125
28 0.7453125 0.43125 0.04453125 0.040625
28 0.35234375 0.5640625 0.0765625 0.103125
28 0.2703125 0.56484375 0.08515625 0.1046875
28 0.4390625 0.565625 0.08046875 0.10078125
28 0.1859375 0.5703125 0.0875 0.09375
28 0.5140625 0.57578125 0.06015625 0.0796875
28 0.58046875 0.5765625 0.0609375 0.08046875
28 0.83828125 0.57734375 0.0609375 0.0765625
28 0.6953125 0.578125 0.06484375 0.07421875
28 0.76640625 0.5796875 0.0640625 0.07109375
28 0.634375 0.584375 0.046875 0.05859375