28 0.7234375 0.2921875 0.08203125 0.09140625
28 0.2015625 0.29296875 0.05859375 0.0796875
28 0.2640625 0.2921875 0.05625 0.08203125
28 0.64140625 0.30234375 0.0765625 0.0765625
28 0.80625 0.303125 0.06953125 0.08046875
28 0.8859375 0.30390625 0.07421875 0.0765625
28 0.32265625 0.30625 0.0484375 0.05625
28 0.3703125 0.30625 0.04453125 0.05625
28 0.4671875 0.3078125 0.04453125 0.05859375
28 0.571875 0.3078125 0.05078125 0.06015625
28 0.51875 0.3078125 0.05078125 0.06015625
28 0.41875 0.31796875 0.03984375 0.0328125