28 0.10616233604391723 0.8022704773233642 0.06715300790866538 0.038263616008908576
28 0.11146925996019383 0.8366000239895005 0.06571784190105419 0.0413704346753633
28 0.10091907912383502 0.7695034306572277 0.07027800790866542 0.03829997867599957
28 0.8951253824701453 0.61800708788196 0.03590300790866543 0.03789998933799978
28 0.92720966509339 0.7723945958784602 0.03896434091247088 0.03637385200509069
28 0.8830127016337865 0.5509286758832326 0.03896434091247088 0.03637385200509069
28 0.9061557243711995 0.6585229998806873 0.039219008897248386 0.04262385200509069
28 0.8914127920519659 0.5844406098822781 0.03902800790866543 0.03793635200509069
28 0.9139973992760593 0.6975127745465055 0.03928267589344294 0.04418635200509069
28 0.9232742401885303 0.7333593678787783 0.039091674904859985 0.03949885200509069
28 0.9537310613293378 0.675165059874324 0.04384284190105418 0.04111589600572696
28 0.9460167204168668 0.6393002852085058 0.04371550790866543 0.03799089600572714
28 0.9262533656642316 0.5379195985439601 0.04052684091247087 0.036392033338636054
28 0.9606323187437116 0.710257675206915 0.04709517589344294 0.044277258672817864
28 0.9399922134967845 0.6065423292091421 0.04377917490485998 0.03955339600572714
28 0.974371166576265 0.7788804058720968 0.04684050790866543 0.038027258672817865
28 0.9361841225843136 0.5706321012094603 0.04234400889724839 0.0426602146721816
28 0.9705630756637937 0.7429701778724149 0.04377917490485998 0.03955339600572696
28 0.9792191981737455 0.5333951832034151 0.04084517589344294 0.044204533338636054
28 0.9850089765583305 0.5747105265356879 0.029982046883338852 0.036355670671545326
28 0.9884914387636148 0.614481551201506 0.023017122472770525 0.04262385200509069
28 0.9975686556646689 0.6932423505331424 0.004862688670662152 0.037881808004454245
28 0.9936796517103362 0.6565781445337789 0.012640696579327582 0.03948067067154533
28 0.11294430486636617 0.2589653726527733 0.06083934091247101 0.036628390674726855
28 0.16380380931499045 0.2794773199793191 0.08478617688202617 0.049401110677908554
28 0.17333531821223905 0.3215739133115919 0.08159750988583174 0.04780224801081765
28 0.18352074311709882 0.36053641597709196 0.0847225098858317 0.04783861067790855
28 0.16699513490442225 0.24270402597868285 0.0625291749048598 0.039771572008272395
28 0.3286143617098987 0.5261148679583201 0.09368101581733076 0.07605451734563573
28 0.34128545805957716 0.5877154392902747 0.09199118182494201 0.07291133601209036
28 0.36407831231792104 0.6867160132877294 0.0834146778706093 0.054070429344363194
28 0.3181278478697343 0.46058077462604735 0.08255251482874755 0.07123974801081764
28 0.3827420820895845 0.7802932906190476 0.08504084486680367 0.05565111067790855
28 0.3729877387056556 0.7327279472867748 0.08504084486680377 0.05565111067790855
28 0.4014376853593452 0.874651817950366 0.08360567885919253 0.05875792934436319
28 0.3559183024320893 0.6399137386219111 0.08504084486680377 0.05565111067790855
28 0.39402709197541624 0.8270592026177749 0.08341467787060938 0.054070429344363194
28 0.45383453760334175 0.56842854260823 0.07646434091247087 0.03681020401018138
28 0.46210729402913236 0.5988154766072755 0.07490184091247087 0.03679202267663584
28 0.45109419817374546 0.5395404739417754 0.07333934091247088 0.036773841343090474
28 0.41756016209045954 0.368755806612048 0.07623884783255316 0.06960452267663583
28 0.4721017179454089 0.6330904792727756 0.078663510874415 0.05245338534372692
28 0.4416117688202614 0.47946603994272985 0.07184050790866543 0.03831816000954511
28 0.40651523273697554 0.3086995539465479 0.07467634783255331 0.06958634134309047
28 0.43176192494204085 0.4295569466104571 0.07298651384016441 0.06644316000954494
28 0.4827009783255322 0.6822092319382755 0.07735567885919252 0.05868520401018138
28 0.44835385874414924 0.5106524052753209 0.06865184091247087 0.03671929734245403
28 0.4940178217094612 0.7297563939370029 0.0787271778706092 0.05401588534372674
28 0.5932538177551285 0.7098427885900944 0.07279551285158128 0.06175566000954511
28 0.6087952461200293 0.7651569972549581 0.06842634783255334 0.06951361600890867
28 0.5883143083635883 0.6653479012571853 0.05647017589344294 0.0443863466740904
28 0.5813812174511173 0.6294740359245944 0.05640650889724856 0.04282384667409058
28 0.558796610227024 0.516401871260367 0.05002917490485963 0.03962612133990877
28 0.5735713760443547 0.5912655112587761 0.056533842889637496 0.045948846674090583
28 0.6239055929639994 0.8290740465865947 0.07155134783255335 0.06954997867599957
28 0.5680416176413978 0.5514672145926398 0.05315417490485981 0.039662484006999676
28 0.6826280410633828 0.5821803179105951 0.05796900889724856 0.042842028007635945
28 0.6771619496566201 0.5439445212444586 0.058032675893442943 0.044404528007635946
28 0.6912509659682426 0.6211610019096405 0.05640650889724856 0.04282384667409041
28 0.7083376482874761 0.6952161199077315 0.059531508897248564 0.04286020934118149
28 0.7005914738769079 0.6585700952419133 0.05965884288963732 0.045985209341181485
28 0.7183957391999471 0.7310536225732316 0.05647017589344294 0.04438634667409058
28 0.7263010811010013 0.7716058972390498 0.05647017589344294 0.04438634667409058
28 0.734110922507764 0.8098144219048681 0.056279174904859806 0.03969884667409067
28 0.7769762658545118 0.4614945532304593 0.07104201186299797 0.05704997867599957
28 0.7893926942194127 0.5168451245624139 0.06791701186299796 0.05701361600890866
28 0.8428664985914874 0.7741576378899142 0.07429434585538672 0.060211341343090294
28 0.8330803217094612 0.7258110445576413 0.0709146778706092 0.05392497867599957
28 0.8016499550938277 0.5682894458943685 0.07116934585538681 0.060174978675999566
28 0.8246338103407547 0.6719775198918232 0.06791701186299796 0.05701361600890866
28 0.8138753824701453 0.618952517226323 0.06472834486680376 0.05541475334181776
28 0.09192873969423876 0.740688087324955 0.06396434091247101 0.036664753341817756
28 0.11746193338217888 0.8685767299888643 0.06402800790866539 0.03822725334181776
28 0.1294472802261489 0.9325301419875915 0.06415534190105418 0.04135225334181776
28 0.1242040233060667 0.899763095321455 0.06402800790866539 0.03822725334181811