28 0.4328125 0.2859375 0.03515625 0.05078125
28 0.75 0.47109375 0.0375 0.0265625
28 0.4109375 0.4890625 0.06484375 0.04921875
28 0.4796875 0.490625 0.071875 0.04296875
28 0.75 0.5 0.040625 0.02421875
28 0.559375 0.56015625 0.07578125 0.0609375
28 0.728125 0.5609375 0.04921875 0.053125
28 0.6203125 0.56328125 0.04453125 0.0578125
28 0.6734375 0.5625 0.04921875 0.05625
28 0.30625 0.56484375 0.046875 0.0578125
28 0.2359375 0.56640625 0.07578125 0.0609375
28 0.3546875 0.56953125 0.0375 0.0421875
28 0.4921875 0.56953125 0.03828125 0.0421875
28 0.4046875 0.5703125 0.040625 0.04296875
28 0.4515625 0.56953125 0.0375 0.0421875
28 0.1296875 0.571875 0.040625 0.04296875
28 0.175 0.57265625 0.040625 0.0453125
28 0.753125 0.646875 0.046875 0.06875