28 0.9889083534569899 0.6944876268842137 0.02218329308602023 0.09546900889724856
28 0.9881354636444042 0.6312063768842138 0.023729072711191533 0.07515650889724856
28 0.9818256276718846 0.5759604613708941 0.036348744656230635 0.08028967787060921
28 0.9166408968722145 0.23954014171296137 0.04355142319868044 0.04859400889724856
28 0.9071151326864495 0.2078590601920305 0.04350595909205808 0.04703150889724857
28 0.931149677751027 0.281186472245309 0.04681281551854859 0.05340884288963732
28 0.23299200791755878 0.07732786806132726 0.09772209765100212 0.08669618676785787
28 0.25789873119538154 0.15374844661650858 0.10406302586424747 0.09007585475263546
28 0.43189016066226815 0.13883707654083394 0.10263691818411544 0.09469968775644104
28 0.41495506175762475 0.06756691300468065 0.1026369181841155 0.09469968775644104
28 0.7967355061351922 0.8498303373780679 0.08852895407749273 0.09256418479069169
28 0.7821441572305489 0.7784646733476229 0.08508570533113406 0.08149935079830258
28 0.5702503155185485 0.03409848564695345 0.07722774122451134 0.0681969712939069
28 0.7630471647523962 0.7135400103057613 0.08683006175762475 0.08781301779449713
28 0.6041970696751836 0.14667745695945086 0.07396634890464338 0.07480368182494201
28 0.5899467015702105 0.087030542929006 0.07543792069139812 0.07174234882113639