28 0.18984375 0.15078125 0.0203125 0.0484375
28 0.1671875 0.153125 0.01796875 0.046875
28 0.2421875 0.15234375 0.01796875 0.0453125
28 0.215625 0.15390625 0.01796875 0.0453125
28 0.2671875 0.15546875 0.01953125 0.0453125
28 0.73515625 0.19453125 0.0328125 0.0484375
28 0.546875 0.2 0.03359375 0.05390625
28 0.5875 0.2015625 0.03359375 0.05625
28 0.66953125 0.2015625 0.0328125 0.05390625
28 0.70390625 0.2015625 0.0296875 0.053125
28 0.62734375 0.2015625 0.0328125 0.05390625
28 0.1609375 0.203125 0.01796875 0.03984375
28 0.23125 0.203125 0.01796875 0.03984375
28 0.184375 0.2046875 0.01796875 0.040625
28 0.2078125 0.2046875 0.01796875 0.040625
28 0.26171875 0.2046875 0.0203125 0.03984375
28 0.4125 0.30078125 0.02265625 0.0515625
28 0.5265625 0.3 0.02734375 0.05546875
28 0.4421875 0.3015625 0.025 0.04921875
28 0.55625 0.30078125 0.025 0.0578125
28 0.58359375 0.30234375 0.0265625 0.0578125
28 0.61171875 0.3015625 0.0265625 0.05859375
28 0.4984375 0.3015625 0.02421875 0.053125
28 0.4703125 0.30234375 0.02265625 0.0515625
28 0.3421875 0.31015625 0.03125 0.0453125
28 0.3109375 0.31171875 0.03125 0.0484375
28 0.3796875 0.3140625 0.03359375 0.040625
28 0.4109375 0.36484375 0.02734375 0.0671875
28 0.440625 0.3640625 0.025 0.06484375
28 0.30625 0.365625 0.03125 0.05859375
28 0.33984375 0.36484375 0.0328125 0.0578125
28 0.525 0.36640625 0.025 0.0671875
28 0.4671875 0.3671875 0.02734375 0.06484375
28 0.61328125 0.365625 0.0265625 0.06640625
28 0.4984375 0.36640625 0.02421875 0.0640625
28 0.55546875 0.365625 0.0265625 0.06484375
28 0.5828125 0.365625 0.025 0.06640625
28 0.3765625 0.3671875 0.02890625 0.05546875
28 0.51875 0.51875 0.0375 0.07421875
28 0.48046875 0.51875 0.0359375 0.07421875
28 0.44140625 0.5203125 0.0359375 0.071875
28 0.5703125 0.53125 0.01796875 0.04921875
28 0.590625 0.53125 0.01796875 0.05078125
28 0.55078125 0.53125 0.0171875 0.04921875
28 0.6140625 0.5328125 0.01796875 0.05078125
28 0.54296875 0.696875 0.0328125 0.08671875
28 0.57578125 0.7 0.0328125 0.084375
28 0.63984375 0.69921875 0.0296875 0.0828125
28 0.60859375 0.7 0.0296875 0.084375
28 0.246875 0.51484375 0.0375 0.0796875
28 0.28359375 0.51484375 0.0359375 0.0765625
28 0.321875 0.51796875 0.040625 0.0765625
28 0.3609375 0.51875 0.03515625 0.07578125
28 0.39765625 0.51640625 0.0359375 0.0765625