28 0.4212231405460317 0.5288004460534521 0.08492827792830408 0.10092724801081765
28 0.6284181648562912 0.5343344727482234 0.07867827792830404 0.10085452267663583
28 0.559094954770383 0.5225969940722239 0.06231629353213641 0.0866102093411815
28 0.33701523688255863 0.5161089947087708 0.07917624491161739 0.08056020401018138
28 0.2572867933049937 0.5144004966979532 0.07440685775648763 0.07894316000954511
28 0.7451962290806424 0.5278855727641318 0.056066293532136414 0.08653748400699968
28 0.6897274790806425 0.5272401354232686 0.05129690637700648 0.08492044000636341
28 0.11769202679665036 0.5026261080124085 0.057881099050060315 0.061573846674090583
28 0.18335797037421525 0.5041709740213172 0.06100609905006031 0.061610209341181485
28 0.49450018826203956 0.5116953093968608 0.057881099050060315 0.0615738466740904
28 0.05540006671074209 0.4909704453373635 0.058297178878243795 0.03971702800763595
28 0.37216376356766734 0.3673902313812706 0.0851739393936933 0.10561474801081765
28 0.28067562641253757 0.364764123368862 0.09142393939369331 0.10568747334499946
28 0.6648459085247131 0.3653304814210414 0.10351450361804453 0.09802042401336308
28 0.19334272274906442 0.35203630935708985 0.0807387449116174 0.08057838534372674
28 0.7743027956798428 0.3681656747692226 0.11264384215265544 0.09344201201463562
28 0.8874202713695833 0.3663588214512673 0.10919129353213605 0.08715564934754472
28 0.12171670624072103 0.3410528086807721 0.06256859905006032 0.06162839067472694
28 0.05761326266315616 0.3395261240054088 0.06100609905006031 0.061610209341181485
28 0.4625464241285454 0.34892258939367904 0.09250176051544959 0.06666133601209037
28 0.5611067548612401 0.35241176340704206 0.10195864767057934 0.068332924013363