28 0.17612657225340997 0.43598813212447907 0.06191350180902231 0.049819468464861315
28 0.18016561906490666 0.47803016175975677 0.06174972749876284 0.04669446846486114
28 0.1712653318643484 0.3947455362847915 0.05558161465389255 0.04811149810013902
28 0.16730817220798144 0.3511410066495137 0.0601872274987628 0.04665810087368065
28 0.2208481727738083 0.5504311854111108 0.03642217887824373 0.03986258700597212
28 0.2258731874731294 0.5885487812507983 0.03165279172311406 0.038190984232430655
28 0.21886627091935748 0.5138033543890623 0.03642217887824373 0.03986258700597212
28 0.22904353233931823 0.42383231781993036 0.05369156603337357 0.04182513050895835
28 0.23546727272837983 0.46503854606843725 0.05549972749876275 0.046548998100139016
28 0.22096543871632485 0.3397482585493748 0.06018722749876278 0.04665810087368065
28 0.22656698552782153 0.381753920593472 0.06191350180902235 0.04981946846486114
28 0.25242572139432734 0.5434538335874998 0.03806656603337348 0.04146145459715278
28 0.2490860374277009 0.5029561201566317 0.03806656603337348 0.04146145459715278
28 0.2576145104039079 0.5784464294271873 0.034695904567984215 0.03670121941479163
28 0.4128309548859839 0.5498642216959024 0.06602114767057934 0.06864220364722229
28 0.40042388738227236 0.4143813165856594 0.06634869629109837 0.0748922036472223
28 0.40709993328925786 0.4805511772429858 0.06791119629109836 0.07492857123840295
28 0.4218916943705343 0.6151982809664579 0.06618492198083885 0.07176720364722229
28 0.4976563342391976 0.5393066217721524 0.0717798247398008 0.05941267401194459
28 0.5041652838096563 0.593775916225069 0.07646732473980081 0.05952177678548622
28 0.5338306088881414 0.3106179241088537 0.09686171189493056 0.061557055470833434
28 0.5584986589789984 0.4801485208984717 0.09751680913596843 0.07405705547083344
28 0.5502877685445083 0.35393151301468706 0.0854328889641522 0.0519274823325695
28 0.5787115824301753 0.5857984556439926 0.07811171189493056 0.06112064437666671
28 0.5737241892821517 0.5320740435998953 0.0780298247398008 0.05955814437666671
28 0.585507137043588 0.6347990000969091 0.07811171189493056 0.06112064437666671
28 0.5687268300553261 0.4338729329425689 0.06142217887824373 0.04044446846486114
28 0.7267573360482199 0.48559582105097154 0.09471935775648746 0.08023432028847229
28 0.7118018006566839 0.35407371732749937 0.08822369629109836 0.07540134992375007
28 0.7184369029861046 0.42102482798482577 0.08649742198083885 0.0722399823325695
28 0.7384108090244269 0.561013395139166 0.09291119629109837 0.0755104526972918