28 0.478125 0.16328125 0.04296875 0.0734375
28 0.5265625 0.165625 0.04296875 0.071875
28 0.578125 0.16875 0.04296875 0.07421875
28 0.628125 0.16953125 0.040625 0.0734375
28 0.6765625 0.1734375 0.04296875 0.07578125
28 0.415625 0.4640625 0.07109375 0.078125
28 0.49375 0.46484375 0.07421875 0.0796875
28 0.8140625 0.47421875 0.07578125 0.0921875
28 0.6578125 0.47578125 0.08046875 0.0796875
28 0.578125 0.47578125 0.071875 0.0796875
28 0.7359375 0.475 0.07578125 0.08671875
28 0.8984375 0.478125 0.08046875 0.09140625
28 0.9671875 0.4828125 0.06484375 0.09375
28 0.440625 0.56328125 0.040625 0.0328125
28 0.47890625 0.565625 0.0359375 0.03125
28 0.5171875 0.56484375 0.040625 0.0328125
28 0.075 0.5765625 0.05546875 0.071875
28 0.134375 0.578125 0.06015625 0.071875
28 0.19453125 0.58125 0.0578125 0.06953125
28 0.25390625 0.58203125 0.0578125 0.0734375
28 0.35078125 0.59609375 0.0421875 0.0515625
28 0.303125 0.59609375 0.04296875 0.0515625
28 0.5671875 0.5953125 0.05546875 0.06953125
28 0.3984375 0.596875 0.04296875 0.05390625
28 0.6234375 0.5984375 0.05546875 0.06640625
28 0.68125 0.603125 0.053125 0.07109375
28 0.7390625 0.6046875 0.05546875 0.06953125
28 0.796875 0.60859375 0.05859375 0.0671875
28 0.4390625 0.61015625 0.0375 0.0328125
28 0.8578125 0.6109375 0.05859375 0.07109375
28 0.478125 0.61171875 0.03828125 0.0328125
28 0.9203125 0.6140625 0.05390625 0.07109375
28 0.51875 0.6125 0.03984375 0.03515625
28 0.975 0.61875 0.04921875 0.06875
28 0.4359375 0.721875 0.06875 0.078125
28 0.58125 0.7234375 0.07109375 0.08046875
28 0.50625 0.7234375 0.06953125 0.07578125
28 0.65234375 0.72890625 0.0671875 0.0796875
28 0.7078125 0.7328125 0.025 0.07109375
28 0.7390625 0.7359375 0.02421875 0.06953125
28 0.7734375 0.7359375 0.025 0.06953125
28 0.8796875 0.7390625 0.025 0.06953125
28 0.8453125 0.740625 0.02421875 0.07109375
28 0.9484375 0.740625 0.025 0.07109375
28 0.8078125 0.740625 0.02265625 0.071875
28 0.91484375 0.7421875 0.0265625 0.07421875