28 0.4334828814944694 0.140625 0.03799092370110611 0.028125
28 0.22553401379971771 0.1484375 0.07932503571381497 0.06875
28 0.2874436785723701 0.1375 0.06666139448011296 0.059375
28 0.15106980194916464 0.1625 0.07937958279171564 0.071875
28 0.35251925365344794 0.12421875 0.08242276217486459 0.0671875
28 0.42959995089350445 0.09453125 0.03966251785690744 0.034375
28 0.3883524245184756 0.8015625 0.10829551542127555 0.1171875
28 0.47852345698587967 0.7828125 0.10358074188232518 0.115625
28 0.5741632394532837 0.7640625 0.10358074188232518 0.115625
28 0.7428547382354678 0.72265625 0.07987050649282175 0.1
28 0.8071627000860209 0.70859375 0.08299550649282175 0.1
28 0.8816132751670989 0.6953125 0.08296823295387128 0.0984375
28 0.948278623787127 0.68046875 0.08146028003177222 0.1015625
28 0.9813093120987297 0.66796875 0.01567163879807012 0.0921875
28 0.6395524602322905 0.7328125 0.05594208279171564 0.071875
28 0.6858098514659925 0.7234375 0.052871629869616396 0.075
28 0.5637611221622738 0.46484375 0.041388659090609535 0.04375
28 0.6484497678602027 0.446875 0.04604888555165907 0.0421875
28 0.6076747633959758 0.45546875 0.04289661201270896 0.040625
28 0.5990906960255357 0.41015625 0.04448638555165907 0.0421875
28 0.6422094504897626 0.4015625 0.04445911201270878 0.040625
28 0.5591651254086847 0.41484375 0.0428420649348082 0.0375
28 0.5471481408299603 0.29765625 0.07016822402541756 0.08125
28 0.4891719995962582 0.30703125 0.06698867694751698 0.078125
28 0.6044112159110381 0.284375 0.06698867694751698 0.078125
28 0.6608384939142153 0.27421875 0.06855117694751697 0.078125
28 0.7204453189952933 0.2609375 0.07016822402541756 0.08125
28 0.7776674837679456 0.25 0.06704322402541756 0.08125
28 0.4272623348236058 0.31796875 0.06534435633066593 0.0734375