28 0.08125 0.30703125 0.08515625 0.0640625
28 0.17734375 0.30859375 0.0828125 0.0609375
28 0.2671875 0.31875 0.06640625 0.040625
28 0.33984375 0.321875 0.0609375 0.04296875
28 0.415625 0.3234375 0.06484375 0.03984375
28 0.490625 0.325 0.0625 0.040625
28 0.55 0.3296875 0.04453125 0.03515625
28 0.6 0.3296875 0.040625 0.03359375
28 0.653125 0.3296875 0.04921875 0.03515625
28 0.703125 0.3328125 0.040625 0.03515625
28 0.759375 0.3328125 0.040625 0.03515625
28 0.8109375 0.334375 0.04453125 0.03515625
28 0.859375 0.3359375 0.040625 0.03515625
28 0.91171875 0.3375 0.0453125 0.03359375
28 0.08515625 0.4125 0.0578125 0.06484375
28 0.15234375 0.41328125 0.0578125 0.0640625
28 0.21484375 0.41484375 0.0609375 0.0640625
28 0.61640625 0.4296875 0.0421875 0.05390625
28 0.66484375 0.43125 0.0421875 0.05546875
28 0.7125 0.43125 0.040625 0.053125
28 0.75859375 0.43984375 0.0359375 0.0359375
28 0.8015625 0.4390625 0.0375 0.03515625
28 0.84296875 0.4421875 0.0359375 0.03359375
28 0.8875 0.440625 0.040625 0.03515625
28 0.11875 0.53515625 0.0625 0.0609375
28 0.190625 0.5359375 0.06640625 0.0625
28 0.259375 0.54296875 0.053125 0.0484375
28 0.321875 0.5453125 0.053125 0.04921875
28 0.440625 0.546875 0.04921875 0.046875
28 0.3828125 0.5453125 0.053125 0.04921875
28 0.5921875 0.55 0.07109375 0.04296875
28 0.51015625 0.55 0.0734375 0.03828125
28 0.646875 0.5546875 0.03984375 0.03515625
28 0.696875 0.55625 0.040625 0.03359375
28 0.74140625 0.55546875 0.0421875 0.0328125
28 0.78515625 0.5640625 0.0359375 0.021875
28 0.8796875 0.56484375 0.04453125 0.0203125
28 0.83125 0.5640625 0.040625 0.01953125