28 0.4 0.88515625 0.06484375 0.0921875
28 0.54375 0.88671875 0.0625 0.0921875
28 0.6875 0.88671875 0.06953125 0.0921875
28 0.7640625 0.8875 0.07421875 0.09375
28 0.61640625 0.8875 0.0609375 0.09375
28 0.46875 0.8875 0.06640625 0.09765625
28 0.1859375 0.4484375 0.08515625 0.10234375
28 0.8515625 0.4546875 0.08046875 0.10078125
28 0.275 0.4578125 0.08046875 0.0875
28 0.36640625 0.4578125 0.0796875 0.0875
28 0.765625 0.4625 0.07109375 0.08046875
28 0.5046875 0.46484375 0.07421875 0.0765625
28 0.434375 0.47109375 0.05078125 0.0640625
28 0.68359375 0.4703125 0.0765625 0.07109375
28 0.5953125 0.47109375 0.08203125 0.0734375
28 0.290625 0.590625 0.04296875 0.06015625
28 0.3921875 0.59609375 0.04296875 0.0578125
28 0.43984375 0.5953125 0.0421875 0.05625
28 0.3421875 0.5921875 0.04296875 0.05859375
28 0.2390625 0.6265625 0.0375 0.0375
28 0.15078125 0.63125 0.0453125 0.03828125
28 0.1953125 0.6296875 0.03984375 0.03984375
28 0.621875 0.653125 0.06875 0.103125
28 0.6953125 0.6546875 0.071875 0.103125
28 0.8546875 0.6546875 0.06640625 0.10703125
28 0.775 0.65703125 0.06953125 0.1046875
28 0.4890625 0.6640625 0.05625 0.08046875
28 0.553125 0.6625 0.06015625 0.08515625
28 0.32421875 0.67421875 0.0484375 0.0640625
28 0.43125 0.67265625 0.04296875 0.0609375
28 0.3796875 0.6734375 0.04921875 0.0625
28 0.2703125 0.675 0.04296875 0.0625
28 0.13125 0.6859375 0.04453125 0.03984375
28 0.18125 0.6828125 0.04296875 0.03828125
28 0.225 0.6828125 0.04296875 0.03828125