28 0.0859375 0.2359375 0.040625 0.05546875
28 0.1296875 0.2375 0.040625 0.05625
28 0.60703125 0.35703125 0.0515625 0.0921875
28 0.6609375 0.35703125 0.046875 0.0921875
28 0.715625 0.3734375 0.05859375 0.05625
28 0.77890625 0.3734375 0.0609375 0.053125
28 0.84453125 0.37578125 0.0640625 0.0578125
28 0.215625 0.46953125 0.071875 0.0828125
28 0.290625 0.4703125 0.06953125 0.08046875
28 0.1390625 0.4734375 0.06953125 0.06875
28 0.365625 0.47421875 0.06953125 0.0796875
28 0.62109375 0.4859375 0.0515625 0.06640625
28 0.675 0.4859375 0.046875 0.06640625
28 0.72265625 0.48671875 0.0453125 0.0671875
28 0.77265625 0.48828125 0.0484375 0.0671875
28 0.8234375 0.4890625 0.046875 0.06484375
28 0.4390625 0.4890625 0.04453125 0.05078125
28 0.48125 0.490625 0.04296875 0.04921875
28 0.56875 0.49140625 0.04453125 0.0515625
28 0.5234375 0.490625 0.04296875 0.05078125
28 0.7828125 0.71015625 0.03125 0.0296875
28 0.8140625 0.71015625 0.03125 0.0265625
28 0.8125 0.73828125 0.03125 0.0265625
28 0.778125 0.73984375 0.03125 0.0265625
28 0.8046875 0.865625 0.05546875 0.06015625
28 0.7484375 0.865625 0.04921875 0.05625