28 0.8586561399113546 0.41040936015977225 0.040262630508958355 0.05178975897699036
28 0.7826021329775003 0.39824972774441075 0.04029899810013902 0.05335225897699045
28 0.7465555302039586 0.3933531494855796 0.04029899810013902 0.05335225897699036
28 0.8202294195466322 0.40393664636232157 0.04186149810013902 0.05336134933607006
28 0.2589996723964239 0.32099479781181844 0.040189895326597204 0.048664758976990366
28 0.17902123166697942 0.30803118949875796 0.04175239532659729 0.048673849336070066
28 0.21899226823611134 0.3137317436552882 0.040189895326597225 0.048664758976990366
28 0.2981530913743753 0.3251283067888089 0.0448773953265972 0.048692030054229285
28 0.5737518502080905 0.2853310503459012 0.036701219414791805 0.03302157825883123
28 0.7735706654625697 0.3122713211285525 0.030123911094166723 0.018922716822512696
28 0.7383780478713892 0.3105042880492611 0.031904616641249994 0.028306807181592397
28 0.6725348423243058 0.30074749296791714 0.03502961664125 0.02832498789975162
28 0.6074547029816322 0.29021399306611306 0.03513871941479163 0.03301248789975162
28 0.6380143719595835 0.2942975050681656 0.03662848423243048 0.02989657825883114
28 0.7062195113022571 0.3048491856881289 0.03506598423243048 0.029887487899751618
28 0.26688294794763906 0.22339763514583594 0.0722399823325695 0.08322156615858278
28 0.20338349240055575 0.2136544756031115 0.07362064437666671 0.07541815651766244
28 0.677239872909514 0.2679668092246958 0.03346711664125017 0.02831589754067192
28 0.5784568807932988 0.25255036660267993 0.03815461664124999 0.028343168617910842
28 0.744681946047778 0.2792951946651194 0.03662848423243048 0.02989657825883123
28 0.6411932701359724 0.2630702309658646 0.03815461664124999 0.028343168617910842
28 0.7784211664125003 0.2857406373853312 0.03819098423243048 0.02990566861791084
28 0.6098159835668404 0.2574196737842723 0.031904616641250175 0.028306807181592397
28 0.7109790932742364 0.2744122519449076 0.03662848423243048 0.02989657825883114
28 0.2607933360560417 0.062446499607216543 0.07194904160312507 0.0707215661585828
28 0.1902444467133681 0.05188118344863375 0.0750376740119445 0.06917724687674202
28 0.40501611474138893 0.08359531264254137 0.07994337955902786 0.07857951795398088
28 0.3336496078075348 0.07146295130441876 0.08143314437666671 0.0754636083130605
28 0.4785809013105209 0.08949130951928341 0.07507404160312507 0.07073974687674203
28 0.1955411569131949 0.5479385720123153 0.061557055470833434 0.0940954336450254
28 0.1406900027528824 0.5405891594445287 0.05839568787965286 0.09251475292686635
28 0.8248851244281254 0.6375258511827818 0.06112064437666689 0.0753454336450254
28 0.7715782864722227 0.6294042789740748 0.05799564437666689 0.07532725292686634
28 0.27929856107350737 0.5554561562230749 0.045532011967847286 0.07681703005422946
28 0.24085365691319488 0.5482021924256242 0.04865701196784729 0.0768352107723885
28 0.35614938896142395 0.4340447645361353 0.05933993882958344 0.06596134328594587
28 0.3059675510055212 0.42594137304558755 0.056251306420763925 0.06750566256778665
28 0.2087470588893059 0.4105340207826512 0.0531626740119445 0.06904998184962743
28 0.25812946304961837 0.4178516170936592 0.0531626740119445 0.06904998184962743
28 0.1593646547289934 0.40321642447164335 0.0516001740119445 0.06904089149054786
28 0.48540113107763927 0.4496384691602038 0.04495013050895835 0.05181703005422929
28 0.4014982565526045 0.43587088494944426 0.04182513050895835 0.05179884933607006
28 0.442286910712917 0.44313848428551433 0.04502286569131932 0.054942030054229464