28 0.32862098548721175 0.3417683017206433 0.05934028366526398 0.04408634328594587
28 0.27169886289187345 0.33897509982704943 0.0594494110699257 0.047211343285945874
28 0.21555799029653513 0.33617735275391564 0.05621528366526398 0.04406816256778665
28 0.04317455880818942 0.32936933743221336 0.04985615626060225 0.040906801131468204
28 0.10006939955236227 0.3329437893258073 0.04996528366526397 0.044031801131468117
28 0.15464777214770056 0.3357506267580207 0.04985615626060227 0.040906801131468204
28 0.005131427543662559 0.3303869367682834 0.010262855087325117 0.040706813231716585
28 0.7098238562684515 0.385634913746137 0.08715774881887377 0.08017837939029934
28 0.6240500473754441 0.381447383495516 0.09340774881887377 0.0802147408266178
28 0.795543101459128 0.391384943996758 0.09809524881887377 0.08024201190385663
28 0.9562077829474738 0.3982611370115574 0.06215774881887341 0.0800329336450254
28 0.8844419103521354 0.3955542935292198 0.09028274881887341 0.08019656010845858
28 0.538702824417286 0.38741155806535515 0.08025298439090331 0.0613920179539809
28 0.39053814292894035 0.3804626421779188 0.07400298439090332 0.06135565651766246
28 0.46621026552427863 0.38314675976255735 0.07405754809323425 0.06291815651766237
28 0.3248040155242786 0.38396943725926275 0.0594494110699257 0.047211343285945874
28 0.26311254737544404 0.3835472564429077 0.06246528366526398 0.0441045240041051
28 0.14379955218476748 0.37799266891249844 0.05298115626060227 0.04092498184962743
28 0.08687742958942916 0.37519946701890444 0.04996528366526398 0.04403180113146821
28 0.20697167478010575 0.38074950936977386 0.06235615626060227 0.040979524004105095
28 0.025125224413361437 0.372442626561629 0.050250448826722874 0.044049981849627426
28 0.7780331645284868 0.5125559620489348 0.08973711179556502 0.06457156010845858
28 0.9511978460168324 0.5193594321910971 0.06312004809323427 0.0628545240041051
28 0.8700569734214941 0.5167071308632373 0.08817461179556503 0.06456246974937904
28 0.6867906056354792 0.5084002480550923 0.09447917549789579 0.06616133118569749
28 0.5869270148913064 0.505075781036188 0.09453373920022674 0.0677238311856975
28 0.4120634241471336 0.5021876512531052 0.09253472958158002 0.05521474082661779
28 0.5009349511889756 0.507138250785567 0.0926438569862416 0.05833974082661779
28 0.16001977450995328 0.4950619942444634 0.07362103847458741 0.05041815651766246
28 0.08515618376578041 0.4915920814802851 0.06737103847458739 0.05038179508134384
28 0.32300092414713355 0.5027058017206434 0.0719494110699257 0.04728406615858276
28 0.23870776970062985 0.5008529311109428 0.0750744110699257 0.04730224687674216
28 0.04302450862677957 0.6988324097391162 0.08604901725355914 0.06299996974937905
28 0.12994286099295688 0.7076938044511178 0.08337798439090335 0.06141019867214013
28 0.3062052606301372 0.715260343875121 0.08661211179556512 0.06455337939029934
28 0.21647063803479888 0.7126580395221991 0.0880654843909034 0.061437469749379046
28 0.5736010917556632 0.7301075972929666 0.08661211179556502 0.06455337939029934
28 0.7498089276905127 0.7392366367169698 0.08666667549789579 0.06611587939029935
28 0.9221377954765273 0.747607152038672 0.0804166754978958 0.0660795179539809
28 0.6593476187975051 0.7350763775435876 0.0851041754978958 0.06610678903121965
28 0.395721628416152 0.724112648228043 0.09280754809323426 0.06302724082661779
28 0.4861829373091595 0.7282729074014253 0.09442461179556502 0.0645988311856975
28 0.8346923591788583 0.7465537121471307 0.08515873920022692 0.06766928903121965
28 0.04626477623923379 0.777697753123258 0.08628472958157996 0.05517837939029935
28 0.1359175532810758 0.78264380747618 0.0848313569862417 0.05829428903121965
28 0.21853908032291783 0.7876307684449602 0.08639385698624162 0.058303379390299524
28 0.30277767106709064 0.7910461390546608 0.08315972958157988 0.05516019867214013
28 0.47039175700194014 0.8002251754536018 0.09280754809323426 0.06302724082661788
28 0.3876883844066018 0.7975819644848217 0.08337798439090331 0.06141019867214013
28 0.554575784043782 0.8052030460633027 0.08494048439090349 0.06141928903121974
28 0.6403495929367896 0.8093905763139236 0.08337798439090349 0.06141019867214013
28 0.7245063381274661 0.8151496969236243 0.08343254809323426 0.06297269867214013
28 0.8095261788716389 0.8185605223537852 0.0865029843909034 0.061428379390299256
28 0.8951635785088193 0.8266543026044062 0.08019842068857272 0.059829517953980726