28 0.08058286239464432 0.8736611573635628 0.12562187697836444 0.164347307996701
28 0.174984637609415 0.8436122930195132 0.1235680540475859 0.15492684389007855
28 0.26490363071201 0.8097935709953319 0.12973616689245615 0.15354620031656907
28 0.35137007519408603 0.7823157771843957 0.12192366689245615 0.15331887978345565
28 0.44753682553277035 0.5548607154267708 0.05262038896415202 0.05145485141192587
28 0.5728577301007546 0.5153315510035791 0.04620661465389268 0.048147994985435004
28 0.48811755992893807 0.5396388807078926 0.04645227611928178 0.05283549498543501
28 0.5309192135924112 0.5266925998290801 0.04785100180902226 0.049755959092057725
28 0.9438020731579211 0.38830943210718305 0.042092324739800804 0.058949102665567035
28 0.9065920002271426 0.3987528386128161 0.04686171189493038 0.06064799498543501
28 0.8694228708739289 0.40841499511844914 0.04373671189493038 0.06055706677218962
28 0.8298281043655855 0.41970784778401604 0.050068599050060315 0.06230142319868044
28 0.15729360583592364 0.6155698610453443 0.10441526232447185 0.11692673871722885
28 0.7428260713488989 0.44252087364826365 0.05171298620519025 0.06390938730530316
28 0.7031903612629906 0.45459497631383067 0.055165534825709094 0.07025031551854859
28 0.6105558039360443 0.4806921265512575 0.055411196291098364 0.07493781551854858
28 0.786408975012372 0.4295518607161398 0.05335737336031983 0.06551735141192583
28 0.6580449575995174 0.46760945335257703 0.05524742198083885 0.0718128155185486
28 0.34079218057572447 0.5525062567304245 0.06643058344622813 0.07681856426490725
28 0.39231041497189223 0.5369661732651874 0.06009869629109836 0.07507420783841638
28 0.22287101820582406 0.5847995826738144 0.0698012449116173 0.08159699247815269
28 0.2799398897571216 0.5675378748353979 0.06980124491161739 0.08159699247815269
28 0.5631452154014335 0.47739128180324925 0.042508404567984215 0.03711956677218957
28 0.43572622229883856 0.5123011423863751 0.05393722749876275 0.04681281551854859
28 0.4809535131174414 0.4977241653476286 0.044480340343633 0.04497753087881229
28 0.5222336103584795 0.4840420985754389 0.042672178878243726 0.04024456677218975
28 0.24183345940853976 0.43135633392745554 0.11074714947960163 0.11867109514371972
28 0.14874520070211245 0.4512262162181937 0.11568031094499091 0.1234949874635877
28 0.05868120194530788 0.47745975877548863 0.11736240389061577 0.1348871285298145
28 0.7642727826780026 0.18213730311515017 0.08114818068726617 0.08972774122451135
28 0.7097114354369645 0.19620581479363267 0.07991322930778502 0.09593227711788872
28 0.6460616932388806 0.20507836111185124 0.08303822930778519 0.09602320533113406
28 0.585455063885667 0.2154224792168245 0.08632700361804453 0.09923913354437941
28 0.5107040473773236 0.2277382742814018 0.09101450361804453 0.09937552586424747
28 0.43739270013628556 0.2423523552393565 0.09570200361804453 0.09951191818411553
28 0.3612020143606368 0.2523698644105565 0.10063516508343388 0.10433581050398359
28 0.2775706428093393 0.2704044620615586 0.10885710085908258 0.112375631037097
28 0.19410304556830127 0.28531405971256074 0.10713082654882315 0.10920516693047429
28 0.101014786861874 0.3051839420032989 0.11551653663473135 0.1203699874635877
28 0.03210209181397109 0.323863397334433 0.06420418362794218 0.12102320533113406
28 0.2559114060383223 0.13296429803407822 0.08838747060135788 0.0790175617576248
28 0.1703047766851087 0.14403584184501433 0.0995706320667471 0.08402331050398355
28 0.07828437302163556 0.15841424208244118 0.09817190637700661 0.08710284639736088
28 0.01757260232942067 0.1736049845605938 0.03514520465884134 0.08091503087881238