28 0.78046875 0.3268401339873111 0.1078125 0.07283771370395282
28 0.78203125 0.2612970211424408 0.1046875 0.0664239393936934
28 0.7875 0.19517737618539494 0.1046875 0.0679864393936934
28 0.78984375 0.1335814569180896 0.1046875 0.06954893939369339
28 0.5984375 0.9454778932037943 0.1109375 0.10904421359241141
28 0.6078125 0.8373228533454735 0.10625 0.11494332654882307
28 0.6203125 0.7200092005865114 0.1140625 0.12472776232447202
28 0.63125 0.6002699106724197 0.1140625 0.12004026232447203
28 0.634375 0.49574618498267925 0.090625 0.1000619549975255
28 0.63984375 0.3991577900256334 0.0859375 0.09356629353213641
28 0.6453125 0.3166318950685875 0.0890625 0.09373006784239593
28 0.65 0.2403150565339768 0.0765625 0.05869997060135788
28 0.6546875 0.18665446799936602 0.0765625 0.06026247060135788
28 0.65703125 0.13130854873206066 0.0765625 0.05869997060135783
28 0.46015625 0.9108345171857121 0.1296875 0.12242163387576924
28 0.521875 0.3351628098133371 0.0453125 0.06018722749876275
28 0.4703125 0.8035542836940553 0.128125 0.11452724672063966
28 0.53203125 0.21850757632168052 0.040625 0.05525406603337357
28 0.525 0.27517033412359665 0.0421875 0.05377345318850324
28 0.4796875 0.7071706066248338 0.1265625 0.1035078595655099
28 0.478125 0.6117762194697041 0.1015625 0.0943851650834338
28 0.48671875 0.5270703488229177 0.103125 0.09290455223856356
28 0.4796875 0.4524831066248338 0.0734375 0.06322369629109836
28 0.5140625 0.12537837403768837 0.075 0.09924308344622808
28 0.4859375 0.3918731552453528 0.0703125 0.06305992198083885
28 0.478125 0.32974496946970405 0.0421875 0.05533595318850324
28 0.484375 0.2706975180902231 0.0421875 0.05221095318850324
28 0.48984375 0.21707787313317722 0.0421875 0.05377345318850326