28 0.2 0.26796875 0.040625 0.0640625
28 0.2453125 0.26875 0.03828125 0.0625
28 0.15625 0.26796875 0.040625 0.0640625
28 0.2875 0.26796875 0.0375 0.0640625
28 0.1 0.31875 0.04921875 0.0875
28 0.3390625 0.3171875 0.06640625 0.103125
28 0.4046875 0.328125 0.05859375 0.08046875
28 0.4625 0.32890625 0.05859375 0.0796875
28 0.1453125 0.33203125 0.03984375 0.0609375
28 0.19375 0.33359375 0.040625 0.0609375
28 0.2359375 0.33515625 0.040625 0.0609375
28 0.278125 0.33515625 0.04453125 0.0609375
28 0.5203125 0.3390625 0.04453125 0.06015625
28 0.5671875 0.33984375 0.04296875 0.0578125
28 0.615625 0.3421875 0.04453125 0.05859375
28 0.6609375 0.3421875 0.04453125 0.05546875
28 0.7640625 0.425 0.04296875 0.040625
28 0.71484375 0.425 0.0359375 0.03984375
28 0.8078125 0.4265625 0.040625 0.0375
28 0.02421875 0.45390625 0.0359375 0.0796875
28 0.0609375 0.4546875 0.03515625 0.08046875
28 0.1 0.45546875 0.03515625 0.0828125
28 0.1765625 0.4546875 0.040625 0.08203125
28 0.1375 0.4578125 0.03984375 0.08515625
28 0.2125 0.45859375 0.0375 0.0796875
28 0.5046875 0.459375 0.06953125 0.08671875
28 0.5796875 0.46015625 0.06953125 0.0890625
28 0.659375 0.4625 0.071875 0.0875
28 0.37890625 0.4625 0.0578125 0.071875
28 0.3234375 0.4640625 0.053125 0.07421875
28 0.2609375 0.465625 0.05390625 0.07421875
28 0.43671875 0.465625 0.0578125 0.07109375
28 0.86875 0.47109375 0.071875 0.0765625
28 0.9484375 0.4734375 0.07578125 0.071875
28 0.80625 0.47578125 0.04296875 0.0609375
28 0.759375 0.47578125 0.04296875 0.0609375
28 0.71640625 0.478125 0.0421875 0.0625
28 0.54140625 0.55 0.0328125 0.025
28 0.615625 0.55 0.03359375 0.025
28 0.58046875 0.5515625 0.0328125 0.02421875
28 0.0609375 0.5546875 0.05859375 0.040625
28 0.18203125 0.55625 0.0578125 0.040625
28 0.12109375 0.55625 0.0578125 0.04296875
28 0.309375 0.55625 0.05546875 0.040625
28 0.246875 0.5578125 0.05859375 0.040625
28 0.5453125 0.58515625 0.0375 0.0328125
28 0.58125 0.58671875 0.03515625 0.0296875
28 0.61875 0.58671875 0.03359375 0.0265625
28 0.671875 0.60703125 0.06875 0.0828125
28 0.81875 0.6078125 0.06640625 0.084375
28 0.74609375 0.60703125 0.0671875 0.0796875
28 0.11953125 0.61015625 0.0609375 0.0640625
28 0.89296875 0.6109375 0.0609375 0.08203125
28 0.1875 0.609375 0.06015625 0.06015625
28 0.05234375 0.6109375 0.0640625 0.06484375
28 0.25 0.61171875 0.05078125 0.0578125
28 0.3703125 0.61328125 0.06015625 0.0640625
28 0.49375 0.61328125 0.05625 0.0640625
28 0.30859375 0.61484375 0.0578125 0.0640625
28 0.434375 0.61484375 0.053125 0.0640625
28 0.5453125 0.628125 0.03515625 0.03359375
28 0.5859375 0.6296875 0.03359375 0.03359375
28 0.61875 0.6296875 0.03515625 0.03359375