28 0.3385577332462678 0.9134413730455876 0.10502144789030421 0.10839428298109546
28 0.22747468403205612 0.9096709575509347 0.11595894789030418 0.10845791549465282
28 0.10988692369297386 0.9003954306199635 0.11283394789030417 0.10843973477649342
28 0.44502605706758536 0.9187470174630015 0.10473034946188076 0.10214428298109582
28 0.9692424793195809 0.9554542154477706 0.061515041360838296 0.08016928903121964
28 0.8996429365132554 0.9534144715960906 0.08823205417661058 0.08330337939029916
28 0.8135234999954907 0.9490082518467118 0.09775260339082203 0.08648292154477702
28 0.729039338084832 0.9461736224564123 0.07871150496239884 0.08012383723582168
28 0.6405397642635144 0.940972517168414 0.09135705417661058 0.08332156010845893
28 0.5465350531386439 0.9349583456236369 0.08674232878371627 0.08485678903121965
28 0.6890520771265772 0.6913224959929792 0.04698631596343468 0.03620112041330899
28 0.6342190279123655 0.6878793334251926 0.047131865177646406 0.03932612041330898
28 0.08763297228801303 0.6573630481064061 0.09364730024766903 0.0989556504675381
28 0.5747712533052597 0.6859713997801672 0.04720463978475227 0.040888620413308985
28 0.7400880382514478 0.6970866826630668 0.05643409057054054 0.03781816256778647
28 0.25147930251947137 0.6872146954506863 0.08241870181924557 0.0926420179539809
28 0.17153709139460088 0.6812823371376258 0.08369010339082217 0.08640110831306061
28 0.3271342739834241 0.7017135326865079 0.06711903349844599 0.06599770472226432
28 0.3983371858940829 0.7044708940246306 0.059452082712657714 0.06907725292686635
28 0.5315499462331651 0.713837324546398 0.06116013192686935 0.07221134328594588
28 0.46414412241184755 0.7087589391059745 0.05632708271265763 0.06905907220870695
28 0.758422815339753 0.7385883814334029 0.048548815963434674 0.03621021077238851
28 0.703735315339753 0.7382702188656162 0.04996576674922295 0.033094301131468204
28 0.6465949034290942 0.7355946707592101 0.056142992142117085 0.03156816256778665
28 0.5911261534290941 0.7352719630118838 0.049892992142117086 0.03153180113146803