28 0.6010226615867049 0.47857705629782965 0.049665030878812286 0.04246930113146803
28 0.6533209474800822 0.48044408332699684 0.055960494985435004 0.04406816256778647
28 0.541715857746639 0.4758878726528041 0.055960494985435004 0.04406816256778647
28 0.4847300718532617 0.473993574546398 0.05283549498543501 0.044049981849627426
28 0.5591881657433401 0.35878218588452065 0.05288095909205772 0.04561248184962743
28 0.785477881103604 0.3694752879510652 0.05288095909205772 0.04561248184962743
28 0.670770523423472 0.3641196465587133 0.05908549498543501 0.04408634328594587
28 0.8385346849436699 0.37212811015977226 0.049710494985435005 0.04403180113146821
28 0.8954750067304247 0.3755849082661783 0.04966503087881265 0.042469301131468115
28 0.7277108452102267 0.36757644466511935 0.05279003087881229 0.04248748184962743
28 0.6146114516367174 0.3606673936318471 0.049755959092057725 0.04559430113146821
28 0.5030518260098967 0.3545486829576544 0.04506845909205772 0.04556703005422928
28 0.4421370580632081 0.3534129089535493 0.049665030878812286 0.042469301131468115
28 0.3891257183297648 0.34919758674484236 0.049665030878812466 0.042469301131468205
28 0.32901493243638746 0.34728510792027706 0.049665030878812376 0.042469301131468115
28 0.2738644311827462 0.3360249001729506 0.052335389812585564 0.026862481849627428
28 0.2215661452893689 0.3341578731437834 0.04921038981258556 0.026844301131468205
28 0.1755633235026143 0.33076470755093473 0.052335389812585564 0.026862481849627428
28 0.12094401966254831 0.3281027949831481 0.04447742570596289 0.025254530054229285