28 0.15486125494291586 0.021836458643671137 0.17222250988583174 0.043672917287342274
28 0.13099130931499045 0.2756827425564019 0.19916169467652328 0.14183655128112632
28 0.11682533304098663 0.3890560378416722 0.1974718606841345 0.13863877667402047
28 0.1425734550566466 0.17573624648534333 0.1790746877564411 0.10815075599585602
28 0.11127164729889301 0.6945804458233896 0.17122769566510643 0.1452141083532208
28 0.4384470291632036 0.1181226838316775 0.13538835475263547 0.10767556699689203
28 0.43923754942915877 0.21436198304588922 0.1230793557412186 0.11178087014004516
28 0.4620662598858317 0.037450688379791465 0.1147575197716634 0.07490137675958293
28 0.4339054036875026 0.31401738068852436 0.12282468775644109 0.10553087014004517
28 0.42232325794584646 0.4139638767595829 0.1058918557412186 0.11098034946188076
28 0.6016500247145794 0.08938760008556249 0.06316584486680377 0.057525709677128445
28 0.597628369581383 0.1443661985139859 0.06472834486680376 0.057598484284234266
28 0.6050893369953194 0.3851003604246447 0.09323534684397003 0.06828342721213972
28 0.6205949787826428 0.26618554053226856 0.09498884783255335 0.07304370181924558
28 0.6160149081361268 0.3266692762642449 0.09779551285158128 0.0653767510334573
28 0.66225194368794 0.09752327771198696 0.06173067885919252 0.060577935070022584
28 0.6550734550566466 0.15186617535462213 0.05522601087441501 0.054036836641599174