28 0.5109375 0.3484375 0.071875 0.07109375
28 0.6703125 0.35 0.07109375 0.06953125
28 0.5921875 0.3515625 0.07421875 0.07109375
28 0.74375 0.3609375 0.06015625 0.05546875
28 0.81484375 0.3609375 0.0640625 0.053125
28 0.8859375 0.3625 0.06640625 0.053125
28 0.0515625 0.44296875 0.06875 0.0734375
28 0.121875 0.4484375 0.05625 0.05859375
28 0.365625 0.45 0.053125 0.05625
28 0.18515625 0.45 0.0578125 0.05546875
28 0.24296875 0.45 0.0515625 0.05546875
28 0.303125 0.45 0.05390625 0.05546875
28 0.4234375 0.45 0.05078125 0.05546875
28 0.528125 0.4578125 0.040625 0.04296875
28 0.4796875 0.459375 0.03828125 0.040625
28 0.5734375 0.46015625 0.03828125 0.0421875
28 0.8453125 0.46015625 0.04453125 0.0421875
28 0.7453125 0.4609375 0.03984375 0.040625
28 0.79375 0.4609375 0.03984375 0.04296875
28 0.6171875 0.4671875 0.03515625 0.02421875
28 0.6609375 0.4671875 0.0375 0.02421875
28 0.70625 0.4671875 0.0375 0.02421875
28 0.0671875 0.54921875 0.06484375 0.0640625
28 0.21953125 0.55234375 0.0640625 0.0609375
28 0.2921875 0.5484375 0.07578125 0.071875
28 0.14375 0.55234375 0.06640625 0.0609375
28 0.365625 0.5484375 0.07578125 0.06953125
28 0.4421875 0.55390625 0.071875 0.0578125
28 0.728125 0.5546875 0.06875 0.05390625
28 0.6546875 0.55625 0.06640625 0.05546875
28 0.5140625 0.55625 0.07109375 0.05625
28 0.584375 0.55703125 0.06640625 0.0515625
28 0.8015625 0.56484375 0.0625 0.0484375
28 0.875 0.56640625 0.06640625 0.0484375