28 0.8046875 0.2703125 0.04296875 0.03984375
28 0.7609375 0.27265625 0.0375 0.0421875
28 0.7578125 0.31875 0.0375 0.046875
28 0.8 0.31875 0.03828125 0.04921875
28 0.765625 0.3828125 0.040625 0.03984375
28 0.7140625 0.384375 0.040625 0.03984375
28 0.0359375 0.415625 0.071875 0.06484375
28 0.1171875 0.41484375 0.07421875 0.0640625
28 0.196875 0.41640625 0.084375 0.0640625
28 0.275 0.4171875 0.07421875 0.0625
28 0.3515625 0.41875 0.078125 0.05625
28 0.425 0.421875 0.06015625 0.05078125
28 0.4984375 0.4265625 0.071875 0.046875
28 0.7171875 0.4265625 0.04296875 0.04296875
28 0.7640625 0.4265625 0.040625 0.04296875
28 0.0546875 0.5015625 0.07421875 0.06015625
28 0.3734375 0.5 0.07421875 0.05390625
28 0.5328125 0.5 0.06640625 0.05625
28 0.45625 0.5 0.06953125 0.05625
28 0.21015625 0.5 0.0796875 0.05625
28 0.678125 0.5 0.05078125 0.05625
28 0.1328125 0.5 0.071875 0.05859375
28 0.740625 0.5015625 0.05078125 0.05625
28 0.6171875 0.5015625 0.05625 0.05625
28 0.796875 0.5078125 0.040625 0.04453125
28 0.89375 0.5078125 0.03828125 0.04296875
28 0.8453125 0.5078125 0.04296875 0.04453125
28 0.290625 0.5109375 0.078125 0.03359375