28 0.20339956467863649 0.8521462070469937 0.06166784034363302 0.045477636051661816
28 0.19966705506769805 0.8935979211536165 0.06174972749876284 0.04704013605166182
28 0.38210101255161455 0.3001254028112163 0.10113977611928178 0.05442673871722894
28 0.3737252685445084 0.3557532771843957 0.10130355042954128 0.05755173871722885
28 0.40544333729141535 0.24172186942512147 0.06610303482570909 0.07056856426490725
28 0.41311639642738396 0.16973320915856474 0.06593926051544959 0.06744356426490725
28 0.42157070556335247 0.09772181683869671 0.06890048620519007 0.0644094924781526
28 0.4495995352799943 0.7685367705204781 0.09159435775648746 0.08067098997087001
28 0.45924453019161166 0.6886901461472987 0.09463747060135788 0.07919941818411544
28 0.4687666943705343 0.6111872717741194 0.09792624491161739 0.08241534639736088
28 0.44686295963568234 0.8505225564138554 0.08221935775648763 0.08039820533113406
28 0.5099903171650273 0.34554789990822243 0.07482293758467104 0.058341348904643375
28 0.5153229483272632 0.2884484537482884 0.0744953889641522 0.05209134890464338
28 0.5235758616016748 0.23516432937510903 0.07449538896415202 0.05209134890464338
28 0.5289494363414756 0.17728363321517498 0.07794793758467104 0.05843227711788872
28 0.4968750842391976 0.5362638281214678 0.05706222749876275 0.046903743731793845
28 0.5023338681603955 0.49164164990822246 0.05352779172311415 0.03900031551854841
28 0.5110714603130508 0.39934048964166574 0.05689845318850324 0.04377874373179384
28 0.5077926520815934 0.4470194716949771 0.05689845318850324 0.04377874373179384
28 0.7554533033702174 0.2760009633817068 0.034695904567984215 0.036892246239076346
28 0.7597623450933314 0.23843276722177284 0.03436835594746519 0.030642246239076344
28 0.784875209747224 0.19089853767574397 0.06215916327441153 0.054852636051661866
28 0.788102029059958 0.2781712171426306 0.03124335594746519 0.030551318025830908
28 0.7916298207830719 0.24062575303600786 0.03157090456798421 0.036801318025830906