28 0.9020372046367171 0.9819285792420949 0.1305443458553867 0.036142841515810174
28 0.6467621142185378 0.9544270195295343 0.12850168479069168 0.0895746285298145
28 0.5146844432680107 0.9302955345732291 0.1270028517868859 0.09109166442319179
28 0.774184118667162 0.9692179790838104 0.12037084980971961 0.06156404183237925
28 0.3935761058155808 0.9072635483632826 0.1238141847906915 0.08943823620994636
28 0.2755609348650537 0.8835412403665817 0.13637785178688588 0.0913644490629281
28 0.14801159642404055 0.8556398977301445 0.12362318380210832 0.08475073620994636
28 0.05965209197541628 0.8320001577592742 0.05487318380210835 0.08275031551854832
28 0.9093828365382087 0.830974113815324 0.10407468775644091 0.10290970282385174
28 0.46185923771707244 0.7446020754811713 0.10713602076024671 0.101438131037097
28 0.37372256775512847 0.7264310855103012 0.1086985207602467 0.10148359514371955
28 0.8279909150933902 0.8059764623242559 0.0826798488211363 0.07575616943775679
28 0.6776579926599883 0.77429089014179 0.08118101581733086 0.07727320533113406
28 0.7531991621276406 0.7897544172596787 0.0811173488211363 0.07571070533113407
28 0.28911014581601824 0.6989987558059878 0.08267984882113648 0.07575616943775679
28 0.6064541547132668 0.7503700053437694 0.0706600098858317 0.04887542069139812
28 0.5411010687437117 0.7359832449189281 0.0706600098858317 0.04887542069139812
28 0.7536090445234239 0.6274590057394807 0.10346719269935693 0.12630173871722902
28 0.9531368940488166 0.6506932319202974 0.09372621190236678 0.09844952335696497
28 0.8567340445234238 0.6304596367765777 0.11931768577927464 0.09398934389007838
28 0.6811464541052444 0.5917966388881488 0.07493101581733086 0.07709134890464338
28 0.6157297011394949 0.5758473784633076 0.0686173488211363 0.07534699247815269
28 0.5505039491623286 0.5645856180384662 0.07174234882113648 0.07543792069139794
28 0.13695610231835856 0.4885660579967011 0.1270665187830803 0.09265416442319178
28 0.3947977772232184 0.5350846714828208 0.12850168479069152 0.0895746285298145
28 0.26584510627269126 0.5110441147397609 0.13149935079830274 0.08654055674305994
28 0.4859321131927734 0.5502215896669362 0.07186968281352506 0.07856292069139811
28 0.8667908409496521 0.45595974194942723 0.12783052273741297 0.11140416442319179
28 0.9611152080223961 0.4722643550398355 0.07776958395520772 0.10741534639736088
28 0.7407085020143473 0.42576011341961273 0.12913835475263546 0.1051996285298145
28 0.6171927475657231 0.4010974310497323 0.13344385277546902 0.09596102084968261