28 0.3031130711408075 0.05958966520006527 0.09269151878308027 0.0895806504675382
28 0.3922710716350991 0.05776406566760347 0.08969385277546911 0.09268746974937898
28 0.9259869776825165 0.9016934111930445 0.07926568874502422 0.10512383723582168
28 0.7477983106863221 0.902219610257968 0.09658052273741298 0.10834883118569749
28 0.8424250611806137 0.9004258269822849 0.09658052273741298 0.10834883118569749
28 0.651672727188225 0.9024418031745716 0.09827035672980174 0.11148292154477701
28 0.5548613941844194 0.9003157009116354 0.09983285672980173 0.11149201190385653
28 0.2246393363894846 0.7772720688890573 0.081372016805914 0.0801420179539809
28 0.14651433638948463 0.7768175509350764 0.07993685079830275 0.08325792759490139
28 0.7188350053628454 0.7692071223582164 0.06029551285158128 0.06127384328594587
28 0.062234836883776214 0.773982921544777 0.08969385277546908 0.09268746974937905
28 0.6634299223590399 0.76732191461089 0.060613847832553344 0.06908634328594587
28 0.29764575486855377 0.7691010205862595 0.06654551285158128 0.06131020472226432
28 0.43133500536284536 0.7675344962875668 0.06354784684397004 0.06441702400410491
28 0.36414750536284535 0.7671436108471432 0.06654551285158128 0.06131020472226432
28 0.6067806743362061 0.757615116504484 0.04840300790866543 0.03777271077238851
28 0.5490318413324005 0.7557162732185382 0.04846667490485963 0.03933521077238851
28 0.4911556743362061 0.7569424299325924 0.04833934091247087 0.03621021077238851
28 0.9108062825488826 0.6413871702682309 0.1068813527754692 0.09278746369925486
28 0.803679532054591 0.643108230671277 0.10531885277546911 0.09277837334017516
28 0.6990556990507855 0.6409366766129426 0.1084438527754692 0.09279655405833438
28 0.5857744490507855 0.6402776255796703 0.0991325197716634 0.09430451190385672
28 0.1527072810660079 0.6440095961146163 0.10063135277546911 0.09275110226293641
28 0.3622096150583967 0.642102704231285 0.1037563527754691 0.09276928298109546
28 0.2622096150583967 0.6415209212501894 0.09750635277546901 0.09273292154477701
28 0.04837056197782263 0.6441590661585828 0.09674112395564526 0.09277837334017516
28 0.47721253254888263 0.6388645956236368 0.09763368676785796 0.09585792154477701
28 0.15374981072350313 0.5033573250373774 0.09218218281352519 0.07708065046753827
28 0.24993906121779474 0.5015726321207739 0.09843218281352524 0.07711701190385671
28 0.04637299256703567 0.5034613432859458 0.09274598513407134 0.07562723477649361
28 0.513602313194961 0.4937293576256894 0.08711268083635879 0.06767837939029935
28 0.7981683141835443 0.49069630297817995 0.08542284684397003 0.06454428903121964
28 0.6082290636892527 0.4919355743500063 0.10273768083635879 0.06776928298109546
28 0.4284460631949611 0.4932339330558502 0.07904551285158128 0.0613829275949012
28 0.7059808141835442 0.49015997179248244 0.08711268083635879 0.06767837939029935
28 0.9037643981759331 0.4881849022160541 0.09792284684397004 0.06461701190385671
28 0.34257223019115546 0.4911714633064713 0.09447951186299815 0.056786331185697494
28 0.521597838403832 0.3742162883438487 0.0894391847906915 0.08643746974937896
28 0.4270984219019292 0.3728850716195318 0.09712435079830276 0.0833579215447771
28 0.6218206728905123 0.3693293213249442 0.0920548488211363 0.07395565046753819
28 0.28616967437338714 0.3603436441228264 0.052355678859192525 0.05810339149054773
28 0.22051284087528994 0.3607430990414825 0.060104511862998124 0.056586343285945875
28 0.34479525787148435 0.35990328258831206 0.053790844866803675 0.05498748184962743
28 0.15804467437338715 0.35959823467829777 0.05704317885919252 0.05813066256778665
28 0.09391850737719276 0.36078802995603343 0.0601045118629981 0.056586343285945875
28 0.030328839905297306 0.3619778252337691 0.06065767981059461 0.058157933645025486