28 0.828908769351734 0.8681899289827024 0.22113485376405215 0.10066602191409721
28 0.8151208419754162 0.81761323052483 0.2194450197716634 0.09751374837514674
28 0.7974903315952929 0.7686672159143335 0.21775518577927463 0.09436147483619664
28 0.712688272774594 0.4910428222449994 0.223143022737413 0.11163079545304769
28 0.6790825939154016 0.43377579302400615 0.19769735376405234 0.10025691882984215
28 0.6479042366913083 0.320958193186162 0.1928825197716634 0.09705009821299111
28 0.6611019150562092 0.3762360284135096 0.1928188527754692 0.0954875982129911
28 0.7528662396942387 0.7287922382354678 0.1607411818249421 0.07462962743398442
28 0.6062778107978651 0.2779036684293956 0.14817751482874755 0.07284893912238158
28 0.5571824417107738 0.10910880398105482 0.15675401878308043 0.0917353068171333
28 0.5745357208739774 0.24718550243892726 0.09597834486680376 0.05632391233702041
28 0.5611934624710204 0.20754630398105484 0.09916701186299814 0.05794095941492108
28 0.5448217045623551 0.17030540260108307 0.09291701186299797 0.05783186525911974
28 0.5752399412908442 0.8976355158316078 0.18589769072219048 0.1172262305182393
28 0.5525890084773192 0.821413935068487 0.1890226907221905 0.11728077759614024
28 0.5291886591618911 0.7459872410748416 0.18264535672980173 0.11404668344033872
28 0.5058201433445604 0.6713417970811959 0.18251802273741297 0.11092168344033873
28 0.48726646151961833 0.5997395324706993 0.1777668557412186 0.10927736282348768
28 0.4635941981737455 0.536826475246529 0.17706651878308038 0.09208986282348768
28 0.4497107703031361 0.4839060267886565 0.1801915187830804 0.09214440990138843
28 0.39551140714754374 0.343345256496117 0.14093801779449713 0.08677507142762994
28 0.37705322581689327 0.27408674188562043 0.14269151878308026 0.09148984496658023
28 0.400960252508639 0.40032195941821636 0.13398768083635884 0.06947847727182861
28 0.41358492790779033 0.44153729464556396 0.1292365138401644 0.06783415665497756