28 0.3341022799968183 0.025382836843038194 0.1474204400063634 0.047729493753484065
28 0.3194125239895005 0.07920727361132163 0.14654883068109026 0.10709540339440445
28 0.31855800131286455 0.15264477361132162 0.11813292934436319 0.08193177693097135
28 0.3053852919716831 0.2103845507386847 0.12287497334499946 0.08664654800821019
28 0.29064099196372895 0.2688964875069681 0.12127611067790856 0.08351245764913048
28 0.24648936059836676 0.5045930929913582 0.10726815467854492 0.0881181444174139
28 0.23007347258913993 0.572470939400562 0.10886701734563582 0.09125223477649361
28 0.2945830572883657 0.332986258584207 0.08510225334181776 0.06299087939029935
28 0.18364172589118682 0.8026851593463327 0.09783861067790856 0.08337610226293615
28 0.20724340523555 0.7215669695529872 0.09331474267981757 0.09741133118569749
28 0.17030538454809635 0.8744874364736959 0.0946954293443631 0.08179542154477701
28 0.23086326591345854 0.6388862797596417 0.07738066000954502 0.07075792759490121
28 0.17829005987432395 0.9268811834486337 0.042605670671545234 0.03618293969514959
28 0.3679809105665501 0.7396907765381879 0.08690111067790855 0.08331246974937905
28 0.3851416859086861 0.6749424753085238 0.08690111067790855 0.08331246974937905
28 0.40401950258595826 0.5969220144379395 0.09008065467854483 0.08801815046753828
28 0.4474529712762754 0.42294415895354937 0.09024428668045381 0.10208065046753814
28 0.42838425059677593 0.5173708698241337 0.09017156134627217 0.09583065046753828
28 0.5358551366565913 0.0773412883438487 0.08050566000954511 0.0707761083130605
28 0.5070477893061831 0.2029634570599554 0.0773806600095451 0.07075792759490122
28 0.47271714795513836 0.3332413095192834 0.09336928668045381 0.10209883118569749
28 0.49078644263209253 0.2575600534691592 0.08046929734245403 0.06765110831306051
28 0.5218284519812281 0.14132652029167195 0.08054202267663584 0.07390110831306052