28 0.6765625 0.41953125 0.053125 0.0484375
28 0.73359375 0.42109375 0.0484375 0.0484375
28 0.78828125 0.42109375 0.0484375 0.0484375
28 0.4140625 0.4890625 0.03359375 0.040625
28 0.48671875 0.4890625 0.0296875 0.03828125
28 0.45 0.4890625 0.02890625 0.03984375
28 0.0734375 0.5203125 0.04453125 0.07578125
28 0.021875 0.5203125 0.04296875 0.06484375
28 0.365625 0.521875 0.05859375 0.06640625
28 0.303125 0.521875 0.05859375 0.06640625
28 0.5625 0.525 0.03984375 0.05625
28 0.6046875 0.52578125 0.03828125 0.0578125
28 0.5203125 0.52578125 0.03984375 0.0578125
28 0.690625 0.525 0.03984375 0.05625
28 0.64765625 0.52734375 0.0421875 0.0578125
28 0.19296875 0.5265625 0.0484375 0.06015625
28 0.2453125 0.528125 0.05625 0.05625
28 0.446875 0.5328125 0.02890625 0.040625
28 0.4125 0.534375 0.02890625 0.04296875
28 0.48125 0.534375 0.02890625 0.040625