28 0.42990118894346746 0.7574090539065729 0.06930327792830404 0.10186402837152997
28 0.16442999717492487 0.7175498981923628 0.06461577792830413 0.10172763605166182
28 0.271218907735803 0.7339441248353978 0.06642393939369332 0.10646060015828454
28 0.21854428708901663 0.726896154460569 0.07094766508343389 0.10347199247815268
28 0.375705011874246 0.7496252976383669 0.06477955223856355 0.10485263605166181
28 0.325578859115284 0.738602881103604 0.06149077792830413 0.10163670783841657
28 0.01989093962083599 0.6775195947480082 0.03978187924167198 0.07493781551854858
28 0.2031317282917323 0.5744531160599091 0.04744156603337357 0.041943459092057725
28 0.2487341553609538 0.5824869249145401 0.03773901741285455 0.035420674452321596
28 0.15206055122251083 0.5665784315784577 0.050484678878243816 0.040471887305303156
28 0.8402046031223902 0.6682446361846759 0.0939690852552502 0.12598348997087
28 0.7691075310961228 0.6554922350893192 0.08599281094499105 0.12263116943775679
28 0.9122466994589171 0.6778493052267212 0.06855964947960161 0.11744356426490725
28 0.7001052255781989 0.6325381198873399 0.07522572930778501 0.09579588479802066
28 0.6343540728192368 0.6219703444188038 0.07514384215265543 0.09423338479802065
28 0.5128442429910534 0.6036642767886843 0.07374511646291496 0.09731292069139794
28 0.5732904200602749 0.6112661766303997 0.07522572930778501 0.09579588479802066
28 0.29066934984302983 0.5563048581423503 0.056646147670579336 0.06873327962517131
28 0.39363389755903766 0.5712502450519421 0.0598530348257091 0.07038670783841657
28 0.3441252204898162 0.5633300964638679 0.058290534825709096 0.07034124373179385
28 0.20143643148023563 0.5323792763264659 0.04587906603337351 0.041897994985435005
28 0.15423056083344924 0.5251721815784577 0.05064845318850333 0.04359688730530316
28 0.2472026328597166 0.5372880851810968 0.049249727498762844 0.04667642319868044
28 0.8457253420411137 0.5331338502912986 0.09249511646291494 0.09785848997087018
28 0.7582220200148463 0.52085882231548 0.08920634215265544 0.09464256175762494
28 0.6786540287212736 0.5060127238065482 0.09405761646291495 0.09790395407749272
28 0.9287458819552054 0.5416390205869851 0.08731629353213606 0.08834709765100221
28 0.6038144810052658 0.49024898297774816 0.07440685775648763 0.08017088479802066
28 0.5412702154014335 0.47802777929596674 0.07119997060135788 0.07851745658477523
28 0.47958908695273106 0.464221343560874 0.06922803482570909 0.07065949247815269