28 0.3095907069617595 0.5760004603796051 0.09272383118569749 0.09272383118569749
28 0.2943333456236369 0.5048203519683486 0.09112496974937896 0.08646474082661797
28 0.2163567739059092 0.12703571955298726 0.09746587334017516 0.10212610226293628
28 0.3439298664062882 0.7043209030998169 0.07073974687674198 0.07384656615858276
28 0.33028500204310346 0.6417436350476401 0.07232042759490129 0.07698065651766246
28 0.21132384026088377 0.0676334484757484 0.06430793969514967 0.042560204722264336
28 0.3692389386149951 0.7575913488450908 0.04565793364502539 0.05963862041330899
28 0.34869761699546337 0.31529930971567516 0.0597386143631848 0.06284543364502548
28 0.37119985177195697 0.42323907474278977 0.06444429508134401 0.06599770472226432
28 0.3848038095192834 0.4787850927949665 0.06599770472226432 0.06444429508134401
28 0.36151577956325 0.3700595325883121 0.0628636143631847 0.0628636143631847
28 0.4776736073311019 0.7308793788011242 0.1053238251355733 0.10998405405833438
28 0.4630656857863248 0.6370475655694076 0.09432269262201594 0.09898292154477702
28 0.4461458304983264 0.5486708667990716 0.09277837334017516 0.10209883118569749
28 0.4386600625443455 0.4705049601832133 0.0628454336450254 0.0597386143631848
28 0.4145816922292324 0.3602123547970191 0.06284543364502544 0.05973861436318471
28 0.40331693930236623 0.30389872228346176 0.06444429508134389 0.06599770472226432
28 0.4273862192583996 0.412628827669656 0.06284543364502544 0.05973861436318475