28 0.4057689637109113 0.14839503074160035 0.06252874373179385 0.05504202400410509
28 0.4198829394960164 0.0928535578689634 0.05954013605166186 0.05971134328594585
28 0.8203634141604944 0.9599076850197676 0.10204588479802083 0.07089428298109546
28 0.8571312914366676 0.8237792874790955 0.09776756175762458 0.08492951190385663
28 0.836267210478713 0.896544621788051 0.09942098997087001 0.08806360226293641
28 0.8725493544479338 0.7502645194269189 0.09772209765100186 0.08336701190385672
28 0.9254483485754388 0.5429605586545303 0.0978130258642473 0.08649201190385672
28 0.9523100284380369 0.3982974984478759 0.07428459765100222 0.08323065651766245
28 0.9713364762473237 0.2544611400366195 0.04477895407749273 0.08930793969514968
28 0.9069962137774183 0.6133685074248663 0.0978130258642473 0.08649201190385672
28 0.9614098952893688 0.32716284183201755 0.06035848997087001 0.08783634328594588
28 0.8870270430860202 0.682223046554282 0.09937552586424729 0.08650110226293642
28 0.9416703936400163 0.4686599954228138 0.08669366943775678 0.08017837939029934
28 0.9811948610453441 0.1841031882412214 0.029063025864247295 0.08609203610435348
28 0.10115200837977723 0.2282790152235064 0.07865384890464333 0.07232042759490123
28 0.11886835728442055 0.1563131116327102 0.0771822771178887 0.07543633723582163
28 0.13399090360263913 0.09295459358053344 0.07235838479802066 0.0707215661585828
28 0.14125548581423503 0.031717632611753185 0.07061402837152993 0.06343526522350637
28 0.7172376611244865 0.15517525410521663 0.06316524122451135 0.07691702400410509
28 0.5789226895625235 0.5598178231906656 0.09124477711788863 0.07551815046753826
28 0.5925281999873647 0.4949058954975685 0.0883016335443795 0.08174996974937905
28 0.6639929891794474 0.21328773595484402 0.08825616943775678 0.08018746974937896
28 0.6440010864347381 0.2829235250842596 0.08365959765100221 0.08328519867214013
28 0.6062246386254513 0.42686896780447137 0.0867391335443795 0.08174087939029935
28 0.6230915413701607 0.357251359393215 0.08356866943775679 0.08016019867214012
28 0.6700360521907134 0.13982751005714494 0.07254024122451135 0.0769715661585828
28 0.39765700303600787 0.8030188982280431 0.07677310015828454 0.06137383723582168
28 0.38452886573070477 0.8515245759211402 0.07511967194503918 0.05823974687674216
28 0.4109669967678017 0.7482632205349459 0.07681856426490725 0.06293633723582168
28 0.4122399917532368 0.7045132205349459 0.057477530878812286 0.04251475292686617
28 0.42919782271119145 0.6317706121236896 0.05426160266556703 0.03937157220870695
28 0.4212118264721152 0.6646240187395478 0.057477530878812334 0.04251475292686635
28 0.43899637153669246 0.5903143651487517 0.05922188730530316 0.048773843285945875
28 0.44718695625557087 0.5504297085328933 0.057568459092057725 0.04563975292686617
28 0.4585252730277606 0.5097456211988758 0.057568459092057725 0.04563975292686617
28 0.4870487412910184 0.388506425453602 0.05292642319868044 0.04717498184962743
28 0.4667613218532617 0.46829846458301755 0.055960494985435004 0.04406816256778665
28 0.47722746041220604 0.43074392242853976 0.054397994985435 0.04405907220870695
28 0.4976740042231421 0.3454831332991242 0.054397994985435 0.04405907220870695
28 0.5081628748353978 0.30714734114464654 0.05761392319868044 0.047202252926866174
28 0.5084500313410307 0.27043313632418636 0.03859113855894449 0.037718168617910844
28 0.5135156160599091 0.23056666042648727 0.04180706677218975 0.040861349336070066
28 0.5255897187254762 0.19144052791292995 0.04180706677218975 0.040861349336070066
28 0.5313001611244865 0.15625700683569113 0.03859113855894432 0.037718168617910844