28 0.0597852108079174 0.2832276886380866 0.09923913354437944 0.08406877461060622
28 0.07874214779665138 0.3572789540774928 0.08986413354437942 0.08379598997087019
28 0.13227735860456877 0.6403247862890887 0.08816524122451136 0.07906302586424747
28 0.1460610622863502 0.7040606773553156 0.07709134890464334 0.07405727711788863
28 0.0942020117449895 0.4171540592503423 0.07989810015828458 0.06321070533113407
28 0.10297160649299772 0.46510582594338973 0.07663670783841652 0.058432277117888634
28 0.17139837991646972 0.8275580133278352 0.07709134890464328 0.07405727711788863
28 0.1845372259181192 0.8865836723407506 0.07548338479802066 0.07244931301126592
28 0.1638646762346883 0.764003978688099 0.07392088479802066 0.0724038489046432
28 0.18023410312778543 0.28204092484803306 0.07627299498543509 0.04593227711788872
28 0.18559755304864317 0.3126915312745238 0.07797188730530316 0.05066524122451135
28 0.17031118533938136 0.21998119404836297 0.07779003087881238 0.04441524122451135
28 0.1986682028903586 0.37406094028743925 0.07319345909205777 0.04740384890464337
28 0.2574077392459543 0.6932261289255259 0.08811977711788863 0.07750052586424747
28 0.2459223214575502 0.6311209340192331 0.08811977711788863 0.07750052586424747
28 0.17797292115361638 0.25226249663478767 0.07779003087881238 0.04441524122451135
28 0.19486725296950086 0.3434557979675712 0.07783549498543504 0.04597774122451135
28 0.2077105822781029 0.41263770698048674 0.07360263605166191 0.06146634890464324
28 0.21877846291948844 0.46222016983346814 0.07525606426490725 0.06463681301126592
28 0.2831315017823666 0.8034422148980456 0.07543792069139794 0.07088681301126591
28 0.27300399551416044 0.7484137340983754 0.07373902837152997 0.06615384890464338
28 0.2939038657307048 0.863180927751027 0.07543792069139794 0.07088681301126591
28 0.30695178351910885 0.9253315867639424 0.07387542069139794 0.07084134890464319
28 0.23556514614729873 0.503368007059629 0.05761392319868044 0.048511707838416386
28 0.2490987972426554 0.5756976481258558 0.05131845909205772 0.046767351411925874
28 0.24306775758835436 0.5411180596460538 0.054397994985435 0.045295779625171305
28 0.39020220421050683 0.858945720308322 0.06284699247815251 0.06739810015828454
28 0.3701290481005852 0.7426387587089817 0.035375210345698974 0.03537521034569906
28 0.36018339825886975 0.6813602779093115 0.03376724623907634 0.03376724623907634
28 0.36556958023303887 0.7112296343358022 0.03376724623907634 0.03376724623907634
28 0.27851013024567417 0.20983696740532798 0.06703438730530316 0.050346992478152594
28 0.28594454552679577 0.24993076999175273 0.07029577962517113 0.05512542069139794
28 0.31767661566419775 0.39550769444407435 0.06574467194503927 0.059676528371529966
28 0.32722746041220596 0.4434821931904331 0.0688696719450392 0.059767456584775405
28 0.3360425192668369 0.4898714598834806 0.0688696719450392 0.059767456584775225
28 0.3449030422280905 0.5346982265765281 0.0688696719450392 0.059767456584775405
28 0.3029812813410308 0.28248485721791355 0.05122753087881238 0.04364235141192578
28 0.31667405680956684 0.34934574828414033 0.0512729949854351 0.04520485141192578
28 0.31055208894202047 0.3178911598043383 0.049665030878812376 0.04359688730530316
28 0.39914294668865946 0.793525308788124 0.061193564264907255 0.06422763605166182
28 0.3608630113492781 0.5773858317493775 0.049755959092057725 0.046721887305303154
28 0.3728568944979461 0.6488887587089817 0.05122753087881238 0.04364235141192587
28 0.4215371207452697 0.910681716547398 0.06289245658477523 0.06896060015828454
28 0.3691923368969564 0.6135961163891135 0.0512729949854351 0.04520485141192587
28 0.38828566620555843 0.6829598818285197 0.03376724623907625 0.03376724623907634
28 0.39521161612641614 0.7136559523616332 0.03220474623907634 0.03372178213245362
28 0.40131085194065114 0.7458917908414352 0.033812710345699014 0.035329746239076344