28 0.575 0.88359375 0.03515625 0.0578125
28 0.61796875 0.884375 0.0359375 0.05859375
28 0.53359375 0.89296875 0.0328125 0.0453125
28 0.9546875 0.16796875 0.08203125 0.1234375
28 0.871875 0.175 0.078125 0.11328125
28 0.790625 0.175 0.08046875 0.11875
28 0.7078125 0.178125 0.078125 0.11640625
28 0.4 0.3671875 0.03984375 0.0375
28 0.44375 0.365625 0.03125 0.03515625
28 0.36015625 0.36875 0.0328125 0.03515625
28 0.90390625 0.3703125 0.0796875 0.08671875
28 0.5546875 0.37734375 0.06953125 0.0828125
28 0.71875 0.3796875 0.06953125 0.06484375
28 0.8046875 0.3828125 0.08046875 0.06875
28 0.634375 0.38359375 0.07421875 0.0671875
28 0.1859375 0.3890625 0.05546875 0.071875
28 0.4890625 0.390625 0.04296875 0.05859375
28 0.1265625 0.39375 0.05625 0.071875
28 0.071875 0.39375 0.05859375 0.071875
28 0.23828125 0.39453125 0.0640625 0.0640625
28 0.01875 0.39921875 0.0375 0.0515625
28 0.44921875 0.4046875 0.0328125 0.03125
28 0.3609375 0.40625 0.03984375 0.0375
28 0.4046875 0.40859375 0.03515625 0.0296875
28 0.05546875 0.528125 0.0828125 0.07421875
28 0.303125 0.7390625 0.06640625 0.05625