28 0.1546875 0.2375 0.09609375 0.13671875
28 0.25625 0.2375 0.09765625 0.134375
28 0.0578125 0.2375 0.08515625 0.13125
28 0.86328125 0.2453125 0.1140625 0.11875
28 0.728125 0.24609375 0.13125 0.1109375
28 0.346875 0.2515625 0.08046875 0.09765625
28 0.62265625 0.253125 0.0796875 0.09375
28 0.43671875 0.2546875 0.0796875 0.09765625
28 0.5421875 0.25546875 0.078125 0.0953125
28 0.95703125 0.2734375 0.0640625 0.06015625
28 0.06875 0.43125 0.13125 0.14765625
28 0.31953125 0.44140625 0.0953125 0.1234375
28 0.19921875 0.44453125 0.1265625 0.1234375
28 0.428125 0.4578125 0.10703125 0.09609375
28 0.55546875 0.46015625 0.1140625 0.0984375
28 0.67421875 0.459375 0.1109375 0.103125
28 0.771875 0.465625 0.06875 0.09609375
28 0.85703125 0.4671875 0.0671875 0.09375
28 0.9390625 0.46796875 0.078125 0.0953125