28 0.07890625 0.1921875 0.0421875 0.0625
28 0.025 0.19375 0.04453125 0.06015625
28 0.653125 0.32890625 0.05390625 0.1046875
28 0.71484375 0.33125 0.0515625 0.10546875
28 0.7828125 0.35 0.07109375 0.0625
28 0.86171875 0.35234375 0.0671875 0.0609375
28 0.9390625 0.353125 0.06875 0.05625
28 0.271875 0.45625 0.08515625 0.08984375
28 0.18203125 0.45625 0.0828125 0.08984375
28 0.0890625 0.46328125 0.08515625 0.0796875
28 0.3640625 0.4625 0.08515625 0.09140625
28 0.66796875 0.475 0.0515625 0.07421875
28 0.728125 0.4765625 0.053125 0.07109375
28 0.78984375 0.478125 0.0515625 0.07421875
28 0.8484375 0.478125 0.053125 0.071875
28 0.909375 0.48046875 0.05390625 0.0734375
28 0.45390625 0.4796875 0.0421875 0.05390625
28 0.5515625 0.48125 0.03828125 0.053125
28 0.60703125 0.48125 0.0421875 0.05546875
28 0.5015625 0.4828125 0.046875 0.05546875
28 0.9046875 0.72890625 0.03359375 0.0328125
28 0.8640625 0.7296875 0.03984375 0.03125
28 0.853125 0.7640625 0.03984375 0.03125
28 0.9 0.7640625 0.046875 0.03125
28 0.890625 0.903125 0.0625 0.06640625
28 0.821875 0.9078125 0.0625 0.06015625