28 0.17895260080900804 0.9363226257593057 0.07372839149054777 0.05170927678548622
28 0.18573841111385836 0.9764095707634375 0.07372839149054777 0.04718085847312494
28 0.0950342022863774 0.3186610406531945 0.07220225292686624 0.05792290919430556
28 0.08754441003370383 0.26301045269729173 0.0706761143631847 0.06413654160312507
28 0.08083132260149047 0.20815929853697926 0.06907725292686621 0.0578501740119445
28 0.1937605102535367 0.8085249340799308 0.05178975897699045 0.040262630508958355
28 0.20737303747909558 0.8861959924005557 0.05179884933607006 0.04182513050895835
28 0.20057359163562585 0.8461885882402432 0.05179884933607006 0.04182513050895835
28 0.2594122604499284 0.9397580567051044 0.09407725292686626 0.05843205547083343
28 0.2669702303956991 0.9799985841561807 0.0893261204133089 0.04000283168763872
28 0.1556449702403583 0.24193619291364596 0.08631020472226432 0.06606271751493065
28 0.16547396731349207 0.29842258225631957 0.08476588544042359 0.06915134992375008
28 0.14816881352630415 0.18394185495774318 0.08474770472226431 0.06602634992375007
28 0.2651537212223169 0.8930103432742363 0.0674693011314682 0.050001306420763926
28 0.2515639198944571 0.8114330349536114 0.06587953005422928 0.04527743882958353
28 0.25914916091746665 0.8506773729095141 0.0643261204133089 0.04680357123840295
28 0.27418134680198725 0.2814188798433683 0.028343168617910842 0.03815461664124999
28 0.2697347413175971 0.2399035270698266 0.02989657825883114 0.03662848423243057
28 0.2841239733636162 0.3183740191860419 0.03302157825883114 0.03670121941479163
28 0.24867332845522294 0.09955063079329882 0.06278180113146811 0.049892203647222286
28 0.258565958041914 0.14509952013597244 0.06279089149054773 0.05145470364722229
28 0.2653290424490653 0.19135692429628492 0.06278180113146811 0.049892203647222286
28 0.2901467143866258 0.35758198955076415 0.058085210772388506 0.04822060087368065
28 0.2977228650505558 0.39838882750666693 0.058076120413308896 0.04665810087368065
28 0.3099415847999348 0.31272408444052113 0.0314227168225127 0.030414851823611144
28 0.3054904341360048 0.2719899816669794 0.03774543969514967 0.043060322188333354
28 0.30025803347207486 0.23123769509784747 0.039289758976990455 0.03997168977951393
28 0.359313829142594 0.5560935311538892 0.10824883723582168 0.07750936379145834
28 0.3706416937021705 0.6235537880877434 0.10511474687674198 0.07587412860909737
28 0.28415683138208914 0.04411890159486135 0.08925339754067192 0.03488545269729175
28 0.35064333197126435 0.43478157560680586 0.08631020472226432 0.06606271751493065
28 0.3612353983262389 0.4944111487450698 0.0863011143631847 0.06450021751493047
28 0.3110233375304093 0.1267865844405211 0.0643443011314682 0.049928571238402865
28 0.32092505747617994 0.17077297378319473 0.06278180113146811 0.049892203647222286
28 0.35250581382089174 0.38325544319798643 0.06436248184962742 0.05305357123840278
28 0.34652852459328026 0.3362349728332642 0.06279998184962743 0.05301720364722229
28 0.33630461778103027 0.2133241496950003 0.04241475897699045 0.04004442496187499
28 0.3430995184449602 0.25411280385531276 0.04400453005422929 0.04476829255305557
28 0.34991714500658916 0.2909952080156253 0.04243293969514976 0.04316942496187508
28 0.49021034690018317 0.35129954122187546 0.09421360831306043 0.08186955547083344
28 0.5022967355620606 0.4226842319513199 0.09421360831306043 0.08186955547083344
28 0.5197246091968233 0.5160712092498964 0.08462953005422928 0.04571384992375016
28 0.5362939647794093 0.6227212527528824 0.0846477107723885 0.04883884992375016
28 0.5144558470965749 0.48156892268076434 0.0846477107723885 0.04883884992375016
28 0.5294672478587007 0.58740134859257 0.08621021077238851 0.04887521751493047
28 0.5249933712970718 0.5505734958190283 0.08463862041330898 0.04727634992375016
28 0.4739091569104458 0.19855574771888929 0.0848386083130606 0.08165134992375007
28 0.4883165696746243 0.27390123983510456 0.0770079275949012 0.07834451196784728