28 0.071669124957591 0.39126934265595503 0.143338249915182 0.13613858935390813
28 0.9358754355798791 0.43814631787082414 0.09867560217691818 0.05268974267981754
28 0.9422816922033009 0.3888730238701878 0.08935516587924894 0.054143154678544914
28 0.9472072943802191 0.3372741612030969 0.08321429328391083 0.0571954293443631
28 0.9537226784083028 0.2848758672024606 0.07367560217691818 0.052398841343090474
28 0.12447915562763008 0.08054947131604626 0.14088294954451305 0.09847495735199914
28 0.138298608167368 0.021475010662000214 0.142152783665264 0.04295002132400043
28 0.10243299691995711 0.28697219398472795 0.12235120435383648 0.10450678134945379
28 0.12467507386913187 0.18675401798218264 0.11459326805616735 0.10597837468172662
28 0.2691170107149552 0.3888966786282745 0.1755307680561673 0.10668744668999892
28 0.28860610989664853 0.30042452462604735 0.1757490228654907 0.11293744668999892
28 0.31792407686435675 0.22120919195577474 0.1464236214142119 0.07823518268618093
28 0.3462450282229684 0.08109272195259308 0.13786707694917483 0.10156359468490825
28 0.3466964068087564 0.1576188592855022 0.10552580290255768 0.06994996801399936
28 0.49725193439875265 0.36359504459741226 0.14677085099579196 0.1329045013526354
28 0.5168600846689051 0.24935073126195784 0.14677085099579196 0.13290450135263548