28 0.4302416518826119 0.8009226707733905 0.07037268415851475 0.05703373920022692
28 0.4286938334102907 0.8546652296663979 0.0644867052052021 0.0630654843909035
28 0.4268197912463288 0.91619300670824 0.06586719468185845 0.05999504809323426
28 0.4880471756307224 0.7358904370154594 0.11316639988706054 0.12246033175849824
28 0.49174205205202115 0.6253076010806099 0.11463789462538862 0.120952395460829
28 0.5035301495341248 0.5064311155085802 0.09873987884037305 0.11571925843752062
28 0.5214416314712091 0.131259989918017 0.09930132096198285 0.09858632213985134
28 0.49401572554601786 0.8249802188666248 0.07257222099021768 0.06802580290255769
28 0.49264991759704035 0.8818477777596321 0.07569722099021767 0.06813493030721958
28 0.48939538595642207 0.9464459910991433 0.0769867052052021 0.06350199400955034
28 0.5163571022496652 0.418777348085385 0.07293624203690499 0.07427580290255768
28 0.5248913971150502 0.284194016959859 0.06981124203690499 0.07416667549789598
28 0.5271826682323247 0.2164435217691824 0.07311825256024881 0.07740080290255769
28 0.5363771157567807 0.05303578619715269 0.06944722099021768 0.06791667549789596
28 0.5225546233669398 0.35116326215053556 0.07293624203690499 0.07427580290255768
28 0.6530057757436619 0.6231424442718534 0.12502936305535747 0.1119593413771451
28 0.6435606992376586 0.822405834290387 0.12695588410204514 0.11826390507947586
28 0.6486283598598244 0.7220065302067029 0.12695588410204497 0.11826390507947586
28 0.6392287859846568 0.9220511702252363 0.12199536831702958 0.1134127139724832
28 0.6867334315276787 0.07777786976974943 0.10335178413027997 0.08781251324684392
28 0.6835999972279897 0.17122776940692971 0.11280237884037306 0.1162103317584982
28 0.6745629863517102 0.5381325272114781 0.08643729991529554 0.09189981252120454
28 0.6787506864364148 0.44939740942546325 0.08643729991529536 0.09189981252120454
28 0.6838561444136271 0.36303332349061374 0.08460178413027997 0.08715774881887359
28 0.6909868339749881 0.2712823331092606 0.08469278939195171 0.0887202488188736
28 0.8034131123494859 0.876326986374638 0.11060284200867017 0.10521826805616712
28 0.8122512441030436 0.6934152826537736 0.11685284200867016 0.10543652286549073
28 0.8081090466491749 0.7829316504397885 0.113909852532014 0.10845239546082901
28 0.8001886727881249 0.9589608600662846 0.1118923262236546 0.08207827986743084
28 0.8330279337349917 0.5280730248492252 0.08754477360693613 0.0841418762235353
28 0.836472181174743 0.45334584336087963 0.08818181043863901 0.09507937622353531
28 0.8299477073419279 0.6090502063375711 0.0892892841302797 0.08732143992586608