28 0.2762988285836862 0.8291503532325797 0.06187552586424747 0.08835684585538672
28 0.2206027580505728 0.8392230315974805 0.06808006175762475 0.08704901384016459
28 0.16568793751745942 0.8492638764642841 0.06490959765100209 0.08535917984777583
28 0.32623063242375216 0.829456759354359 0.05342652837152997 0.06616351087441492
28 0.46416254143666774 0.8090103136892527 0.05659699247815268 0.06785334486680376
28 0.3724835067969316 0.8221098329666245 0.04873902837152997 0.0659725098858317
28 0.4187363811701109 0.81476290657889 0.05342652837152997 0.06616351087441501
28 0.5119551837565357 0.8023809703053237 0.05503449247815269 0.06778967787060922
28 0.5590347722363378 0.793439710419492 0.05503449247815269 0.06778967787060922
28 0.6034978260764037 0.7939689510279518 0.040517351411925875 0.05159167490485981
28 0.7540206633025646 0.7698881693932902 0.048329851411925875 0.0519100098858317
28 0.7163615389293853 0.7768849273019556 0.04681281551854859 0.05340884288963732
28 0.6402847722363377 0.7901290266173836 0.045341243731793844 0.05647017589344294
28 0.6779666286628284 0.7823510187087181 0.040517351411925875 0.05159167490485998
28 0.8746741441022348 0.7532670606863221 0.04525031551854823 0.05334517589344294
28 0.7954951094624986 0.7658572439941389 0.04368781551854841 0.053281508897248565
28 0.8346485376757439 0.7611405690892791 0.04525031551854823 0.05334517589344294
28 0.6403843414493029 0.3039832795831331 0.11167694906292791 0.137205522737413
28 0.7284155388628782 0.30897984429815006 0.07093227711788863 0.07780134783255317
28 0.7908700747562556 0.3079956644503744 0.061102636051661816 0.0617943458553869
28 0.8527706811827462 0.2992308181006959 0.06422763605166182 0.061921679847775656
28 0.4108379307870348 0.4694013270351255 0.05718802586424747 0.08816584486680376
28 0.5738380359598843 0.44559245943090875 0.04744931301126591 0.07528384288963733
28 0.6114744282797524 0.43937695152224343 0.04744931301126591 0.07528384288963749
28 0.5322953936400163 0.4519671348300601 0.050574313011266095 0.07541117688202625
28 0.49383228721352557 0.4597769762368228 0.04749477711788863 0.07684634288963732
28 0.6488153039065729 0.443317693613578 0.04060827962517113 0.054716674904859805
28 0.6840852141731297 0.43797893619920425 0.038954851411925874 0.05152800790866543
28 0.4866753535900038 0.5716548937273087 0.05985838479802066 0.07266817885919252
28 0.5815475843896739 0.556084290457548 0.05985838479802066 0.07266817885919252
28 0.6278004587628534 0.5487373640698134 0.05668792069139794 0.07097834486680377
28 0.4419622471635131 0.579719403118849 0.05990384890464338 0.07423067885919252
28 0.3470672843105317 0.5960712563886096 0.05985838479802066 0.07266817885919252
28 0.2992519099373523 0.6034818497725386 0.059767456584775315 0.06954317885919252
28 0.39332015868371106 0.588724330000875 0.059949313011266006 0.07579317885919253
28 0.5336867459098719 0.565057383841477 0.05673338479802066 0.07254084486680376
28 0.2521950535108616 0.6116418596583703 0.05356292069139794 0.070851010874415
28 0.7490078690294101 0.5398969218647481 0.046903743731793845 0.05653384288963732
28 0.7106129587628534 0.5453630132715108 0.04368781551854841 0.053281508897248565
28 0.6729538343896739 0.5523597711801761 0.045341243731793844 0.05647017589344294
28 0.7872663869760987 0.5391183304579856 0.0385456744523216 0.03746550790866543
28 0.8233175472426554 0.5337477395455146 0.03537521034569906 0.035775673916276673
28 0.8562209754559008 0.5292857326254323 0.04157974623907634 0.03446784190105419
28 0.6234957404995957 0.6698629475679108 0.0711141335443795 0.08405134783255316
28 0.6854190789793976 0.6603168512182322 0.07276756175762475 0.08724001482874755
28 0.7595696328194637 0.6596364188989987 0.06744356426490725 0.06517401384016441