28 0.9307909387326742 0.7011249070554241 0.10643314437666689 0.0768273271096728
28 0.919706661947188 0.627523765821722 0.10327177678548623 0.07521028003177221
28 0.46514906135784784 0.7593763689092724 0.07830814437666671 0.07633640340856669
28 0.463533316391841 0.8241655718313717 0.060647865691319504 0.05572389448011279
28 0.46168118208316045 0.878798524753471 0.044913762917777864 0.050763659090609536
28 0.46518869500093823 0.9288394350618965 0.04175239532659738 0.049146612012708604
28 0.4007143937110766 0.30609168181548563 0.05265352773541672 0.04777502678536116
28 0.3984966238594446 0.2443592950460105 0.06569904160312508 0.07143071509696393
28 0.40662020801562526 0.3585172524323367 0.052798998100139015 0.05402502678536125
28 0.3388904601998268 0.5018075564100963 0.06584451196784728 0.07768071509696384
28 0.3299680954584378 0.4204348254848197 0.06595361474138901 0.08236821509696388
28 0.9600556389614241 0.9173635616818068 0.07988872207715189 0.07518300649282175
28 0.36298845573451455 0.8325626785690747 0.07700021751493065 0.0872466298696164
28 0.36891310704503544 0.9193496124164507 0.07394795269729179 0.09031708279171582