28 0.4359375 0.88203125 0.05078125 0.1390625
28 0.4953125 0.8875 0.05390625 0.13359375
28 0.54921875 0.90078125 0.0421875 0.1046875
28 0.59453125 0.90234375 0.0484375 0.1046875
28 0.8859375 0.9046875 0.046875 0.11875
28 0.64375 0.90390625 0.05078125 0.1078125
28 0.93828125 0.9109375 0.0484375 0.125
28 0.6890625 0.91875 0.03828125 0.078125
28 0.73203125 0.91953125 0.0359375 0.0828125
28 0.7703125 0.9203125 0.03359375 0.08046875
28 0.98515625 0.9296875 0.0296875 0.09140625
28 0.80625 0.93125 0.03125 0.04921875
28 0.84296875 0.9375 0.0359375 0.053125
28 0.57109375 0.4390625 0.0640625 0.14296875
28 0.79296875 0.43984375 0.0671875 0.1453125
28 0.64296875 0.4421875 0.0671875 0.140625
28 0.721875 0.4421875 0.07109375 0.134375
28 0.12109375 0.4765625 0.0328125 0.08046875
28 0.1578125 0.478125 0.02890625 0.07421875
28 0.046875 0.478125 0.02890625 0.07421875
28 0.0828125 0.48671875 0.03359375 0.0640625
28 0.7390625 0.60546875 0.05390625 0.0734375
28 0.4046875 0.70625 0.05859375 0.08046875
28 0.5234375 0.70703125 0.06015625 0.0828125
28 0.4640625 0.7078125 0.05625 0.078125
28 0.76171875 0.71015625 0.0609375 0.0890625
28 0.8953125 0.71015625 0.06640625 0.1046875
28 0.82890625 0.7125 0.0640625 0.09375