28 0.2078125 0.090625 0.0375 0.0875
28 0.1375 0.2515625 0.071875 0.115625
28 0.90859375 0.25234375 0.0609375 0.1296875
28 0.2203125 0.253125 0.06953125 0.103125
28 0.05625 0.25234375 0.071875 0.1078125
28 0.5390625 0.2546875 0.07421875 0.12109375
28 0.6109375 0.2578125 0.06015625 0.10703125
28 0.68125 0.259375 0.053125 0.10546875
28 0.2890625 0.2640625 0.04453125 0.08046875
28 0.73671875 0.275 0.0421875 0.08515625
28 0.784375 0.27265625 0.040625 0.0828125
28 0.83515625 0.2875 0.0453125 0.05078125