28 0.4015625 0.10859375 0.05078125 0.0453125
28 0.459375 0.109375 0.05078125 0.046875
28 0.1234375 0.11484375 0.07421875 0.1109375
28 0.20625 0.115625 0.071875 0.11328125
28 0.34375 0.13671875 0.053125 0.0796875
28 0.84765625 0.13359375 0.0734375 0.0953125
28 0.2765625 0.134375 0.06015625 0.078125
28 0.76875 0.1390625 0.07109375 0.10546875
28 0.7015625 0.146875 0.05625 0.07421875
28 0.63515625 0.14765625 0.0515625 0.0796875
28 0.40234375 0.15859375 0.0453125 0.0484375
28 0.4546875 0.16015625 0.046875 0.0453125
28 0.7859375 0.621875 0.08046875 0.0875
28 0.6875 0.6203125 0.078125 0.09140625
28 0.60234375 0.628125 0.0796875 0.07578125
28 0.4265625 0.63125 0.07421875 0.06640625
28 0.33984375 0.634375 0.0671875 0.07109375
28 0.5125 0.634375 0.078125 0.071875
28 0.56640625 0.77734375 0.0734375 0.0640625