28 0.86875 0.27109375 0.06484375 0.1109375
28 0.79375 0.2734375 0.06640625 0.109375
28 0.9359375 0.2828125 0.05625 0.084375
28 0.82421875 0.4171875 0.0609375 0.08515625
28 0.5234375 0.41875 0.04453125 0.09609375
28 0.23828125 0.43046875 0.0765625 0.0765625
28 0.31328125 0.43046875 0.0734375 0.0765625
28 0.7671875 0.43125 0.04453125 0.0625
28 0.08125 0.43125 0.078125 0.08046875
28 0.4734375 0.43203125 0.03984375 0.0671875
28 0.7140625 0.43125 0.04453125 0.0625
28 0.1625 0.43359375 0.07578125 0.0765625
28 0.37578125 0.43828125 0.0421875 0.0609375
28 0.42890625 0.446875 0.0484375 0.03984375