28 0.7157387999284124 0.5189439739020045 0.05992044000636341 0.04756589067472703
28 0.46112621463241066 0.24694389393700292 0.03642839600572696 0.042605670671545234
28 0.51805473058564 0.5907660719287305 0.06493520401018138 0.0757454346753633
28 0.5008859592616396 0.5222251572645031 0.06033861067790873 0.08350339067472685
28 0.43213814863145616 0.2543114986075936 0.03492044000636341 0.047274989337999784
28 0.4125688939370029 0.4591989932765935 0.07917951734563573 0.09153406667727211
28 0.3746887279599109 0.29091261728200235 0.0647715720082724 0.0616829346753633
28 0.39609046594527525 0.39846148794559344 0.06944089067472695 0.060174978675999566
28 0.38498079061904766 0.34625409794718426 0.06791475334181776 0.06328179734245412
28 0.4635115865690954 0.7132592372692756 0.06945907200827221 0.06173747867599957
28 0.47752808589277773 0.784180264600594 0.07917951734563573 0.09153406667727211
28 0.4484320265754588 0.6665660506047301 0.05210794000636341 0.047474984006999676
28 0.4180098245942306 0.5286575179424118 0.05212612133990877 0.04903748400699968
28 0.437295079248913 0.6167024106063209 0.052162484006999674 0.052162484006999674
28 0.426912109922049 0.5691734299411391 0.05210794000636341 0.047474984006999676
28 0.4965860738781419 0.8917564072645032 0.052162484006999674 0.052162484006999674
28 0.4846133325509599 0.8465893579328668 0.055287484006999676 0.05219884667409076
28 0.2833370219605473 0.28728872529441085 0.0819954346753633 0.0650079293443631