28 0.5326122287454618 0.08516432937510904 0.11899935079830275 0.0861768438900784
28 0.5260704100761122 0.02440765195328649 0.11660917984777566 0.04881530390657298
28 0.5525586783277199 0.32336301134927814 0.11545785672980173 0.11416545157021041
28 0.559453324069376 0.4222635126029193 0.11357702174882985 0.10630748746358769
28 0.5653757188224489 0.5258742459098719 0.11526685574121878 0.10947795157021041
28 0.5576228631184114 0.2373800472426554 0.0839876808363588 0.0695516335443794
28 0.5543970454376449 0.16334315366914615 0.08405134783255334 0.07111413354437941
28 0.5977956520930847 0.8409620368178141 0.09683519072219049 0.11674488229073816
28 0.5905017583285949 0.7327092676174842 0.09358285672980174 0.11352895407749272
28 0.5814225300774247 0.629970712523777 0.09683519072219049 0.11674488229073816
28 0.6192939673023931 0.9261721111118513 0.047540844866803766 0.056005959092057724
28 0.6985383873015181 0.5134160468469441 0.11810269566510634 0.14077341567683313
28 0.6642389135361533 0.005932785101954499 0.10589717292769336 0.011865570203908998
28 0.6798453730042431 0.18700431103270895 0.12365235870696818 0.12376777210332382
28 0.6705897312169197 0.0694447379923131 0.12228085969555132 0.1284098079967011
28 0.6964094960084862 0.3933081353267461 0.11045202174882984 0.10621655925034235
28 0.6895466837649273 0.2936263840731049 0.10732702174882984 0.106125631037097
28 0.7193536115983556 0.6345408890876698 0.09096719269935694 0.12593802586424746