28 0.3484375 0.1109375 0.06875 0.109375
28 0.0828125 0.11171875 0.06875 0.1109375
28 0.1703125 0.11171875 0.06875 0.1078125
28 0.259375 0.11171875 0.06875 0.1078125
28 0.440625 0.1109375 0.06640625 0.11171875
28 0.5328125 0.11171875 0.06953125 0.1078125
28 0.925 0.13359375 0.046875 0.0671875
28 0.8640625 0.13515625 0.046875 0.0640625
28 0.065625 0.27890625 0.06875 0.1140625
28 0.1484375 0.28046875 0.071875 0.1078125
28 0.2359375 0.28046875 0.06875 0.1078125
28 0.4078125 0.28046875 0.06953125 0.1078125
28 0.31875 0.2796875 0.06953125 0.10546875
28 0.49375 0.2796875 0.07109375 0.103125
28 0.6640625 0.28203125 0.06875 0.1078125
28 0.5734375 0.28125 0.06953125 0.10546875
28 0.875 0.290625 0.05390625 0.0875
28 0.7390625 0.29140625 0.05390625 0.0890625
28 0.80625 0.290625 0.05625 0.08984375
28 0.5359375 0.4046875 0.05390625 0.0375
28 0.59609375 0.40625 0.0515625 0.03359375
28 0.1125 0.41328125 0.084375 0.0953125
28 0.20859375 0.4140625 0.0890625 0.09375
28 0.3 0.4140625 0.08203125 0.09140625
28 0.7921875 0.41484375 0.10078125 0.0921875
28 0.9015625 0.4171875 0.10703125 0.08984375
28 0.38828125 0.42421875 0.0734375 0.0765625
28 0.6765625 0.4203125 0.103125 0.084375
28 0.4671875 0.42421875 0.07109375 0.0765625
28 0.534375 0.44375 0.05390625 0.0375
28 0.5953125 0.44375 0.053125 0.03515625
28 0.309375 0.5609375 0.09765625 0.08671875
28 0.79609375 0.56328125 0.0421875 0.0765625
28 0.84609375 0.56484375 0.0421875 0.0765625
28 0.89765625 0.5640625 0.0453125 0.078125
28 0.746875 0.56484375 0.040625 0.0765625
28 0.6859375 0.5703125 0.07109375 0.071875
28 0.603125 0.56953125 0.07421875 0.0734375
28 0.40859375 0.565625 0.0921875 0.06953125
28 0.5 0.5734375 0.084375 0.06015625
28 0.215625 0.5765625 0.084375 0.05546875
28 0.11015625 0.5765625 0.0953125 0.05625
28 0.9328125 0.0609375 0.05078125 0.06875
28 0.87265625 0.0625 0.0484375 0.06953125