28 0.1125 0.7546875 0.05859375 0.07421875
28 0.1703125 0.7546875 0.05078125 0.07421875
28 0.2328125 0.75625 0.05390625 0.07578125
28 0.4046875 0.75625 0.04453125 0.07578125
28 0.459375 0.75859375 0.04453125 0.0796875
28 0.290625 0.775 0.05078125 0.03828125
28 0.35 0.775 0.053125 0.03828125
28 0.1078125 0.8953125 0.08046875 0.078125
28 0.19375 0.89375 0.07578125 0.07578125
28 0.284375 0.9 0.08046875 0.08671875
28 0.12578125 0.2796875 0.1109375 0.13203125
28 0.240625 0.2859375 0.109375 0.12734375
28 0.34375 0.30078125 0.07421875 0.1109375
28 0.4234375 0.30390625 0.07578125 0.1109375
28 0.50625 0.30625 0.07421875 0.10703125
28 0.1484375 0.4421875 0.10703125 0.10546875
28 0.2625 0.446875 0.10546875 0.109375
28 0.28359375 0.60546875 0.0671875 0.1078125
28 0.11953125 0.60625 0.0734375 0.1
28 0.203125 0.609375 0.07421875 0.09609375
28 0.3609375 0.6109375 0.071875 0.103125
28 0.4375 0.61171875 0.06953125 0.1046875