28 0.514739483769171 0.3379825768410768 0.09321645407749272 0.09117182028847229
28 0.6926288030486432 0.32336029844007 0.09160848997087019 0.08957295269729171
28 0.6055918043022844 0.3322793971295491 0.09477895407749273 0.09120818787965286
28 0.7761998209953318 0.3260872145682298 0.07704588479802066 0.07205814437666672
28 0.8545976056350678 0.3185305941272577 0.0800799565847754 0.06900587955902786
28 0.9337311761681815 0.3125546574818758 0.0800799565847754 0.06900587955902786
28 0.02863215069964526 0.49378702080156256 0.05726430139929052 0.09069904160312507
28 0.09199700257378947 0.4923167462002779 0.074011813011266 0.07511040919430556
28 0.3632187847062431 0.4673583394745142 0.06918792069139794 0.07031380642076393
28 0.16251409105359152 0.48692203780340293 0.07548338479802066 0.07202177678548623
28 0.22680391158670493 0.4806006090418057 0.06762542069139796 0.07027743882958326
28 0.2942187321198183 0.4743519154625697 0.06918792069139794 0.07031380642076393
28 0.4282898552393565 0.46105509450850735 0.06606292069139794 0.07024107123840277
28 0.5456592116658472 0.4575326638470491 0.053108279625171305 0.054325130508958354
28 0.4922614270261111 0.4656711657469101 0.04989235141192587 0.05112739532659738
28 0.5965313898790926 0.45558961056041714 0.04993781551854859 0.05268989532659738
28 0.8999435463847256 0.4259079894538549 0.05623327962517131 0.054397865691319505
28 0.7870116373718101 0.43813327288885484 0.04989235141192587 0.05112739532659738
28 0.8419264579049235 0.4315936385801743 0.051545779625171304 0.054288762917777865
28 0.6464859257724699 0.458315873478195 0.043142246239076344 0.03379442496187508
28 0.6943240321989606 0.45317508500920206 0.04626724623907634 0.033867160144236054
28 0.7452871386254514 0.44810703172257005 0.04626724623907634 0.033867160144236054
28 0.04132354156801636 0.6107387846692709 0.08264708313603272 0.08157861474138901
28 0.21167535359000386 0.5975153521079516 0.08191524122451135 0.07841724715020852
28 0.291772030549608 0.58530759925816 0.09638691818411545 0.09280705547083343
28 0.12778608689695642 0.6057259359797917 0.08508570533113406 0.0800524823325695
28 0.37485731518934406 0.5778600815907294 0.09629598997087019 0.08968205547083344
28 0.46017268956252344 0.5743733653100698 0.09124477711788863 0.0770729526972918
28 0.7784513281214678 0.5442559863197228 0.08481292069139794 0.0706774823325695
28 0.697664329375109 0.5533205553739242 0.08490384890464338 0.0738024823325695
28 0.5392607959890142 0.5699599286646879 0.0880288489046432 0.07387521751493065
28 0.6192210806287503 0.5624396758148963 0.08320495658477522 0.06907861474138884
28 0.8612183640148452 0.5477459686522923 0.07838106426490725 0.06428201196784719
28 0.9434996666012699 0.5410615171892716 0.08306856426490725 0.06439111474138884