28 0.259375 0.6984375 0.06015625 0.05390625
28 0.3265625 0.6984375 0.05546875 0.05390625
28 0.52265625 0.6984375 0.0609375 0.06015625
28 0.3953125 0.7015625 0.06875 0.05546875
28 0.184375 0.70546875 0.06953125 0.0484375
28 0.45859375 0.70625 0.0515625 0.053125
28 0.490625 0.8125 0.03984375 0.025
28 0.571875 0.8140625 0.03125 0.025
28 0.53359375 0.8140625 0.0296875 0.02421875
28 0.571875 0.8578125 0.03984375 0.025
28 0.53125 0.85859375 0.02890625 0.0296875
28 0.49140625 0.8609375 0.0359375 0.03359375
28 0.6140625 0.896875 0.06015625 0.05859375
28 0.68203125 0.9 0.0609375 0.05859375
28 0.7515625 0.9 0.0625 0.05859375
28 0.4890625 0.9078125 0.03125 0.02890625
28 0.5296875 0.9078125 0.03359375 0.02890625
28 0.5671875 0.9078125 0.03125 0.02890625
28 0.0765625 0.4171875 0.03828125 0.08203125
28 0.23359375 0.42421875 0.0515625 0.0765625
28 0.29375 0.42578125 0.05546875 0.0765625
28 0.478125 0.42578125 0.053125 0.0765625
28 0.5359375 0.42578125 0.05859375 0.0765625
28 0.35390625 0.4265625 0.0515625 0.078125
28 0.5953125 0.4265625 0.05078125 0.078125
28 0.4140625 0.4265625 0.053125 0.078125
28 0.1796875 0.4328125 0.03359375 0.05625
28 0.1296875 0.434375 0.0375 0.06015625
28 0.3921875 0.55390625 0.07421875 0.0890625
28 0.478125 0.55703125 0.071875 0.0796875
28 0.55625 0.55859375 0.078125 0.0796875
28 0.1375 0.559375 0.05078125 0.07109375
28 0.1984375 0.5609375 0.05078125 0.071875
28 0.08203125 0.5609375 0.0515625 0.06875
28 0.25 0.5703125 0.040625 0.05546875