35 0.7016641393618623 0.20608831431187108 0.5064510893539081 0.15449868598271657
35 0.7181163900381801 0.2770911607210749 0.5065056333545446 0.15918618598271655
35 0.7426447700509067 0.37070480533488065 0.5131374413589989 0.19203504741903502
35 0.7904924713955881 0.45402584456249206 0.3936783693507266 0.13040668012898404
35 0.22374877204008908 0.29403075936977385 0.44237040802036276 0.15256348126045224
35 0.2348959047183158 0.37912792203575635 0.463101078691908 0.18861915592848727
35 0.7881321820894049 0.6540531156397309 0.4154261000159085 0.1195964451560986
35 0.796341661043907 0.7008599379466338 0.4073166779121859 0.1195964451560986
35 0.7989581310470888 0.7453820975875542 0.4020837379058225 0.11487258371978015
35 0.7995896587165658 0.7867838024080144 0.4008206825668683 0.11487258371978033
35 0.4081639661043589 0.7664274132551576 0.4045067813494537 0.1210953126425414
35 0.44091337877940384 0.8279598108940256 0.34805678668045387 0.10358055971567515