35 0.2891230647676317 0.7404864506285926 0.5170249626829992 0.12631234006999675
35 0.2765407014242231 0.6664040606301835 0.517097688017181 0.13256234006999676
35 0.26365834607731464 0.5665404206317743 0.5158988146880898 0.16379415873645123
35 0.2157651913987697 0.47958586063813763 0.4012181493475448 0.1093419213876338
35 0.7810163793761798 0.6831422865611412 0.43796724124764025 0.12705668006045165
35 0.7741573047024074 0.5957150118953229 0.45168539059518514 0.16157713072881527
35 0.232896505370771 0.2731085939688196 0.4260726986791812 0.09713282272436104
35 0.2237209526973168 0.22320859130331955 0.4260726986791812 0.09713282272436101
35 0.22474710335772619 0.1770966599697741 0.42131247334499944 0.09082827872372463
35 0.22659995735199914 0.13488188796945594 0.42131247334499944 0.09082827872372463
35 0.6318965320257715 0.18251667258118576 0.41359088001272665 0.09854987205599741
35 0.6029988253500902 0.11643768658500375 0.35561474801081766 0.08381466271481597