35 0.7203125 0.7484375 0.47734375 0.09609375
35 0.728125 0.678125 0.478125 0.10078125
35 0.746875 0.5859375 0.49296875 0.13125
35 0.77734375 0.5015625 0.3703125 0.08515625
35 0.23046875 0.71640625 0.4609375 0.0984375
35 0.2359375 0.634375 0.47109375 0.13125
35 0.75234375 0.3109375 0.3921875 0.071875
35 0.75859375 0.2640625 0.3921875 0.071875
35 0.75546875 0.22109375 0.3890625 0.0671875
35 0.75234375 0.18203125 0.3890625 0.0671875
35 0.3765625 0.24375 0.38203125 0.07421875
35 0.40078125 0.18125 0.3296875 0.0625