35 0.628125 0.7890625 0.13125 0.053125
35 0.60703125 0.83359375 0.1390625 0.0578125
35 0.59765625 0.88203125 0.1703125 0.0796875
35 0.3953125 0.9203125 0.18515625 0.078125
35 0.2421875 0.92421875 0.16015625 0.0828125
35 0.215625 0.865625 0.14921875 0.06953125
35 0.4125 0.865625 0.11328125 0.053125
35 0.403125 0.8265625 0.09140625 0.046875
35 0.215625 0.975 0.05390625 0.040625
35 0.88125 0.746875 0.08984375 0.04296875
35 0.9734375 0.7546875 0.053125 0.04296875
35 0.975 0.72578125 0.04921875 0.0296875
35 0.6296875 0.6703125 0.19375 0.06484375
35 0.615625 0.6359375 0.18984375 0.06015625
35 0.6046875 0.6046875 0.1875 0.06015625
35 0.746875 0.603125 0.12734375 0.05390625
35 0.7296875 0.575 0.125 0.053125
35 0.240625 0.590625 0.26328125 0.09375