35 0.802012737128169 0.26738791049604166 0.08199199459715381 0.1498673488211364
35 0.8510116792497786 0.2825380666178211 0.08869702090551286 0.157934516805914
35 0.903173418726435 0.283530222245309 0.1173526419239657 0.1949543557412186
35 0.9361547057698996 0.4934026293556717 0.07745568401734033 0.2057990138401644
35 0.9384544111868631 0.6546438768842138 0.05247109456891863 0.17828150889724856
35 0.9115433006917544 0.688475048823324 0.10192506299888784 0.17094385277546903
35 0.8986925031249461 0.4808999707624343 0.07768392619541978 0.12942751482874754
35 0.8579387005082276 0.49814847916539123 0.06685284200867017 0.10404551285158128
35 0.7388126000423523 0.03001517486767874 0.06299979991529536 0.06003034973535748
35 0.6754124397731224 0.28657560368969015 0.10612671558737148 0.21632001977166349
35 0.6406811240022243 0.3074756941078696 0.10125720506402765 0.21300401878308034
35 0.6077398213855059 0.3244058675298546 0.09951269454068416 0.20981535178688598
35 0.5961638265060033 0.17523353848038173 0.08171897881213823 0.14517984882113638
35 0.5667647528425974 0.19825454441188076 0.08006547355046649 0.14355368182494202
35 0.6164660191217232 0.7098512776059668 0.14973947867096396 0.2960366946765234