35 0.24583525759944425 0.21395900263227868 0.38016289152687516 0.15687827653818792
35 0.24685159052135391 0.27100388817089804 0.36108558320625006 0.14270669222923243
35 0.22586563687413164 0.33339025868240285 0.3912094943004168 0.1616294090517451
35 0.209476264248958 0.3997101502711465 0.27155030452090284 0.12187604176169424
35 0.6198910066495138 0.1895690984523073 0.3769287887533334 0.15217259582002862
35 0.6192721043890622 0.2497298936318471 0.3958606267092362 0.16009418012898405
35 0.8220392012755895 0.9041229987234537 0.2844867156150698 0.14069876463433104
35 0.8235848239007633 0.8377167487234537 0.2651912017473613 0.11715218032537571
35 0.5240615218484023 0.6140691287029283 0.3311435100679862 0.13159647540671973
35 0.5185011996600689 0.6515418576256895 0.3199514369297223 0.12059534289316254
35 0.5121414436761452 0.6897912913689108 0.3121025693385418 0.11898739109776421
35 0.21381239323930495 0.7169658279642436 0.32002417211208345 0.12372034289316254
35 0.21559375199677028 0.6740016231437834 0.32002417211208345 0.12372034289316236
35 0.21503136075423557 0.6310237827847038 0.3216594072944446 0.12685443325224205
35 0.22553375608083287 0.5826408249391815 0.3263832748856251 0.12844420432948098
35 0.21161737965593702 0.5427107165279251 0.3482219072944446 0.12700896935659536
35 0.824951874621944 0.6111315228257548 0.3252208183886111 0.14562261397040127