35 0.8206719491331584 0.34453125 0.13450785649119404 0.371875
35 0.7649677586864524 0.3328125 0.12113456120592367 0.353125
35 0.7111364373463342 0.29765625 0.1380695041338292 0.38125
35 0.6515816548813455 0.26796875 0.10604890860089 0.2640625
35 0.738726166463282 0.71171875 0.1296748072769823 0.36875
35 0.6807510006236818 0.6984375 0.13836060256225266 0.3875
35 0.02710603970369902 0.7515625 0.05421207940739804 0.275
35 0.055637530607471085 0.76796875 0.10263281017246648 0.2578125
35 0.35594370740532605 0.5265625 0.11201211827801831 0.325
35 0.32066117886927875 0.5125 0.10212769602827736 0.3140625
35 0.28615990033323147 0.4984375 0.10020132299274805 0.30625
35 0.34370068837979145 0.20234375 0.10525269602827736 0.3140625
35 0.3838162661300505 0.21328125 0.10525269602827728 0.3140625
35 0.42709323118386244 0.2234375 0.10845047063538327 0.315625
35 0.47067841129148624 0.24375 0.11023129445670073 0.3203125
35 0.5123757597199097 0.2375 0.1050001389561828 0.3421875
35 0.27269444396587195 0.82109375 0.12741879445670073 0.3203125