35 0.68125 0.80546875 0.353125 0.0890625
35 0.6890625 0.75 0.3375 0.078125
35 0.71796875 0.69375 0.3640625 0.09140625
35 0.74375 0.634375 0.25234375 0.07421875
35 0.321875 0.7671875 0.35234375 0.08515625
35 0.33046875 0.709375 0.3703125 0.09140625
35 0.23203125 0.0484375 0.2609375 0.09609375
35 0.22109375 0.1140625 0.2453125 0.07109375
35 0.4734375 0.37734375 0.31015625 0.0734375
35 0.48515625 0.34140625 0.3015625 0.0640625
35 0.496875 0.30625 0.29296875 0.0625
35 0.7859375 0.328125 0.29921875 0.06640625
35 0.778125 0.36875 0.29921875 0.06640625
35 0.77109375 0.4109375 0.3015625 0.06953125
35 0.7546875 0.45625 0.30625 0.07109375
35 0.7625 0.49609375 0.328125 0.0640625
35 0.184375 0.3296875 0.30390625 0.0875