35 0.8157418352030203 0.507935273489979 0.19619185429215308 0.3788931927947218
35 0.7659230199485412 0.5351486428485934 0.17856794319798652 0.35964308762187225
35 0.7194467570307633 0.5864671019406511 0.199571427430417 0.3899216210079671
35 0.669936413090937 0.6339702392459543 0.14847909327423636 0.274449733702664
35 0.6883500659200693 0.18383765050178955 0.19306685429215306 0.3676753010035791
35 0.633771015483229 0.20874893039132342 0.20287826538631978 0.39782504922121253
35 0.033500871390902694 0.3583293255476783 0.06700174278180539 0.3020913489046434
35 0.05617530518649296 0.33735759600164944 0.11235061037298592 0.2659098079967011
35 0.35351524534725653 0.476102881103604 0.16541332655673635 0.33115437476889087
35 0.3233004152751384 0.4996229491294349 0.15418488582729192 0.31833612602253203
35 0.2914867176118398 0.5247509812618885 0.14927918028020865 0.30882473370266406
35 0.3883201243376035 0.7920628502247916 0.15571101823611136 0.3168190901291547
35 0.424748586818541 0.7699234257724699 0.15571101823611144 0.31681909012915455
35 0.4627577330950688 0.7469572872135256 0.16050762100965307 0.3216429824490227
35 0.50176633491868 0.71459341660127 0.16377809137437538 0.3279839106622681
35 0.544153856670173 0.7047721357224574 0.16101676728618095 0.3435179824490227
35 0.23311705205236094 0.2149417237400411 0.17962129692145856 0.3378135517284949