35 0.6191955278428045 0.8684177387368907 0.3484949874635877 0.1214335782151192
35 0.6325616943775674 0.8181548439090338 0.33250627461060633 0.10838794119181054
35 0.6677801288590188 0.7678745909138088 0.3595234156768331 0.12494052413143528
35 0.6997599030739138 0.7135789605139223 0.25093802586424746 0.09461312867060609
35 0.2807264097378313 0.7965030108845912 0.3468870233569651 0.11981651451278807
35 0.2947374339527261 0.7415798979078998 0.365773415676833 0.12515877894075836
35 0.2738897925572949 0.1055605523544035 0.279835915676833 0.12215777531256147
35 0.2655748388755135 0.1684871382892529 0.24308006175762475 0.09277781015895181
35 0.4725224870013693 0.44106901033643703 0.3058073822907382 0.10277285825218603
35 0.48801945486891557 0.41039192921091094 0.29455163354437947 0.09145341233586994
35 0.5026442445232167 0.3765625662342196 0.2850857053311341 0.08800103012188484
35 0.776528025402029 0.42827143229095394 0.29308006175762474 0.09452384863353913
35 0.7643606460142848 0.4660888908211417 0.29308006175762474 0.09452384863353913
35 0.7522159986798518 0.5046875993513293 0.2962959899708702 0.09775797603820084
35 0.7323497795586642 0.5461384893698629 0.3026369181841154 0.10110123084752445
35 0.7335318463308538 0.5867634893698629 0.319597097651002 0.09388893157316361
35 0.199541976576528 0.36675845798203355 0.30929609514371964 0.1153819856568477