35 0.60078125 0.8125 0.3296875 0.09375
35 0.61328125 0.76328125 0.3140625 0.0828125
35 0.64765625 0.7125 0.3390625 0.09609375
35 0.67734375 0.6578125 0.2359375 0.07578125
35 0.275 0.765625 0.328125 0.09140625
35 0.28828125 0.7125 0.3453125 0.09609375
35 0.2640625 0.10078125 0.26328125 0.0984375
35 0.25703125 0.16171875 0.2296875 0.0734375
35 0.4578125 0.4109375 0.28828125 0.078125
35 0.471875 0.3796875 0.27890625 0.06875
35 0.48671875 0.34609375 0.2703125 0.0671875
35 0.75 0.378125 0.27734375 0.07109375
35 0.7390625 0.415625 0.27734375 0.07109375
35 0.72734375 0.453125 0.2796875 0.07421875
35 0.7078125 0.49375 0.28515625 0.07578125
35 0.709375 0.5328125 0.30390625 0.06953125
35 0.19453125 0.3578125 0.2921875 0.08984375