35 0.16917154130017625 0.6434028035355299 0.10026292794496668 0.23446925843752062
35 0.21332084538386026 0.6558953690519592 0.08910717313564324 0.22783731252120454
35 0.24300588930074324 0.4778075745869221 0.07675101687504107 0.18683036660488844
35 0.2630009638876653 0.21881452050323805 0.057653787293461004 0.13154266587924912
35 0.23948656361751283 0.3321949742241023 0.062450414698122715 0.1348313569862416
35 0.27129955880818946 0.33956353012188495 0.06272323320977709 0.1426438569862416
35 0.2915798316736802 0.2291989489963589 0.05592759618646852 0.12680060217691827
35 0.3534920107149552 0.4050099700477511 0.06504962504240899 0.16457342068857256
35 0.38792157441728603 0.4046478714990299 0.06288692431676957 0.1473313569862416
35 0.36588786171074705 0.2740327885594054 0.056200414698122717 0.1346131021769182
35 0.39592010209210027 0.28759678075485706 0.05296628729346109 0.13137897477225655
35 0.32827624510585857 0.34311760525696117 0.061760933935416415 0.15977679328391084
35 0.3393426867610053 0.5414013378337661 0.0698462524470707 0.16786211179556504
35 0.3743625275051782 0.5465352711362103 0.07658732576804841 0.18214286660488846
35 0.3227851254209272 0.70195689191745 0.08560022721932725 0.21679068511654281
35 0.3628644883976186 0.7190005481780523 0.08721729092165802 0.21840774881887376
35 0.2788714343139346 0.705116608252186 0.06850200725639413 0.17405754809323426
35 0.2594988970204736 0.8342857530800429 0.055709341377145005 0.12055060217691818
35 0.4356075623515685 0.5846553192294445 0.08505459019601869 0.20116568511654281
35 0.4427256363055184 0.4480184147829408 0.06546628729346118 0.13181548439090332
35 0.4463094824919868 0.3229911329317753 0.06288692431676957 0.1473313569862416
35 0.4783680143431523 0.3233284388295579 0.06255954210278461 0.1379563569862416
35 0.4733580774125109 0.44439490697839246 0.06255954210278461 0.1379563569862416
35 0.5740698285088193 0.8530928390997105 0.07015378729346118 0.1319791754978959
35 0.5638441458393472 0.7651290476298981 0.070153787293461 0.13197917549789598
35 0.5520732882201334 0.9397086184613961 0.07015378729346118 0.12058276307720775
35 0.5478768946582209 0.6847867832019279 0.09241073320977691 0.14368056733052798
35 0.6402578568166056 0.615267946085952 0.1034573606144388 0.14718751324684387
35 0.666887300285851 0.7710740019837345 0.09257442431676957 0.14836806733052796
35 0.6556794709744235 0.7112352105139224 0.0925198606144388 0.14680556733052796
35 0.6873857948435553 0.9008532712210282 0.0944643065307547 0.15779763103285874
35 0.6274726585380369 0.46620296350914714 0.090466287293461 0.13268850362819715
35 0.8381224379421315 0.6386037862819707 0.09402779691210776 0.14529763103285873
35 0.8673337335882951 0.7428746240309186 0.10992561542376222 0.15365576805616749
35 0.9118947215225777 0.9227729443566716 0.10992561542376222 0.15365576805616712
35 0.7901561970126243 0.4218230248492253 0.08085318511654264 0.08085318511654269
35 0.789573354454353 0.46091280670039075 0.08085318511654283 0.08085318511654283
35 0.47429804011904986 0.5742733799365505 0.07598712504240908 0.16495536660488846
35 0.4308505965649866 0.74327635108061 0.09406749164729752 0.2358135036281972
35 0.4727925599044978 0.7517808210435429 0.08921630054030487 0.23096231252120453