35 0.19169298675204152 0.6342710145814764 0.1041624306969986 0.22639266693047427
35 0.23474355275299602 0.6425525275136001 0.0931522053628168 0.21982441818411544
35 0.24290894672976987 0.47175429420664755 0.08019767202418074 0.18039820533113407
35 0.23301413669636223 0.22545595572684546 0.06084768801718106 0.1282901360516619
35 0.22334023937777067 0.3337314569804867 0.06400905068427196 0.13150606426490724
35 0.2554169427116343 0.3385697211662516 0.06564427601845368 0.13780152837152998
35 0.26277436203054405 0.2325697737526764 0.05768632535009015 0.12507420783841655
35 0.3404191987189521 0.39493103292387643 0.06746131468808994 0.1597219924781526
35 0.37163283605186126 0.39271531505633006 0.0657170013526355 0.14405152837152987
35 0.3374112827020893 0.27066681881725374 0.05774086935072642 0.12976170783841656
35 0.3664266207033619 0.28088290478977335 0.05614200668363552 0.12659124373179384
35 0.31007717071131613 0.3378172148980455 0.06584427068745358 0.15498902837152997
35 0.34115609006999675 0.5253770508705651 0.07374767735518084 0.16302884890464336
35 0.3747680214035422 0.5279170291629527 0.08014312802354447 0.17571070533113406
35 0.3437282014242231 0.6793060329238765 0.08837379869508961 0.21187552586424746
35 0.3829270614258139 0.6921613855894435 0.08991811736154416 0.21035848997087
35 0.3016225174251776 0.685109752045064 0.07225790268936265 0.16923338479802066
35 0.29915259277526773 0.8084335917785073 0.05603291868236297 0.11721624373179376
35 0.4376134667409056 0.55942309342786 0.08817380402608972 0.19468802586424747
35 0.42829191605663375 0.4295082728947466 0.06709768801718105 0.1284719924781527
35 0.41753513470717996 0.31048548825501043 0.0657170013526354 0.14405152837152996
35 0.44796752204008905 0.3082470383341528 0.06404541335136286 0.13463106426490726
35 0.45712544072245204 0.42409935886726624 0.06404541335136286 0.13463106426490726
35 0.5974355514401315 0.8038359861434394 0.07178518801718106 0.12860838479802075
35 0.5785213720957684 0.7220631489172786 0.07178518801718106 0.12860838479802067
35 0.5867531374522218 0.8925575053437693 0.07178518801718106 0.12860838479802084
35 0.554211168085587 0.6463811873179385 0.09222495735199913 0.14013691818411544
35 0.6330259640754056 0.5736998567556951 0.10321700135263541 0.14514266693047428
35 0.6768952374283593 0.7194586376345076 0.0938420013526354 0.14486988229073816
35 0.6582901407542687 0.6642483004083466 0.0938420013526354 0.14486988229073816
35 0.7095452001113586 0.8406804197669612 0.0970760893539083 0.1543358105039836
35 0.6048362347230883 0.4330832169431096 0.09211586935072642 0.13076191818411545
35 0.8236782360757238 0.5815902277636622 0.09536813868554468 0.14179034639736088
35 0.8622963880887686 0.6787751163226066 0.11112040802036276 0.1531824874635877
35 0.924370768777813 0.8453692344275797 0.11112040802036276 0.1531824874635877
35 0.7541635253819068 0.37963527117888696 0.08061474801081765 0.08200616943775678
35 0.7584970367202247 0.41646768144544366 0.08061474801081765 0.08200616943775678
35 0.4718339254057694 0.547142053773559 0.0784169960216353 0.16160274122451135
35 0.4503054654280412 0.7105225921742188 0.09949311203054415 0.22781877461060632
35 0.49097591876190466 0.7156109089464084 0.09320674936345305 0.22451191818411545