35 0.8200555190255345 0.29505445110415757 0.21744867328319833 0.1136706635169964
35 0.7903658649727586 0.329630347746113 0.21068925103345731 0.10251490870767296
35 0.6329193920610638 0.29378959538386024 0.17253427956950454 0.08714287985173241
35 0.4297088089341214 0.21898803594269864 0.1215882096771285 0.06508434137714507
35 0.5332683025239806 0.23955101788653135 0.1264212588913402 0.06837303248413758
35 0.507812384203181 0.26695925527265957 0.13274403349844607 0.070153787293461
35 0.4113933025239806 0.24380698666833805 0.11831766046291677 0.06185021397248338
35 0.482371428454994 0.3442856471052916 0.15320208271265762 0.07398811542376213
35 0.45397244665195907 0.3678967618960815 0.13743153349844608 0.07031747840045366
35 0.3779044063290875 0.3097147288637897 0.12307793507002254 0.06357640507947586
35 0.36040653722249966 0.3337251477382638 0.12144266046291667 0.061959341377145094
35 0.46071690632908757 0.30682285264025444 0.1468793081055519 0.0722073606144388
35 0.5969947005809004 0.3785019012816428 0.1565454065339754 0.07878474282842393
35 0.5676689195636538 0.4052652979235981 0.16940927956950452 0.08703375244707065
35 0.7260250750641719 0.4215748002858509 0.20102315260503403 0.09593752649368778
35 0.7026581956185017 0.4543699421184829 0.20124147642635143 0.10062502649368774
35 0.7680691799027362 0.38968739402524866 0.1627954065339754 0.07900299763774728
35 0.8765152266357484 0.4225594030109233 0.11050516046291677 0.06157739546082901
35 0.5401218083149488 0.46082581716089194 0.1871062018192456 0.09857145317271013
35 0.4352010219210188 0.4192509307705555 0.12187930810555189 0.07133434137714505
35 0.3418898236164298 0.37961056661273773 0.13750430810555186 0.07187997840045365
35 0.3142720918133949 0.40319439955236225 0.12805653349844598 0.06999009618646852
35 0.40460383933219546 0.43981889111484185 0.1280565334984461 0.06999009618646852
35 0.6111855173729047 0.6431993183420183 0.12202485731976367 0.07445934137714509
35 0.5573905833363394 0.6091988297747637 0.12202485731976367 0.07445934137714509
35 0.6985934720876343 0.6588664691603249 0.12202485731976367 0.07445934137714509
35 0.5139702231210918 0.5701561771423584 0.13717897642635143 0.09838791469812272
35 0.38104640715765703 0.6106770281381504 0.14074062406898663 0.1078720421027846
35 0.46977711332012884 0.6816765197006298 0.14186647642635145 0.09855160580511538
35 0.4383473308551401 0.6531348574495779 0.14186647642635145 0.09855160580511538
35 0.5451366782501063 0.738323334584087 0.15294952564056316 0.10205855172143127
35 0.2831033668347855 0.5532588869384906 0.12602315260503386 0.09331846878180663
35 0.22218932982168282 0.7558407391154087 0.14030397642635145 0.09849704210278461
35 0.2694966693587661 0.8119072006408213 0.14884422249741006 0.11439486061443879
35 0.36136949214662634 0.8991765329474738 0.14884422249740997 0.11439486061443879
35 0.10767952771198697 0.6522023623437192 0.08012845574818699 0.07923612141421188
35 0.13685760546224596 0.662103151999433 0.08012845574818703 0.07923612141421188
35 0.5000768511190198 0.4832836597191633 0.15527400496239868 0.08498017912609299
35 0.6586684470662438 0.5112846302302506 0.21723034946188058 0.10898316351699648
35 0.6284158668347855 0.5412003087233714 0.21552230024766902 0.10580359981466554