35 0.57734375 0.19609375 0.2078125 0.0765625
35 0.5890625 0.23671875 0.203125 0.0671875
35 0.42578125 0.2640625 0.1671875 0.05859375
35 0.1890625 0.28125 0.11640625 0.04453125
35 0.29296875 0.26015625 0.1203125 0.0484375
35 0.3 0.28984375 0.12734375 0.0484375
35 0.1984375 0.30859375 0.11328125 0.0421875
35 0.359375 0.36484375 0.14765625 0.0484375
35 0.359375 0.39609375 0.13203125 0.0484375
35 0.23984375 0.3765625 0.1203125 0.04296875
35 0.2515625 0.403125 0.11640625 0.040625
35 0.303125 0.3421875 0.14296875 0.046875
35 0.484375 0.3515625 0.15 0.053125
35 0.4890625 0.384375 0.1625 0.05859375
35 0.63125 0.33671875 0.19453125 0.0640625
35 0.646875 0.3734375 0.19375 0.06484375
35 0.634375 0.29609375 0.15625 0.0515625
35 0.7515625 0.2796875 0.10703125 0.04296875
35 0.5234375 0.440625 0.17890625 0.06484375
35 0.3984375 0.44609375 0.11640625 0.0515625
35 0.284375 0.45 0.13125 0.04921875
35 0.284375 0.47890625 0.12265625 0.0484375
35 0.3953125 0.47421875 0.12265625 0.0484375
35 0.76875 0.5671875 0.11640625 0.05546875
35 0.6890625 0.5578125 0.11640625 0.05546875
35 0.853125 0.546875 0.11640625 0.05546875
35 0.615625 0.5421875 0.125 0.07578125
35 0.5515625 0.6265625 0.12890625 0.08515625
35 0.69453125 0.6515625 0.1296875 0.07578125
35 0.63984375 0.640625 0.1296875 0.07578125
35 0.81328125 0.6703125 0.1390625 0.078125
35 0.415625 0.615625 0.115625 0.07421875
35 0.5734375 0.80859375 0.12734375 0.0765625
35 0.66875 0.834375 0.134375 0.09140625
35 0.8328125 0.875 0.134375 0.09140625
35 0.375 0.7640625 0.06875 0.06875
35 0.4109375 0.7640625 0.06875 0.06875
35 0.5140625 0.475 0.14765625 0.05859375
35 0.66875 0.4359375 0.21015625 0.071875
35 0.6765625 0.47421875 0.20703125 0.0671875