35 0.16056288921592526 0.8025193401562557 0.11868554573098153 0.22704199710451584
35 0.20337787179273006 0.786515504548114 0.10752979092165811 0.2202825748547749
35 0.22031737904912424 0.615149926797855 0.09215776206571755 0.18212760339082212
35 0.2144121525475872 0.38090120533390226 0.0684275961864685 0.12798375889134012
35 0.20035459783093099 0.4921469203877141 0.07322422359113015 0.13132708271265764
35 0.2352206711519087 0.4796854617440431 0.07505954210278445 0.13921235731976367
35 0.24364578476157234 0.3728725355653606 0.06513890507947587 0.12315070967712849
35 0.31797860744957784 0.48510501592065347 0.07889387023308565 0.1596704065339754
35 0.3499106537287135 0.46702925806277057 0.07522323320977709 0.14389985731976362
35 0.3181919169755575 0.36695432940288886 0.06691965988879929 0.12947348428423436
35 0.3474255491895426 0.3589256596343472 0.06524803248413757 0.12627570967712848
35 0.28873754075202207 0.44852966108208925 0.07409724282842385 0.1563270827126578
35 0.31425835200728225 0.6140476532242063 0.08369049763774727 0.16301373035529282
35 0.3500966482864179 0.5961538318840882 0.09043157095872498 0.17736732878371625
35 0.31381686398818176 0.761140977045524 0.10089784500534212 0.20905397642635143
35 0.35253462360682863 0.7504239549196174 0.10558534500534211 0.20927230024766885
35 0.2697568399415647 0.790389675350113 0.08396331614940156 0.17082623035529282
35 0.2663094030109233 0.9115198126536658 0.06497521397248338 0.11846320967712849
35 0.4120336530957413 0.5927784288647696 0.10353177168436449 0.19513702564056318
35 0.4069146218775481 0.4704667812221345 0.07467759618646848 0.12827485731976368
35 0.398234081040708 0.36050958436528757 0.07522323320977709 0.14389985731976357
35 0.4301661273198437 0.3424338265074047 0.0733333509957919 0.1344520827126577
35 0.4366393274125109 0.4483756114535928 0.0733333509957919 0.1344520827126578
35 0.5665524835882951 0.739263938789567 0.0778571598887993 0.1299829065339754
35 0.5517112227885219 0.6712759181114025 0.0778571598887993 0.1299829065339754
35 0.5539309432996092 0.8317960411469318 0.0778571598887993 0.1299829065339754
35 0.5271948616259291 0.6114449997906031 0.10173116950744614 0.14357452564056317
35 0.6102752348542395 0.49558886744944886 0.1112698606144388 0.14869867328319836
35 0.6491789890305908 0.6139964191448599 0.10351192431676956 0.14989730024766904
35 0.6327107408446893 0.5701907611631425 0.10351192431676956 0.14989730024766884
35 0.6809250076349123 0.7132900978047416 0.1069643065307547 0.15941784946188076
35 0.5855703899337155 0.37393003721799045 0.096716287293461 0.13398120181924558
35 0.8022668166127378 0.39810820760570464 0.10340279691210777 0.14677230024766902
35 0.8412995455613455 0.4680054846940099 0.11930061542376222 0.15531254631872748
35 0.897871949374877 0.5958436943711384 0.11930061542376222 0.15531254631872748
35 0.7396998731434925 0.24025501219659984 0.08247024881887377 0.08339900496239876
35 0.739308003543379 0.27388514950015275 0.08247024881887359 0.08339900496239876
35 0.4475544908446893 0.5615669702210985 0.08988593393541641 0.16174232878371625
35 0.42282976543946055 0.7317874249358282 0.1141071731356433 0.22994867328319835
35 0.4626288754209272 0.7125130401134745 0.11081848202865067 0.2251156240689866