35 0.3234375 0.76015625 0.646875 0.3328125
35 0.3296875 0.57265625 0.65859375 0.2234375
35 0.3578125 0.43671875 0.70078125 0.2546875
35 0.42421875 0.30703125 0.6078125 0.2140625
35 0.82890625 0.48515625 0.3421875 0.1796875
35 0.846875 0.36796875 0.30546875 0.1546875
35 0.5109375 0.2140625 0.49140625 0.15625
35 0.17890625 0.1625 0.2015625 0.11328125
35 0.7421875 0.8640625 0.37890625 0.271875
35 0.80234375 0.59609375 0.3765625 0.1546875
35 0.778125 0.7078125 0.359375 0.14453125
35 0.0828125 0.265625 0.09140625 0.146875