35 0.20485474924414046 0.655794961165172 0.40774524809035945 0.6679521319243822
35 0.3984956612428678 0.6640427566392995 0.2952634294239049 0.6688601260706497
35 0.5409195185789586 0.6429030339630541 0.3332361440960865 0.7097032946885605
35 0.6811814392505038 0.6061519468254284 0.28410775342135963 0.6500464935570924
35 0.5385250559755012 0.17920973526747294 0.21982488804899775 0.3584194705349459
35 0.6612994846435465 0.16645364257070228 0.19128171737745242 0.32609084308955416
35 0.7860331185948669 0.5242974379466337 0.21234074673772393 0.5246374273985095
35 0.8046349312142327 0.8726031277399795 0.13848288669636233 0.21954086123992686
35 0.14886257196850144 0.23114948516927708 0.2970237347230883 0.4173248971478885
35 0.421146651973274 0.19592505747617994 0.19833169605345202 0.3918501149523599
35 0.30305063263845583 0.20603533479993472 0.18572260805217944 0.38542948165323565
35 0.6896542738701879 0.9521729739527913 0.161955654678545 0.08843630698520073