35 0.3421056839990455 0.19914328795354758 0.684211367998091 0.38608842409290484
35 0.34842731464831905 0.39827113128582037 0.6968546292966381 0.2722077374283593
35 0.3777690956397285 0.5416484139481388 0.755538191279457 0.3072372654359953
35 0.44909509790741337 0.6767132099379574 0.6591590133672712 0.2576361600890868
35 0.842092761935094 0.46826162655159626 0.30705107336090764 0.20667036004136174
35 0.861741095918231 0.5922349285487327 0.26451812802354446 0.17649196403563466
35 0.5440706958943685 0.7716888079249126 0.5318328973583624 0.19053847207190594
35 0.19094514855191436 0.8429761986394103 0.22182155068427192 0.13225106802990788
35 0.7744449219844098 0.11152565662795633 0.4136101560311804 0.22305131325591265
35 0.8176660212842295 0.35215536855509605 0.35519767202418073 0.18223398138127048
35 0.8065568933004561 0.23276956922345962 0.36911472135581713 0.16989761338317952
35 0.08593147923300462 0.7379625293205005 0.1049794960216354 0.16057496801399934