35 0.9105463580758434 0.14525639520298092 0.17109271615168672 0.29051279040596184
35 0.801216822182466 0.14719159992524525 0.20868364436493217 0.2943831998504905
35 0.7659315062016991 0.4088951517440845 0.18259250580598768 0.26195562021691715
35 0.9009968279884539 0.40498383568369756 0.19495611348611988 0.25734084308955407
35 0.7459613016619879 0.635612187848438 0.17056386724704337 0.22439198770335977
35 0.828647084190153 0.8187559650739968 0.14567151583511767 0.1742556323171655
35 0.7187408867765777 0.82799058538911 0.1488874440483629 0.17739881303532493
35 0.7947160165600334 0.9416303836919078 0.1353584899708702 0.08827268052176755
35 0.6995171768265902 0.9460911455957642 0.11977895407749273 0.08974427693097127
35 0.4518117995504169 0.8115717416121848 0.13376254922121245 0.19449540944452864
35 0.4565711588799015 0.9482859464326449 0.12005173871722899 0.09911927693097126
35 0.36123592682659017 0.9480592083365016 0.12009720282385157 0.10068177693097127
35 0.3526612457103509 0.8144927294137403 0.1425919799417402 0.17579995159900638
35 0.5535992715745983 0.899275753810629 0.13009197994174038 0.1757272287263696
35 0.45021689264907244 0.6224865157144857 0.14635347743445787 0.1976931323171655
35 0.34044708755536524 0.6364086360295987 0.16698422618081654 0.20874880698520074
35 0.4416900241483878 0.4100001512531051 0.19504704169936513 0.2604658430895542
35 0.3215139164682559 0.4153876089022357 0.1824561134861197 0.25726812021691714
35 0.4418418221824661 0.14825062675802073 0.2180586443649321 0.29650125351604145
35 0.2965293221824661 0.14751885285211147 0.22242789561857332 0.28874537919390764
35 0.5874043747688908 0.15442179606330259 0.15663775956691134 0.22899767447164332
35 0.5753004945232167 0.35608883519271817 0.14313754922121263 0.1945499515990063
35 0.5748782603583342 0.5295581514494969 0.11892715940862679 0.16785109621281205
35 0.10928670110799195 0.4259988977370637 0.20129704169936508 0.26050220452587264
35 0.08990724914207018 0.16278582543016082 0.1788142879384414 0.29317834913967833
35 0.03433216521461463 0.42799773497288535 0.05047868778015681 0.23150453005422927
35 0.07054376451496938 0.6520437681503726 0.10622858260730732 0.21464428298109545
35 0.1520294452354972 0.6328165242986927 0.17350701082055267 0.21816016842151917
35 0.18343387259081273 0.7990682381943393 0.152148836368231 0.18210449375348398
35 0.09268685213684161 0.8222562742004967 0.11924540815498566 0.17878859621281223
35 0.19451142808023134 0.9380898315784808 0.14729620031656912 0.12271131303532457
35 0.10418194477327877 0.9487733224050988 0.11545516693047428 0.1022170058537327