35 0.12056627557084051 0.8746811304791274 0.24113255114168103 0.19623726095825483
35 0.12940153328147824 0.7719200035146566 0.2588030665629565 0.22509000702931328
35 0.3547956306869858 0.7718259199734294 0.2531637305182395 0.19289393713693706
35 0.33704329464885924 0.8929731739023709 0.24866714529089187 0.20361311331561965
35 0.5626490409954112 0.7791611927185084 0.21854326866768634 0.17723039578060842
35 0.7205103595836674 0.8733029526433059 0.1712591655834313 0.15160965756743253
35 0.7394160925375388 0.7756659733214704 0.17443871266133187 0.15488020678164424
35 0.8684393449731708 0.8645551530148093 0.16018529788867966 0.14328773531769165
35 0.8832206396154394 0.7792362371752092 0.15996710957707663 0.13078773531769147
35 0.7530184910748415 0.5339151209641055 0.1866659772718286 0.13983740363849115
35 0.9042673453769126 0.5589430078533736 0.15684210957707662 0.13064218610347994
35 0.9135798900191812 0.4733693808889029 0.15684210957707662 0.13064218610347994
35 0.7670867195644862 0.44465356782095233 0.17115007142762978 0.14535965756743258
35 0.8224076448904452 0.6348826155874219 0.16942393019392776 0.13591188296032683
35 0.5813889529253946 0.5118474141824612 0.19472393912238156 0.15426377667402047
35 0.6065583226487412 0.41372028328904903 0.20286372158978558 0.17337764970954977
35 0.39037816924017454 0.48027627481199364 0.2533819188298422 0.20539393713693724
35 0.40789868019722314 0.37241027088305223 0.2500387305182395 0.19274838792272542
35 0.1478766181017888 0.4492102495857152 0.2957532362035776 0.23279549917143041
35 0.15785381574888233 0.3185424464425621 0.30387284253094826 0.23584772456432468
35 0.14385595089679973 0.5829495487999269 0.22147735389503395 0.16643844499482013
35 0.32817640381889907 0.5946619524384181 0.18839211850553053 0.149285178245597
35 0.48500310227677146 0.6136945504525568 0.16301028896022593 0.12624578453190338
35 0.44106355641339146 0.1745742384180635 0.25686147483619665 0.22585198635114892
35 0.19811812581242655 0.11712764970954974 0.3068887483751469 0.22974327377853632
35 0.4575164452114616 0.08307809718556916 0.22559210957707682 0.1338442688161376
35 0.6560124464292776 0.13376310959156595 0.2189250982129911 0.1991053957806083
35 0.6220311383943282 0.24398998014589587 0.21393758928453738 0.18169957195929073
35 0.7705680499205698 0.29000245512450523 0.17915348620028232 0.15666103060296183
35 0.8026868490270653 0.1968903099630695 0.17915348620028232 0.15666103060296194
35 0.9139089468363146 0.32013521897824415 0.16509098620028234 0.15600605913900925
35 0.9295942224038599 0.2278214404421969 0.13688416558343128 0.15000861621110373