35 0.8605617637900537 0.17063840970453253 0.2226264724198928 0.25318372611071516
35 0.7204906932569402 0.17030593878490205 0.1933936134861197 0.26707962613895003
35 0.7410148272635381 0.4062735308641594 0.1712912929530063 0.25799305247554416
35 0.8680547003830761 0.3972387070595792 0.1851264724198928 0.2509995998305907
35 0.7607493510827215 0.6155876176817449 0.1593081185006847 0.22141851564384113
35 0.8763108519406512 0.7858762728304772 0.1391487311953817 0.171888952503779
35 0.7719499608744245 0.7954494229292993 0.14084762351524968 0.17666745776545073
35 0.8750485656515625 0.9255612851280557 0.1313362311953817 0.1488774297438887
35 0.786471798958515 0.9302263983245875 0.11704641066226813 0.13954720335082485
35 0.5200692121280657 0.7917350758001317 0.12406930047485361 0.18972889988706054
35 0.5586279437856655 0.9333486392225424 0.11847251834239998 0.13330272155491513
35 0.46697164119924073 0.9349836103186409 0.11847251834239998 0.1300327793627183
35 0.42910323132839545 0.7981755206231643 0.1313816953020041 0.17299642619541977
35 0.6313273093833563 0.8678642072713407 0.12039873119538136 0.1707968893637169
35 0.4852947100164946 0.6151956916274994 0.13826819279472174 0.19523544724210726
35 0.383027516363843 0.6334990996188293 0.15729097743445788 0.20570251038216938
35 0.4386112412910184 0.4176157653614926 0.18374582884638357 0.25715859456891893
35 0.32800035022479157 0.4268248944136272 0.17427990063313822 0.25348756299888786
35 0.389476373977468 0.16980832594130596 0.2038142879384413 0.3035631577089811
35 0.2532433572844205 0.1720471181758551 0.20997335972519604 0.30080217875566856
35 0.526976373977468 0.1778167889684287 0.14685358260730724 0.22225297355046642
35 0.5536655914493029 0.3632761468327016 0.13348976458147632 0.1918374314570917
35 0.5857924666804122 0.52322727048199 0.11088733887551357 0.16556335779368575
35 0.12162231809233795 0.446107702503779 0.2040128647397609 0.256779162970653
35 0.0736049845605938 0.19338524992941283 0.1472099691211876 0.3023954998588257
35 0.041919412378127754 0.4542926578501555 0.08383882475625551 0.22733531570031093
35 0.0942317893250966 0.6612853814712091 0.18421719028743927 0.21974959983059072
35 0.20764107145755023 0.6365877603115822 0.1622057979675712 0.21378802616718495
35 0.26504073132839556 0.7886199681476203 0.14254651583511763 0.18144596302712265
35 0.16962293124925326 0.8135828998164734 0.14254651583511757 0.18144596302712265
35 0.3092046053058635 0.9265309498729432 0.14222826708875883 0.14693810025411375
35 0.21346019629294802 0.9386445420227876 0.1382394490629279 0.12271091595442485