35 0.1421875 0.88515625 0.28359375 0.1890625
35 0.14375 0.74921875 0.2875 0.1578125
35 0.39765625 0.75390625 0.2296875 0.1390625
35 0.3921875 0.8765625 0.22265625 0.15390625
35 0.6015625 0.7609375 0.19609375 0.13203125
35 0.76875 0.8640625 0.15 0.11796875
35 0.77578125 0.7625 0.1546875 0.11796875
35 0.915625 0.85390625 0.15 0.1109375
35 0.9171875 0.7671875 0.14453125 0.09765625
35 0.7640625 0.5171875 0.16953125 0.10078125
35 0.915625 0.54609375 0.140625 0.0984375
35 0.915625 0.45703125 0.140625 0.0984375
35 0.76875 0.42890625 0.15234375 0.1109375
35 0.8421875 0.6203125 0.15234375 0.1
35 0.59296875 0.49296875 0.1734375 0.1140625
35 0.6078125 0.3921875 0.18046875 0.13203125
35 0.4 0.459375 0.228125 0.15234375
35 0.40625 0.35078125 0.225 0.1421875
35 0.153125 0.4265625 0.28125 0.16796875
35 0.153125 0.29296875 0.275 0.1734375
35 0.1703125 0.55859375 0.19921875 0.1203125
35 0.35 0.57421875 0.16953125 0.1109375
35 0.50625 0.59609375 0.14765625 0.0921875
35 0.41875 0.15 0.22578125 0.17421875
35 0.171875 0.0875 0.27265625 0.171875
35 0.42421875 0.0515625 0.2078125 0.1
35 0.6265625 0.1109375 0.18984375 0.15625
35 0.60546875 0.2234375 0.1890625 0.13671875
35 0.7546875 0.26953125 0.15859375 0.1203125
35 0.7765625 0.17578125 0.15859375 0.1203125
35 0.9078125 0.30390625 0.15859375 0.1203125
35 0.9203125 0.209375 0.146875 0.11796875