35 0.7981940272120056 0.8608023294694025 0.2477851613621805 0.22249571840251942
35 0.6694877718810055 0.8488673566554397 0.2309976507001803 0.2561703814443813
35 0.7399382739099587 0.6328165923209836 0.19996582670272556 0.2736470415204934
35 0.8629666939051862 0.6629431496216267 0.21399196403563464 0.27109504448624283
35 0.8009046879376391 0.42652282996369395 0.1854851560311804 0.23713653855474384
35 0.9330461206238201 0.27745663578146235 0.12867153469127146 0.18640702669174572
35 0.8474813379615018 0.24892707057215385 0.15997607869190808 0.19236786661563351
35 0.9495261906429102 0.13622679931761558 0.09876585868872638 0.16644735376405229
35 0.8880983419796372 0.11374164566729406 0.13146927068745384 0.1584093606841345
35 0.598844390634956 0.20908195646515929 0.14602266669318062 0.20116986364988404
35 0.6660875293205006 0.07330689498162823 0.13459427068745367 0.14661378996325647
35 0.5764801366565914 0.063809196122217 0.1345397266868172 0.127618392244434
35 0.5108631326384558 0.1868978917501424 0.152127216024817 0.18892453163466155
35 0.7228818746419556 0.15248976376580234 0.1411533533577261 0.18535386266130088
35 0.5289302379455935 0.3790389707996153 0.16175675469445316 0.2111815336118279
35 0.43251886195100225 0.3431425745636676 0.18063402402927142 0.2228830375661605
35 0.44395415925368553 0.568350821597918 0.2156271893698165 0.2774087114824372
35 0.33731380792491256 0.5391182608372338 0.20149196403563466 0.2705857085166876
35 0.346622983887687 0.8128276748676788 0.24442489871099796 0.3363672174139364
35 0.21185763255891404 0.7847411200384936 0.2490578547103616 0.3318707184025193
35 0.48393207988545983 0.8236312292025723 0.17454765603118041 0.23669086958138302
35 0.5469422519096405 0.643023216350991 0.15699652936027136 0.20474053262324468
35 0.6104245912635486 0.4889458700013126 0.13324994668999893 0.17722302768032883
35 0.13884049260027578 0.48317330285201876 0.2359760520369074 0.28136138243296427
35 0.06624951929504722 0.7198230686693495 0.13249903859009443 0.3228538626613009
35 0.058946643976773794 0.4568919871484187 0.11789328795354759 0.23934102570316257
35 0.15387678862986534 0.26469521688246367 0.20736015603118035 0.2380278765014653
35 0.26112566728995656 0.3087396941450506 0.18855561203054405 0.2325763725471326
35 0.3471097153087284 0.1670204263505535 0.16315562269254427 0.19718270060802232
35 0.2593557239815463 0.12530511163553662 0.16315562269254427 0.19718270060802232
35 0.41876763399109135 0.05868529741481132 0.15933973201781731 0.11737059482962264
35 0.32605342266072757 0.03862480680635148 0.1510181546785449 0.07724961361270297