35 0.2546875 0.703125 0.19609375 0.0625
35 0.08125 0.69453125 0.1625 0.0640625
35 0.2703125 0.66484375 0.196875 0.0578125
35 0.09375 0.6546875 0.16796875 0.05546875
35 0.7 0.7203125 0.12734375 0.04453125
35 0.5734375 0.71328125 0.13359375 0.0453125
35 0.440625 0.678125 0.16328125 0.053125
35 0.70703125 0.6921875 0.1265625 0.03984375
35 0.584375 0.68359375 0.134375 0.0421875
35 0.7171875 0.621875 0.11640625 0.040625
35 0.55625 0.63125 0.11640625 0.03515625
35 0.44140625 0.6203125 0.1296875 0.03828125
35 0.48046875 0.5609375 0.1609375 0.05078125
35 0.62109375 0.5796875 0.1453125 0.04453125
35 0.5953125 0.6078125 0.15 0.04453125
35 0.73125 0.5953125 0.11875 0.03828125
35 0.45546875 0.590625 0.1546875 0.04296875
35 0.29921875 0.571875 0.2046875 0.053125
35 0.31640625 0.5375 0.1984375 0.05390625
35 0.1296875 0.553125 0.16328125 0.053125
35 0.15 0.5171875 0.165625 0.05546875
35 0.1890625 0.59609375 0.11328125 0.0421875
35 0.0859375 0.5875 0.09765625 0.040625
35 0.31171875 0.61171875 0.1515625 0.0453125
35 0.4828125 0.5046875 0.16953125 0.05546875
35 0.31328125 0.4765625 0.2078125 0.05859375
35 0.3421875 0.44609375 0.19140625 0.0515625
35 0.4984375 0.4703125 0.18359375 0.05390625
35 0.19453125 0.4109375 0.1671875 0.05859375
35 0.17421875 0.4515625 0.1578125 0.05390625
35 0.6796875 0.4328125 0.08046875 0.0375
35 0.61640625 0.41875 0.0828125 0.040625
35 0.54921875 0.4125 0.0890625 0.06484375
35 0.71015625 0.459375 0.0890625 0.03515625
35 0.77578125 0.4734375 0.0796875 0.03359375
35 0.79375 0.37734375 0.08671875 0.0453125
35 0.728125 0.36328125 0.08671875 0.0453125
35 0.684375 0.34375 0.0875 0.05078125
35 0.60546875 0.32421875 0.1140625 0.0671875
35 0.5296875 0.30625 0.0875 0.06484375
35 0.45625 0.30625 0.11875 0.06015625
35 0.46875 0.26484375 0.109375 0.0453125
35 0.3734375 0.24609375 0.109375 0.0453125
35 0.27265625 0.246875 0.1265625 0.06953125
35 0.359375 0.284375 0.11328125 0.05625
35 0.6421875 0.14375 0.11875 0.06015625
35 0.5484375 0.0859375 0.14453125 0.08984375
35 0.75625 0.19375 0.11875 0.06015625
35 0.72109375 0.15 0.0828125 0.05625
35 0.8140625 0.3109375 0.06953125 0.05546875
35 0.7640625 0.290625 0.084375 0.05625
35 0.7078125 0.2703125 0.084375 0.05625
35 0.6484375 0.2484375 0.084375 0.05625
35 0.58046875 0.2234375 0.0890625 0.06484375
35 0.509375 0.196875 0.09609375 0.06640625
35 0.43125 0.1671875 0.10078125 0.06640625
35 0.3484375 0.1296875 0.12890625 0.07421875
35 0.63125 0.53046875 0.15390625 0.0484375
35 0.6390625 0.5 0.14296875 0.046875
35 0.7578125 0.5484375 0.12734375 0.04453125
35 0.7609375 0.521875 0.12265625 0.03984375