35 0.30179320081045746 0.357377567276569 0.10295141832631982 0.22374511646291478
35 0.3013318654237621 0.165517615897088 0.10051589908902621 0.1986632293077851
35 0.3455704826616229 0.36045165762020204 0.09670141832631982 0.22341756784239583
35 0.3483705565307547 0.17266173055098052 0.09092264427970279 0.19192190637700662
35 0.30512659817020304 0.8324627764579662 0.07215279691210785 0.14570864767057934
35 0.307438087918584 0.69767501865605 0.07393355172143128 0.1520405348257091
35 0.3410714995366638 0.5442534475342937 0.08601688947037926 0.18542624491161738
35 0.3386112207655413 0.8310983502932558 0.06423116950744615 0.14217421189493046
35 0.3409499923650877 0.6970918424913396 0.06924605172143128 0.15179487336031983
35 0.4153820518910673 0.8187455144721785 0.06384922359113024 0.13123671189493039
35 0.3970982994439966 0.6524654172311404 0.05759922359113023 0.13090916327441154
35 0.40280760770403184 0.5256539337394839 0.06444942431676956 0.14842421189493055
35 0.469141935834333 0.5494056942549335 0.08278276206571764 0.18213747060135788
35 0.4565204286627568 0.7015889919709413 0.07280756134007813 0.16445864767057933
35 0.4262872916394483 0.6844081360234759 0.07453375244707079 0.16922803482570908
35 0.44595992929572903 0.8234673139972086 0.062450414698122715 0.1358423247398008
35 0.4365650488110244 0.5321020075747736 0.07318950725639421 0.17539614767057934
35 0.45003972785229945 0.35968809701389537 0.0922867368379741 0.23098440637700665
35 0.4869767326616229 0.36786244515944455 0.09363098202865068 0.22481629353213642
35 0.4599528972749276 0.1746104121427578 0.08601688947037936 0.18542624491161736
35 0.5016592476377473 0.18537417175369622 0.08919645317271012 0.1871525192218768
35 0.4166146142426358 0.25110099106643013 0.06681053248413757 0.12671298620519006
35 0.4221974369306413 0.14299856399720862 0.06319445916315995 0.11248671189493056
35 0.40729915634542024 0.38630150667026236 0.07458831614940156 0.1707905348257091
35 0.5316865758528664 0.5316283740376884 0.08936014427970278 0.1918400192218769
35 0.5555258360196674 0.3433814235627185 0.10026292794496658 0.23608134215265544
35 0.5905556004476378 0.36393294097557305 0.08861609981466553 0.21519563206674713
35 0.5692684214063627 0.5359374157608023 0.08990578130301116 0.2074650192218769
35 0.6213541887447398 0.19632603912112223 0.09243058057737183 0.19044129353213637
35 0.5749876202330857 0.18609786804479456 0.08579863466105593 0.17917624491161735
35 0.622281837918584 0.714175280414695 0.053110131032858734 0.09168288896415219
35 0.6330258757601992 0.6422150712332979 0.05796132213985139 0.09661605042954129
35 0.6367386636018144 0.5698863698538169 0.08635914065150559 0.1059025192218769
35 0.594122121583848 0.7563694244672297 0.05187501324684405 0.10097600180902226
35 0.581116179295729 0.8305505529159323 0.04998513103285873 0.09151911465389242
35 0.6890006011654279 0.8159292101974499 0.0658829495445131 0.10015048620519025
35 0.7012525753047123 0.7424883881711826 0.0658829495445131 0.10015048620519007
35 0.7212178457231323 0.6889473083429991 0.07062501324684405 0.10195864767057934
35 0.7375571191367772 0.5985646477821209 0.09353672359113005 0.13279256784239593
35 0.7548958973597456 0.5144729307988077 0.08630457694917482 0.1043400192218769
35 0.7490699940943683 0.43696540648854826 0.08588791469812271 0.13707063206674713
35 0.7965625529873757 0.4347754647200057 0.06831846878180663 0.12523237336031984
35 0.8116022212288776 0.3295081105815627 0.06831846878180689 0.12523237336031984
35 0.8055208576192138 0.22235402984886807 0.0972073606144388 0.14858134215265534
35 0.7709772212288775 0.3273790445481891 0.08098215988879928 0.13057497060135786
35 0.9380283450901601 0.577878090793859 0.08588791469812271 0.13707063206674697
35 0.9674479387447399 0.4589952939823623 0.06510412251052031 0.16494997060135788
35 0.8882242964487718 0.7148557903643177 0.08588791469812271 0.13707063206674713
35 0.9363418487183572 0.6635699293284697 0.07509425843752027 0.09595430913596843
35 0.7623835374630972 0.8182154064885483 0.07309524881887378 0.08337242198083886
35 0.7821032712210283 0.7576430766603648 0.07520338584218215 0.0990793091359686
35 0.8023314364673052 0.6892991904097462 0.07520338584218215 0.0990793091359686
35 0.8240675380112512 0.6194746913142574 0.07520338584218215 0.0990793091359686
35 0.8477381617877159 0.5380542729514631 0.08635914065150559 0.1059025192218769
35 0.8728621581595188 0.45359074174379865 0.08663195916316013 0.1137150192218769
35 0.9017014315731636 0.36386317842395854 0.0915377139724832 0.12021068068726617
35 0.939561040921658 0.264470688034897 0.10351192431676992 0.15047139077317437
35 0.5125248920022679 0.6975056795556124 0.07943950725639404 0.17572369629109835
35 0.5467362008952754 0.6946196969684669 0.07582343393541642 0.16149742198083886
35 0.49631459336087963 0.8362439529613607 0.07215279691210803 0.14570864767057934
35 0.5281275885515562 0.8316726396415206 0.0641220421027846 0.13904921189493075