35 0.7456612293920882 0.4457401574624612 0.1072874306969986 0.2252648271096728
35 0.8052073100334075 0.26009871225099956 0.1054522106938169 0.20180005357072242
35 0.703319188056952 0.43172252191080196 0.10261811203054413 0.22674550649282174
35 0.758186859365044 0.2467805060824894 0.09287948535963508 0.19533186525911975
35 0.5963735854550853 0.9071025771063773 0.07356586401972631 0.14656708279171582
35 0.6362253314369498 0.7742315758885615 0.07521927068745349 0.15440685633066592
35 0.6515219727482235 0.6120315848170153 0.08966357869190791 0.18746481818121907
35 0.5657412034531764 0.8925082430968458 0.06727950135263541 0.14333298863591432
35 0.6048207901018136 0.7604048551095547 0.07367495202099902 0.1559420827917158
35 0.4957099667806766 0.8483258206135558 0.06718859468490823 0.13552048863591432
35 0.5642043334261321 0.693303129866321 0.05935791335136287 0.1338216209411625
35 0.5978969860757238 0.5681355344927037 0.06891472668681722 0.1496102621748646
35 0.5267486920750875 0.5622070884704632 0.08493971602481701 0.18425799756436803
35 0.4926111440960865 0.7162672970746053 0.07692722135581712 0.1669341298696164
35 0.5269316000954501 0.7121798149315129 0.07856244668999893 0.1732114034085665
35 0.4651503101129494 0.8399814866040242 0.0672067760184536 0.1370829886359143
35 0.5634310794079965 0.5597230166357962 0.07705449069063519 0.1778716298696164
35 0.6043726107176794 0.3862542889569306 0.09802151869827132 0.2344761858759707
35 0.5660004540499524 0.3777735872526472 0.09793061203054414 0.2266636858759707
35 0.650664713359317 0.20272476866439107 0.08966357869190808 0.18746481818121905
35 0.6076141473583625 0.19494349634325675 0.09126244135899882 0.19061709172016936
35 0.6689249120384982 0.29521227759284485 0.06711586935072641 0.1292704886359143
35 0.6973488093570899 0.18713672483290128 0.06380905601527206 0.1135909415580136
35 0.6361225973901792 0.42976850973593733 0.07858062802354446 0.1747739034085667
35 0.4739140460693605 0.5191059249156268 0.09287948535963508 0.19533186525911966
35 0.509168651376498 0.32679173985043497 0.10590674403245295 0.24086255357072242
35 0.46860728604390706 0.33155137783772615 0.09473288669636233 0.22035913879807012
35 0.43551461740131503 0.5082814732113435 0.0946237986950896 0.21098413879807013
35 0.49078063602004446 0.1561928676914564 0.09753062269254435 0.19228868587597076
35 0.5385368833545445 0.16561846062944177 0.0895908533577261 0.18121481818121904
35 0.3310463880887687 0.6595518725627204 0.057340880012726636 0.09473184740221222
35 0.3434549340785873 0.5847836976437982 0.060484061346272176 0.09634889448011279
35 0.3605873427354968 0.5132223433417271 0.09029883068109026 0.10780459172016936
35 0.344936712762541 0.7121274476437982 0.0527442866804539 0.10246252678536116
35 0.3341270294398133 0.7900478961016707 0.05107269867918127 0.09306025324641087
35 0.23579807009863182 0.7305307999172744 0.06835110534690844 0.1011727621748646
35 0.2466168440881323 0.653391601459402 0.06835110534690844 0.10117276217486477
35 0.2451356127466327 0.5932217146899268 0.07307496801399935 0.10437958279171564
35 0.25652655140036057 0.4981274030015296 0.09529541335136278 0.13444891233702042
35 0.2664277153882702 0.40925581777418196 0.0871556493475448 0.10618754464226865
35 0.2952606927116343 0.3363365150142384 0.08909995735199913 0.13902731818121908
35 0.2504839947087708 0.3144654691541537 0.0702045066836356 0.12620003571381488
35 0.26875164202736235 0.20621263839103293 0.07020450668363551 0.12620003571381497
35 0.306614174013363 0.10376947686479147 0.10016472668681722 0.1501557329538714
35 0.3079777740292714 0.2209569768647915 0.08433973201781733 0.13269549756436802
35 0.0725504460534521 0.3949363989443398 0.08909995735199913 0.139027318181219
35 0.07098685136854384 0.2605613989443398 0.0893726773551808 0.16246481818121908
35 0.07745721674090568 0.5481159460222405 0.08909995735199916 0.13902731818121908
35 0.04774189739813338 0.4780801355516592 0.07927042401336301 0.09980117694751697
35 0.16594864676158655 0.7019733774339844 0.07440111067790856 0.08409435633066593
35 0.1651577587523597 0.6340046274339843 0.07928860534690844 0.10136367694751698
35 0.1674191454089511 0.559840424511885 0.07928860534690844 0.10136367694751698
35 0.16808166939845157 0.48252394805083537 0.07928860534690844 0.10136367694751698
35 0.17017942405313394 0.39429724512873604 0.09029883068109026 0.10780459172016936
35 0.17221354404040723 0.30060179220663674 0.09197041868236293 0.11720686525911975
35 0.17262152936027148 0.20141031574558704 0.09202496268299924 0.12189436525911974
35 0.1666340640117722 0.08960974512873604 0.10643290802036268 0.15182732710967278
35 0.4407304707590412 0.6880235202892442 0.08328630935708983 0.17641822402541757
35 0.4093077480903594 0.6726342995102373 0.07847154002227175 0.1653989034085667
35 0.4134787221116767 0.829706459818663 0.07356586401972631 0.14656708279171574
35 0.38439065877622225 0.8135768993480816 0.0672431386855445 0.1402079886359143