35 0.37109375 0.71796875 0.2046875 0.0609375
35 0.1859375 0.74140625 0.18046875 0.0640625
35 0.365625 0.6765625 0.20546875 0.05546875
35 0.1828125 0.6953125 0.17578125 0.05390625
35 0.8296875 0.6578125 0.13203125 0.04453125
35 0.6984375 0.671875 0.13828125 0.04453125
35 0.54375 0.65859375 0.16953125 0.0515625
35 0.821875 0.6265625 0.13125 0.03828125
35 0.6921875 0.640625 0.140625 0.040625
35 0.79453125 0.5546875 0.1203125 0.03984375
35 0.6375 0.5921875 0.12109375 0.03359375
35 0.5140625 0.6015625 0.13671875 0.0375
35 0.52265625 0.53515625 0.1671875 0.0484375
35 0.67265625 0.5296875 0.1515625 0.04296875
35 0.6625 0.5609375 0.15625 0.04296875
35 0.79296875 0.525 0.1234375 0.0375
35 0.5125 0.56875 0.1625 0.040625
35 0.34375 0.5765625 0.21484375 0.04921875
35 0.34296875 0.53984375 0.2078125 0.0515625
35 0.1625 0.58828125 0.16953125 0.0515625
35 0.1640625 0.546875 0.171875 0.05390625
35 0.2453125 0.62109375 0.11640625 0.0421875
35 0.1390625 0.62890625 0.1 0.0421875
35 0.378125 0.6140625 0.15859375 0.04296875
35 0.4921875 0.478125 0.17578125 0.053125
35 0.30625 0.478125 0.21875 0.05625
35 0.31875 0.4421875 0.20078125 0.04921875
35 0.48984375 0.44140625 0.1921875 0.0515625
35 0.15078125 0.43203125 0.1734375 0.0578125
35 0.15 0.478125 0.16328125 0.053125
35 0.65078125 0.3703125 0.0828125 0.0375
35 0.5796875 0.36875 0.084375 0.040625
35 0.509375 0.37265625 0.08984375 0.0671875
35 0.69765625 0.3921875 0.0921875 0.03359375
35 0.771875 0.3953125 0.08203125 0.03359375
35 0.7359375 0.29375 0.0875 0.046875
35 0.6625 0.290625 0.0875 0.046875
35 0.60703125 0.27890625 0.0890625 0.0515625
35 0.515625 0.2734375 0.115625 0.06875
35 0.43125 0.2671875 0.0875 0.06640625
35 0.3578125 0.28203125 0.12109375 0.0609375
35 0.3453125 0.23671875 0.11328125 0.0453125
35 0.240625 0.23515625 0.11328125 0.0453125
35 0.13828125 0.253125 0.1296875 0.06953125
35 0.246875 0.27421875 0.11640625 0.0578125
35 0.45625 0.08515625 0.12109375 0.0609375
35 0.33046875 0.046875 0.1453125 0.084375
35 0.5984375 0.11640625 0.12109375 0.0609375
35 0.53828125 0.0765625 0.0828125 0.05859375
35 0.7234375 0.22421875 0.06875 0.0578125
35 0.6609375 0.2125 0.084375 0.05859375
35 0.590625 0.2015625 0.084375 0.05859375
35 0.51875 0.1890625 0.084375 0.05859375
35 0.4359375 0.17578125 0.08984375 0.0671875
35 0.3484375 0.16171875 0.09765625 0.0671875
35 0.25625 0.1453125 0.10234375 0.06875
35 0.15234375 0.1203125 0.1296875 0.07578125
35 0.65625 0.4765625 0.16015625 0.046875
35 0.6484375 0.44453125 0.14921875 0.0453125
35 0.79375 0.475 0.13203125 0.04453125
35 0.784375 0.4453125 0.12734375 0.03828125