35 0.19878787483539778 0.299265258367743 0.21334709765100207 0.09386726594251646
35 0.05353887397746797 0.3297826752601992 0.10707774795493594 0.08418464947960161
35 0.21874502216983077 0.33722228177349134 0.21321070533113406 0.08917976594251656
35 0.06145066237812776 0.37151979590698553 0.12290132475625552 0.07571040818602892
35 0.6645552788337483 0.2163510232942067 0.1391821719450391 0.0650185696514182
35 0.5327824416075876 0.24119829432510587 0.1454776360516618 0.06690861827193721
35 0.3961713401956617 0.29828153324382944 0.17860838479802066 0.07956574852966192
35 0.6738704428612288 0.24472500678586329 0.13748327962517112 0.06024918249628843
35 0.5459583915284452 0.27093005992893804 0.14538670783841656 0.06378361827193721
35 0.6897478439565854 0.31565830450187116 0.12659124373179384 0.06123847241038014
35 0.5200802016367174 0.32923056083344926 0.12640938730530316 0.05498847241038014
35 0.39991245414399984 0.35736992820087526 0.1405628155185485 0.05885045680654795
35 0.44508255014564924 0.4135070635469827 0.17539245658477537 0.07627697421940245
35 0.5913497963847256 0.37307905811991576 0.15797763605166182 0.06756371551297517
35 0.5624351861973111 0.3480724140673811 0.16114810015828454 0.06928998982323469
35 0.7054039361973112 0.3405797393730088 0.12962531551854858 0.05827724672063965
35 0.41697192201154626 0.3876782259168831 0.16735263605166187 0.06805503844375371
35 0.2535171757724699 0.42900699005037735 0.22249477711788873 0.08654608887329504
35 0.27361071542677096 0.46227651345612564 0.214636813011266 0.0845741530976463
35 0.08378983788623495 0.4732936578473447 0.1675796757724699 0.07956574852966192
35 0.10144855892113791 0.5079619069428334 0.180261813011266 0.08277263568479185
35 0.13754283478538537 0.42026383310754384 0.12351170783841652 0.06263719810012063
35 0.04154132765924939 0.44359619176854254 0.08308265531849877 0.05655761646291495
35 0.26492368870459365 0.3855059735420339 0.16427310015828453 0.0694537641334942
35 0.4503861640939874 0.4725135713488989 0.1849493130112659 0.08301829715018094
35 0.27484895500192963 0.5269564891458662 0.2258016335443794 0.0929598631835546
35 0.3076243510827214 0.5533209153105765 0.20517088479802065 0.08095783016686778
35 0.4681586858015997 0.5051246754873417 0.20057431301126596 0.0838371687014785
35 0.15458426761748426 0.6120452193581624 0.181960705331134 0.08754202283992144
35 0.1307890664429853 0.5719491638402385 0.17235838479802065 0.0792381999091429
35 0.6612494562555709 0.5176269182512525 0.08886392319868044 0.05146068068726599
35 0.5957919408161647 0.5421189851891373 0.09212531551854859 0.056311954997525684
35 0.5258742459098719 0.5590442135924112 0.10222774122451135 0.08180327792830404
35 0.6918235063347131 0.48560231230378736 0.09819345909205772 0.05038950361804453
35 0.7596020397208081 0.4617686646332079 0.08872753087881229 0.04677318068726617
35 0.7840588189502677 0.5595543894184373 0.09534124373179384 0.05960072930778519
35 0.7162802855641729 0.5833880370890165 0.09534124373179384 0.05960072930778502
35 0.6718483239648327 0.6091183774326497 0.09864810015828454 0.06601450361804453
35 0.5905384879923131 0.6422418159218319 0.12731866943775677 0.08623847241038014
35 0.5124445802330388 0.6720764801007546 0.10066524122451134 0.08172139077317446
35 0.43491897380654815 0.6823798942796773 0.13182431301126596 0.08023413387576941
35 0.45087894292773567 0.7236666355732501 0.11882420783841643 0.06239153663473136
35 0.3516230890085275 0.7569505263464245 0.11882420783841656 0.06239153663473136
35 0.2467082684754141 0.7702494657401179 0.14147209765100205 0.09010045680654777
35 0.3355721916740945 0.7187887850528517 0.12543792069139795 0.07521908525525038
35 0.6398612234108366 0.8237507654922906 0.1318243130112659 0.08023413387576923
35 0.5456505706661273 0.8981133576449458 0.16246655925034226 0.11460248982323477
35 0.755742287675744 0.7552730031678186 0.1318243130112661 0.08023413387576941
35 0.7222789183171295 0.8061704398479786 0.09414245658477541 0.07201884215265517
35 0.8094476123654925 0.6253088642036666 0.07842652837152997 0.06807497060135788
35 0.7586974546062182 0.6537105031678188 0.09414245658477541 0.07201884215265544
35 0.7009160468469441 0.6824806343300546 0.09414245658477541 0.07201884215265544
35 0.6399187108744243 0.7145395398025501 0.09414245658477541 0.07201884215265544
35 0.5702139646353481 0.7509550746282592 0.10222774122451135 0.08180327792830404
35 0.4966029683962718 0.7875753273417926 0.10847774122451134 0.08213082654882306
35 0.41736409778401606 0.8299509350982802 0.11477320533113407 0.08402087516934209
35 0.333142210478713 0.8827284543201571 0.14321645407749273 0.0964323439616777
35 0.6054744808661772 0.4238226865686183 0.16748902837152996 0.07274253844375375
35 0.6139401987337234 0.4545813636378398 0.15494356426490724 0.07052494120271575
35 0.7360712629986308 0.3857760526928488 0.1391821719450391 0.0650185696514182
35 0.7415029090794224 0.4135735040723299 0.1327957796251713 0.06000352103089916