35 0.22284022477372162 0.25311138867708355 0.10052234656639661 0.2146093202884723
35 0.2207790727878603 0.09586193313000019 0.08878001778268027 0.13005248233256952
35 0.26444552791687476 0.26659331363895855 0.09590762117350246 0.21606271751493064
35 0.2636386608772015 0.0992057918874655 0.07998721463952715 0.14233427678548619
35 0.24007034264196436 0.7227705784565974 0.0689769400324213 0.14051720364722228
35 0.23766243424596226 0.5897580567051044 0.07083053846084475 0.14680357123840276
35 0.26463381079614823 0.4472620853904516 0.0848588052100677 0.17990701196784725
35 0.27110201882064683 0.7281854302802087 0.06428944003242129 0.14040810087368066
35 0.2701474485139859 0.597553026119896 0.06777831306795061 0.1482933360560416
35 0.34599285690998804 0.7322748246568753 0.06370724317557448 0.12790810087368065
35 0.3225661271738677 0.5635787228332643 0.05738446856846861 0.12620013050895834
35 0.3251539338316775 0.4408497376509031 0.06443498924663302 0.14353310087368065
35 0.3907767797789016 0.476007294071667 0.08158825599585598 0.17670927678548623
35 0.38222791749673923 0.6259709264804865 0.07297523531769165 0.15933993882958325
35 0.3497257866033271 0.6017515232701045 0.07326633374611502 0.16558993882958326
35 0.374389684660247 0.7438851250937157 0.06229029238978612 0.1309967332825
35 0.3582382615819365 0.452569140861285 0.07184938296032675 0.16867857123840277
35 0.3651711199351574 0.2869259570656948 0.09307371960192583 0.2222399823325695
35 0.40283378577475765 0.30109821304961837 0.09122012117350242 0.21595361474138902
35 0.3720140870558839 0.1064208394745142 0.0848588052100677 0.17990701196784728
35 0.4110937036812724 0.12375446304961842 0.08812935442427942 0.18310474715020839
35 0.3305307543432262 0.17427983349059056 0.06356169396136276 0.12478310087368061
35 0.33146401571576567 0.07028266451263918 0.059126751033457305 0.09658536569131948
35 0.32449046195344 0.3039673334905905 0.07326633374611502 0.16558993882958345
35 0.45111496629666625 0.47350119633211846 0.08983740363849116 0.18626611474138902
35 0.4674057080244986 0.2916517842880212 0.09954204342324342 0.22707295269729172
35 0.501288402400146 0.3198138050895838 0.0893665227450791 0.20966724715020835
35 0.48732429404692523 0.4852933347248616 0.08892987510244392 0.2002922471502085
35 0.5267529369320494 0.1592945323881602 0.09132712903138529 0.1847399823325695
35 0.48138693300310803 0.14259668844833376 0.08456770678164424 0.17365701196784727
35 0.5419817531048812 0.6719224721676741 0.05414815260503385 0.09022626291777787
35 0.5521786985139859 0.6041173763279866 0.05898120181924558 0.0934603656913195
35 0.5539274431373025 0.532987258736806 0.08441784946188076 0.10341724715020853
35 0.5160891871414464 0.7072962745043755 0.05294952564056317 0.09800239532659738
35 0.5073455798216828 0.7774814879352434 0.047825377997927986 0.08851829255305557
35 0.6101794813932594 0.7861317489531603 0.0622517510334573 0.09665810087368065
35 0.6197407260165759 0.7151834693178826 0.0622517510334573 0.09665810087368065
35 0.6352052142297516 0.6686175938429172 0.06864730024766885 0.09992857123840278
35 0.6501453176205738 0.5829346669811811 0.09190501778268026 0.13012521751493064
35 0.6640858471900783 0.5019210563238548 0.0843450748547749 0.10185474715020834
35 0.6567506902418183 0.4243227331855909 0.08267556699689198 0.13303201196784725
35 0.7024805672062889 0.4332080771254173 0.06654114474715093 0.12173083605604162
35 0.7142785539717227 0.3310279812857298 0.06654114474715093 0.12173083605604171
35 0.705128339951368 0.22523192296510475 0.09568498924663302 0.14426045269729176
35 0.6725277016143577 0.32067105632385473 0.0792594685684687 0.1267092767854862
35 0.8431675715495152 0.6030692482875702 0.08431084160399785 0.13463087955902786
35 0.8973349948327135 0.4979648274097578 0.11857883374611511 0.16664459897381967
35 0.7998092156774937 0.7279776760992368 0.08431084160399785 0.13463087955902786
35 0.8432167673729047 0.6859726672655215 0.07467897642635143 0.0953865416031249
35 0.6821807599293066 0.8018853419430562 0.07089900496239868 0.08125130642076392
35 0.6988631457851175 0.7459626502636811 0.0747517510334573 0.09694904160312508
35 0.7150189927657988 0.6845530247887159 0.0747517510334573 0.09694904160312508
35 0.7336641389606919 0.6200729507005215 0.0747517510334573 0.09694904160312508
35 0.7550896827982202 0.5462724279990979 0.08441784946188076 0.10341724715020853
35 0.776697163153513 0.46856565529767435 0.08790672249741008 0.1113024823325695
35 0.8017571292407822 0.3839003677786118 0.08812504631872749 0.11598998233256949
35 0.835738331060028 0.29240385201104235 0.1004452638537388 0.14593205547083343
35 0.4359158436754217 0.6319131083762157 0.07653688296032683 0.16878767401194458
35 0.467765157157657 0.636564893995417 0.07439218610347993 0.15625130642076393
35 0.4257873647678709 0.7654159393982642 0.0689769400324213 0.14051720364722228
35 0.45540209016076505 0.7676694236306949 0.0640711162111037 0.13572060087368065