35 0.5710211209127438 0.93951428774241 0.46075827488562526 0.1209714245151801
35 0.18911650427149382 0.9115256554371616 0.33917421561506955 0.14492631087432314
35 0.5580106682154521 0.8570519841683921 0.4254753915268751 0.16205135551659175
35 0.18984124325357707 0.8084552025150622 0.3453514804327084 0.1419104050301244
35 0.18468227098899376 0.855221108359261 0.3320513934267362 0.10731721671852198
35 0.859248472736355 0.9744462155007056 0.19055357123840294 0.051107568998588704
35 0.8539420704759035 0.9223492962605313 0.23288784802388918 0.1415092102256999
35 0.49215570488149324 0.24208945738303092 0.0986583183886113 0.1454136858759707
35 0.421824367875521 0.20650078489974075 0.11221297853284735 0.19094437418757346
35 0.16909875816812514 0.18568985835926086 0.082887848023889 0.13889095048646735
35 0.2256396988975696 0.19917170576147308 0.091027656344514 0.15308981818121903
35 0.2850874340799307 0.203333100241586 0.087575348023889 0.13897277110331835
35 0.35243858824024327 0.21153711241645062 0.09433449430041688 0.16095686525911973
35 0.9670076216752431 0.29106016030183496 0.0659847566495138 0.17778980925276536