35 0.9080915739576838 0.3488684422794274 0.18225325739972434 0.49625687056996615
35 0.9650922679026408 0.7568520386291059 0.057379432049634006 0.36778967787060923
35 0.8137052272835932 0.39973592250776396 0.19279076806172454 0.46232753954332695
35 0.9108860258991409 0.7804367772603994 0.15574420671545255 0.36555069863085593
35 0.9469326139004137 0.7725261181728704 0.09311693738063412 0.35206651878308026
35 0.8532699033259095 0.08948151342023494 0.14033519334818118 0.11504136266130083
35 0.7638437766550006 0.11710249463715464 0.15981244668999892 0.17830536661563356
35 0.2142752025780041 0.6621657134596036 0.16064769334818113 0.11586903361182799
35 0.20470875123332277 0.7454092949805344 0.2077045066836356 0.1334040434976597
35 0.2831860978676425 0.9794885232317047 0.14901930267345423 0.04102295353659073
35 0.2750559718730513 0.9467323965016841 0.16522610534690846 0.10653520699663196
35 0.2562337938813236 0.8850739728511436 0.14956474267981756 0.10292336463846716
35 0.23751161322409592 0.8147468853987139 0.1762545120146357 0.11494320357377177
35 0.08239432932845478 0.13931185079830274 0.16478865865690956 0.1348737015966055