35 0.38125 0.946875 0.44375 0.10546875
35 0.79609375 0.959375 0.3890625 0.08046875
35 0.41015625 0.83515625 0.4109375 0.0890625
35 0.8 0.8546875 0.38203125 0.07578125
35 0.8015625 0.90234375 0.37734375 0.0421875
35 0.08984375 0.94140625 0.1796875 0.1046875
35 0.109375 0.8484375 0.21875 0.103125
35 0.55625 0.240625 0.07421875 0.134375
35 0.6296875 0.2171875 0.08046875 0.178125
35 0.8796875 0.240625 0.05859375 0.12890625
35 0.8234375 0.24453125 0.06484375 0.1421875
35 0.7640625 0.23828125 0.06484375 0.1265625
35 0.696875 0.234375 0.06875 0.15
35 0.059375 0.203125 0.0875 0.16484375