28 0.19154402528065134 0.7717544120312162 0.09109769867214013 0.08599945499752551
28 0.09382414276709401 0.7878098592268257 0.09421360831306051 0.08460072930778502
28 0.29004515779420864 0.7556580212580417 0.09578519867214012 0.08624511646291495
28 0.7661536607210749 0.6744733825210323 0.07227497579950323 0.07251680913596861
28 0.6934565041052166 0.6853123852345658 0.06289997579950324 0.07202548620519007
28 0.8498428594914109 0.6536861697215907 0.08317611436318444 0.0668400192218769
28 0.9233439920049683 0.6388999734304923 0.05813066256778683 0.057717324739800804
28 0.9765008082617468 0.6306470601560807 0.03936248184962743 0.05360967887824373
28 0.19824854323463223 0.6933018634106972 0.08152271077238851 0.05113313206674697
28 0.10757809143923414 0.7058638184082227 0.08153180113146813 0.05269563206674697
28 0.3835366034412867 0.6609419855278216 0.08622839149054773 0.05450379353213641
28 0.47578773595484397 0.6451731433751662 0.08623748184962743 0.056066293532136414
28 0.19622750098195865 0.6379559441433917 0.09103406615858275 0.0750619549975255
28 0.29081783831597613 0.6228455212580417 0.08791815651766247 0.076460680687266
28 0.10399454918656055 0.6505997862960472 0.0847840661585828 0.07473440637700648
28 0.3799576063681529 0.6048967034156459 0.08788179508134393 0.07021068068726617
28 0.47611498888171033 0.5889231433751662 0.08944429508134384 0.07029256784239593
28 0.8919899737563999 0.5241724101106522 0.06601588544042372 0.07062676051544958
28 0.5644689617543472 0.5717965191103351 0.07688066256778665 0.05869997060135788
28 0.9600541725267357 0.504204068862508 0.051844301131468026 0.05113977611928178
28 0.9928984887835144 0.4970156886047832 0.008076120413308985 0.04572193577564878
28 0.7930332815271672 0.8870619137286969 0.048773843285945875 0.06035100180902262
28 0.7383139652703885 0.8953967141582382 0.05189884328594587 0.06051477611928178
28 0.847752597783946 0.8787271132991554 0.048773843285945875 0.06035100180902227
28 0.08973556470465453 0.9535986335370851 0.08485678903121974 0.08723440637700648
28 0.16787874542281375 0.9463792757805976 0.07551815046753818 0.0929930834462283
28 0.24916056167959244 0.9366523937138505 0.07558178298109546 0.10393058344622794
28 0.3288935134749905 0.9246636488022333 0.07558178298109546 0.1039305834462283
28 0.40629180562946826 0.9112352346233104 0.0755817829810955 0.10393058344622794
28 0.48447589296348575 0.8969846268668228 0.07402837334017516 0.10541119629109837
28 0.5540844110156625 0.8800593984635489 0.05829428903121965 0.0858423247398008
28 0.6135048628110606 0.8691351865686183 0.06141928903121965 0.08600609905006032
28 0.6760503146064586 0.8580472003634283 0.06141928903121965 0.08600609905006032
28 0.839490645890352 0.8221462426523691 0.05191702400410492 0.06363977611928177
28 0.7839855344540335 0.8313032366594753 0.050354524004105096 0.0635578889641522
28 0.7323957633767947 0.8386930127787572 0.05347952400410509 0.06372166327441135
28 0.27950256753332486 0.8225965377663851 0.09251475292686617 0.06108134215265544
28 0.09581791394252873 0.847843278494131 0.08148634933607006 0.04488313206674697
28 0.18964063681516566 0.8304300491863458 0.07837043969514967 0.04628185775648745
28 0.7001014138443329 0.751350143036482 0.059756795081343836 0.06873671189493055
28 0.7689059559988105 0.7383721082107728 0.06289088544042354 0.07046298620519006