28 0.941995204525174 0.2100935165000526 0.038837006920082476 0.03303066861791084
28 0.10482151528585817 0.32196992788948886 0.09237318380210836 0.08176815046753827
28 0.027609052357727197 0.33339830727978825 0.055218104715454394 0.08007838544042353
28 0.2037683512554133 0.3088972352674729 0.09862318380210837 0.08180451190385671
28 0.676150028631731 0.255379787184508 0.07467634783255317 0.06916815651766246
28 0.6046742766545646 0.26516839852263063 0.06686384783255317 0.06912270472226431
28 0.7614017791260226 0.25254061261466887 0.08692167984777584 0.06299087939029935
28 0.8343126971108002 0.24586791091746663 0.06166701186299832 0.056595433645025485
28 0.8932247820917721 0.23771452245198094 0.05210101087441501 0.051853391490547726
28 0.9438786980993832 0.24054408578189337 0.04196200692008247 0.033048849336070066
28 0.12523483296662458 0.3960523225032946 0.08478617688202612 0.04891928903121974
28 0.03866925121713845 0.4082892229708328 0.0773385024342769 0.050472698672140125
28 0.3104056704190544 0.37544841013189967 0.08797484387822055 0.05049996974937896
28 0.40144450589431796 0.3647649193052819 0.08810217787060926 0.053624969749379046
28 0.13319457159791806 0.44989948516927714 0.09349001482874764 0.07083974082661797
28 0.22742207406937598 0.43763531362450003 0.09042868182494201 0.07238406010845858
28 0.043230746521368366 0.46292218081635517 0.08646149304273673 0.07080337939029953
28 0.3167710755522507 0.4300859131569618 0.0886751808363588 0.067687469749379
28 0.41249741102751436 0.4193751512531051 0.09023768083635883 0.06769656010845856
28 0.8247228384038319 0.3662076819947055 0.06829901384016432 0.06600679508134402
28 0.5002839125103891 0.4118348411446465 0.07879084486680377 0.0551329275949012
28 0.893472838403832 0.36580770619520225 0.0519736768820259 0.04872839149054773
28 0.9484150063886096 0.3592395436274157 0.05041117688202625 0.048719301131468204
28 0.6652774901141683 0.04299341667300323 0.052355678859192525 0.05810339149054776
28 0.6103353221293907 0.049561579240789855 0.05391817885919252 0.05811248184962738
28 0.718688991597043 0.03565309446429623 0.052355678859192525 0.05810339149054777
28 0.009394904638904711 0.16243182230690287 0.018789809277809422 0.09701135538619425
28 0.05144580038056085 0.15591365671405413 0.08057352076024667 0.09888292759490129
28 0.13073405235772723 0.14607959358053346 0.08063718775644108 0.1004454275949013
28 0.21080355433489356 0.13624098526747294 0.08063718775644106 0.10044542759490124
28 0.2876843893158655 0.12798305767257168 0.08063718775644109 0.10044542759490124
28 0.36537830779493463 0.1189393348981306 0.07751218775644109 0.10042724687674202
28 0.43578630828922627 0.1161865187395478 0.06274935079830275 0.08315793364502548
28 0.49460289277590663 0.11037688027406214 0.06587435079830276 0.0831761143631847
28 0.556544477262587 0.10454906109041724 0.06587435079830276 0.0831761143631847
28 0.7210526462359478 0.09265707338705738 0.0539818458553869 0.059674981849627384
28 0.666078644753073 0.100006485954844 0.0524193458553869 0.05966589149054774
28 0.6150427267682954 0.10655192262493159 0.05404551285158128 0.061237481849627386
28 0.18043828060889738 0.24889097619228667 0.09285334486680367 0.05521474082661779
28 0.019811139810157093 0.27485455425472616 0.039622279620314185 0.04091589149054773
28 0.09386411064695345 0.2650159459416656 0.07990767589344297 0.04420451795398091
28 0.5995039569966318 0.2003701003180287 0.06204901384016441 0.06597043364502549
28 0.6677273749814094 0.19372466969806532 0.06517401384016441 0.0659886143631847