28 0.98125 0.290625 0.03515625 0.02734375
28 0.93828125 0.29296875 0.0421875 0.0265625
28 0.15625 0.296875 0.07578125 0.06640625
28 0.0671875 0.296875 0.078125 0.06484375
28 0.2484375 0.296875 0.08046875 0.06640625
28 0.6859375 0.303125 0.06015625 0.05625
28 0.61953125 0.30390625 0.0515625 0.0578125
28 0.7640625 0.3109375 0.071875 0.04921875
28 0.83203125 0.31328125 0.0484375 0.0453125
28 0.88671875 0.3125 0.0421875 0.04296875
28 0.9375 0.321875 0.04296875 0.02734375
28 0.98046875 0.3203125 0.0359375 0.02890625
28 0.1703125 0.36796875 0.071875 0.0359375
28 0.0875 0.36875 0.07109375 0.0375
28 0.3421875 0.3703125 0.07421875 0.03828125
28 0.4265625 0.371875 0.07421875 0.040625
28 0.1734375 0.41875 0.078125 0.05625
28 0.2609375 0.41875 0.07421875 0.05859375
28 0.0890625 0.4203125 0.071875 0.05625
28 0.34296875 0.421875 0.0734375 0.053125
28 0.43125 0.4234375 0.07578125 0.053125
28 0.8140625 0.4234375 0.05390625 0.05546875
28 0.5125 0.4265625 0.06640625 0.04296875
28 0.87734375 0.43125 0.0421875 0.03984375
28 0.928125 0.43125 0.040625 0.040625
28 0.9796875 0.43125 0.03828125 0.040625
28 0.6921875 0.10625 0.03984375 0.04921875
28 0.64140625 0.10625 0.0421875 0.04921875
28 0.7421875 0.10625 0.040625 0.04921875
28 0.0484375 0.1359375 0.06875 0.08515625
28 0.1203125 0.1375 0.06015625 0.084375
28 0.19375 0.1375 0.06015625 0.08515625
28 0.2671875 0.1375 0.06015625 0.08515625
28 0.3390625 0.1390625 0.06015625 0.08515625
28 0.4109375 0.140625 0.05859375 0.0875
28 0.47578125 0.146875 0.0453125 0.07109375
28 0.53046875 0.1484375 0.0484375 0.07109375
28 0.58828125 0.15 0.0484375 0.07109375
28 0.73984375 0.1578125 0.0421875 0.05078125
28 0.6890625 0.1578125 0.03984375 0.05078125
28 0.64140625 0.15859375 0.0421875 0.0515625
28 0.23203125 0.23828125 0.0796875 0.0421875
28 0.0640625 0.24140625 0.07109375 0.0296875
28 0.15 0.24375 0.06953125 0.03125
28 0.6203125 0.24375 0.04921875 0.05546875
28 0.68359375 0.2453125 0.0515625 0.05546875