8 0.35414677192077637 0.58359375 0.049292022676635835 0.0734375
8 0.34012008724541315 0.64765625 0.049292022676635926 0.0734375
8 0.3276286305697317 0.7140625 0.04927384134309047 0.071875
8 0.30405422322568676 0.79296875 0.05405224801081765 0.0796875
8 0.37350694127945705 0.396875 0.04783861067790855 0.0828125
8 0.40301481731381905 0.14375 0.054106792011453964 0.084375
8 0.30023362062382014 0.315625 0.057413605346908446 0.1
8 0.1376116105585959 0.79609375 0.0446772480108177 0.0796875
8 0.15336442723586813 0.71796875 0.04941929201145401 0.084375
8 0.12025993121423276 0.87734375 0.04783861067790855 0.0828125
8 0.16278542791218586 0.646875 0.05092724801081765 0.0796875
8 0.19055753393541205 0.47578125 0.061955654678544914 0.0875
8 0.20476603194622975 0.39609375 0.055778380012726635 0.09375
8 0.06748092389405033 0.78046875 0.05556020401018136 0.075
8 0.048621288550323535 0.85703125 0.060393154678544905 0.0875
8 0.20676762066359106 0.02265625 0.05521475867281789 0.0453125
8 0.07457635590391351 0.7078125 0.05408861067790858 0.0828125
8 0.19288638665659136 0.07421875 0.06202838001272668 0.09375
8 0.1771608419796373 0.15 0.05875792934436315 0.08125
8 0.0871859912476403 0.63125 0.054106792011454005 0.084375
8 0.09747005792491255 0.553125 0.06349997334499946 0.0859375
8 0.11491264393700289 0.4640625 0.06362724267981759 0.096875
8 0.1283035292807297 0.3875 0.05405224801081765 0.0796875
8 0.15754722863622866 0.22421875 0.0571954293443631 0.08125
8 0.13942338995863826 0.3046875 0.05890338001272673 0.09375
8 0.7755645018698696 0.95859375 0.06190111067790856 0.0828125
8 0.9054029259627745 0.27421875 0.06206474267981754 0.096875
8 0.9212830119748648 0.18515625 0.05574201734563573 0.090625
8 0.9378261693189097 0.10625 0.054034066677272105 0.078125
8 0.7890281125477782 0.87578125 0.06210110534690845 0.1
8 0.8288745992600489 0.53984375 0.04620338534372692 0.0765625
8 0.8580273919478205 0.384375 0.05552384134309065 0.071875
8 0.7824155805617775 0.77265625 0.06529883068109026 0.10625
8 0.840721165937321 0.46171875 0.052398841343090655 0.071875
8 0.7982689419160038 0.61875 0.052398841343090294 0.071875
8 0.7841422599061407 0.69140625 0.054034066677272286 0.078125
8 0.915917329209142 0.91484375 0.032359061346272 0.0953125
8 0.8214648253103192 0.16953125 0.05890338001272681 0.09375
8 0.8325665046546824 0.08828125 0.0650079293443632 0.08125
8 0.7993438299650016 0.2578125 0.058921561346272 0.0953125
8 0.6548520125318699 0.99296875 0.05172613200190899 0.0140625
8 0.667933815205324 0.94296875 0.06513519867918127 0.0921875
8 0.6845860605506416 0.8546875 0.054270424013363086 0.0984375
8 0.7738342052832751 0.36875 0.054034066677272105 0.078125
8 0.7376501625955033 0.52421875 0.049473836012090364 0.0890625
8 0.7526308199395482 0.4453125 0.04776588534372692 0.0765625
8 0.7054450952419133 0.6734375 0.04780224801081765 0.0796875
8 0.7149024585853219 0.59921875 0.05717724801081765 0.0796875
8 0.94464340790105 0.72890625 0.04651246801399935 0.103125
8 0.6207717452657758 0.49765625 0.05256247334499946 0.0859375
8 0.5342218865372786 0.953125 0.057340880012726636 0.09375
8 0.6334722872772298 0.41328125 0.049473836012090364 0.0890625
8 0.5468497032145508 0.875 0.060484061346272 0.0953125
8 0.6043013132559126 0.5703125 0.06042951734563573 0.090625
8 0.5901746312460494 0.64296875 0.060393154678545 0.0875
8 0.6652870033020469 0.23046875 0.05405224801081765 0.0796875
8 0.5578513852244141 0.80234375 0.05574201734563573 0.090625
8 0.5381865119350939 0.478125 0.05256247334499946 0.0859375
8 0.6123449113224095 0.08046875 0.055705654678545005 0.0875
8 0.4957791939051862 0.6984375 0.05719542934436319 0.08125
8 0.46579969788355075 0.8578125 0.05873974801081765 0.0796875
8 0.5958017539783647 0.159375 0.060393154678545 0.0875
8 0.5216615359245944 0.55546875 0.06509883601209036 0.0890625
8 0.47603831122695944 0.78359375 0.058921561346272175 0.0953125
8 0.5476256939449571 0.40546875 0.04778406667727229 0.078125
8 0.5044371259150493 0.62578125 0.06032042934436319 0.08125
8 0.8886548478676424 0.975 0.05370680267345414 0.05
8 0.47316368531191005 0.1578125 0.04471361067790856 0.0828125
8 0.48742672732336406 0.0734375 0.04631247334499946 0.0859375
8 0.9723342452657757 0.49765625 0.044859061346272 0.0953125
8 0.3697177752625942 0.52109375 0.04776588534372674 0.0765625