8 0.3602304121276406 0.7859872461548127 0.030480678859192523 0.05928646879233561
8 0.3940908285923624 0.3925138851189648 0.03328734387822045 0.05163774310259513
8 0.36916247136826896 0.27816810210227805 0.037049013840164416 0.06742651741285455
8 0.3557140780980708 0.3881638998182859 0.035168178859192524 0.05953213025772479
8 0.30610535034119224 0.49080754296630946 0.0331600098858317 0.048512743102595124
8 0.3306583868815886 0.27069311680159913 0.035168178859192524 0.05953213025772479
8 0.3212634822426839 0.327110213138126 0.04004667984777566 0.06446529172311406
8 0.9804660914067626 0.16067730268878955 0.03906781718647494 0.06783595318850333
8 0.9687168023949082 0.2986752696721028 0.054363847832553346 0.07145227611928177
8 0.9595447322426839 0.3605611160086296 0.04974001482874755 0.0727691146538926
8 0.9742538893344561 0.2249068990253164 0.05149222133108786 0.07910100180902228
8 0.8875250825838762 0.8315519674335391 0.05299234882113666 0.07605788896415219
8 0.8784803464240405 0.8965628137700659 0.052674013840164235 0.06824538896415219
8 0.9204119535737718 0.22286304217333996 0.0554461867678576 0.09801477611928186
8 0.9292338552469271 0.15238344583681313 0.050856845855386724 0.06191350180902231
8 0.9075564679082279 0.2900129206220424 0.04467051285158128 0.06314845318850333
8 0.8414048162722537 0.7519563206674709 0.04974001482874755 0.07276911465389269
8 0.8633886097327323 0.5644496766149363 0.05675401878308044 0.09184666327441153
8 0.8553161245614799 0.634188966529028 0.04961268083635915 0.0696441146538925
8 0.8460167204168669 0.6929498128655549 0.05398184585538672 0.06207727611928178
8 0.8308612471086125 0.8184477798488681 0.046487680836359145 0.06948034034363318
8 0.8231243429639994 0.8772905133405248 0.047795512851581276 0.06331222749876275
8 0.8161368553212892 0.9353929404097462 0.04167284684397003 0.06610967887824373
8 0.8076187011766759 0.981351195442358 0.04154551285158128 0.037297609115283945
8 0.7708191077555661 0.5502433344622808 0.030035009885831698 0.04834896879233561
8 0.7077924561195919 0.9944172218445534 0.03465884288963732 0.011165556310893266
8 0.721209015891693 0.901573461101961 0.04467051285158128 0.06314845318850323
8 0.7514457307598091 0.34263887437637264 0.0352318458553869 0.06109463025772479
8 0.7148038711014388 0.6104538161449152 0.04192751482874755 0.07235967887824372
8 0.7254283533069417 0.526815800541083 0.0399193458553869 0.06134029172311397
8 0.6664206982109265 0.969792358095172 0.046360346843970036 0.060415283809656016
8 0.671718351861248 0.911453072137809 0.04336268083635879 0.06931656603337366
8 0.6894736768820261 0.08446784825709082 0.03810217787060921 0.0550084045679843
8 0.5909949338764704 0.9009858836486269 0.044415844866803764 0.05689845318850324
8 0.5787907056253003 0.9886342113291036 0.03953734387822046 0.022731577341792784
8 0.615579803914964 0.6816527074839165 0.047795512851581276 0.06331222749876275
8 0.5980779220134724 0.8452272065794052 0.041481845855386903 0.06142217887824373
8 0.5830670287432742 0.9551411171402833 0.044415844866803764 0.056898453188503596
8 0.6717834525851887 0.2051554845077094 0.04186384783255335 0.07079717887824374
8 0.6794566897336074 0.14475025101605282 0.046615014828747546 0.07260534034363308
8 0.6010636591618911 0.7845763116223594 0.04141817885919252 0.05985967887824373
8 0.607524564789379 0.7326829409755731 0.04141817885919252 0.05985967887824373
8 0.5667722307969901 0.7274288749421995 0.03985567885919252 0.05977779172311415
8 0.5408967747889415 0.9342211075293448 0.04129084486680377 0.056734678878243724
8 0.5529418355496256 0.8280496726582074 0.038229511862997965 0.058133404567984215
8 0.5784034560824108 0.6111011900710619 0.04173651384016441 0.06767217887824373
8 0.5458588474126238 0.8838083497274288 0.03497717787060921 0.0548446302577247
8 0.5586851581733079 0.7776778584338561 0.0399193458553869 0.06134029172311397
8 0.5332553711386199 0.9823687225797222 0.03991934585538672 0.035262554840555536
8 0.6109971442959624 0.3204662239922598 0.04467051285158128 0.06314845318850323
8 0.602606324143738 0.3823930139063516 0.043553681824942105 0.07400406603337348
8 0.5817711952079959 0.5598252951140161 0.0399193458553869 0.06134029172311415
8 0.5951240879839025 0.44748574739800817 0.0399193458553869 0.06134029172311397
8 0.5885995153602203 0.4978166180447946 0.039983012851581276 0.06290279172311415
8 0.6346588428896374 0.0784767978275495 0.04011034684397004 0.06602779172311406
8 0.5666329679454088 0.6666142056748943 0.044606845855386726 0.06158595318850324
8 0.6292656887450242 0.13744236205190075 0.038802514828747546 0.0721959045679843
8 0.6195670365775775 0.20553726481086274 0.04393568380210837 0.0833790660333735
8 0.4788358320895846 0.807794726367109 0.0446068458553869 0.06158595318850324
8 0.45573520760246666 0.9971388904902609 0.03682883794672147 0.005722219019478203
8 0.4948070474891734 0.6449195901164904 0.04467051285158128 0.06314845318850323
8 0.5061026917479549 0.539488461667788 0.044606845855386726 0.06158595318850324
8 0.5093112633830539 0.48430631671074204 0.0446068458553869 0.06158595318850324
8 0.514082335018153 0.429206058908826 0.03829317885919252 0.05969590456798426
8 0.5216600716722801 0.3664570754171694 0.046615014828747546 0.07260534034363308
8 0.5411727811403699 0.17570260063194004 0.035168178859192524 0.05953213025772479
8 0.5457210182887888 0.11513359283002389 0.043553681824942105 0.07400406603337356
8 0.5519590894295963 0.05777147218323754 0.044543178859192525 0.06002345318850331
8 0.43739508999825 0.8430428296010408 0.03510451186299797 0.057969630257724704
8 0.41837978764052275 0.9837176599950512 0.03446784190105419 0.03256468000989763
8 0.44432156923800326 0.7451785396869491 0.03497717787060921 0.0548446302577247
8 0.44824772387690803 0.6884748383074681 0.03510451186299797 0.057969630257724704
8 0.459479701139495 0.5814812098587657 0.035168178859192524 0.059532130257724705
8 0.4714610949039848 0.47374727498762803 0.03829317885919252 0.059695904567984216
8 0.46369235726127445 0.5318087584792848 0.030035009885831698 0.04834896879233561
8 0.4530187955120071 0.633374580505552 0.038229511862998146 0.058133404567984215
8 0.47382474954288945 0.41696168645301734 0.038229511862998146 0.058133404567984215
8 0.4785321541817941 0.3602989286511012 0.030480678859192523 0.059286468792335525
8 0.49290637749004845 0.2347600180902231 0.043235346843970034 0.06619156603337348
8 0.5004841141441756 0.17201103459856645 0.0321068458553869 0.06093085594746528
8 0.5112385889353046 0.05329865614986399 0.03810217787060921 0.05500840456798428
8 0.49949993429639994 0.10959292175369621 0.04030134783255317 0.07071529172311405