8 0.47890625 0.65 0.0671875 0.03359375
8 0.4140625 0.6484375 0.06015625 0.03828125
8 0.3484375 0.65078125 0.0625 0.0359375
8 0.284375 0.653125 0.06015625 0.03828125
8 0.5984375 0.66015625 0.06484375 0.0359375
8 0.20625 0.665625 0.06953125 0.04296875
8 0.9109375 0.6703125 0.08203125 0.03828125
8 0.76328125 0.6875 0.0796875 0.04296875
8 0.115625 0.07109375 0.08203125 0.0453125
8 0.6765625 0.7421875 0.08671875 0.040625
8 0.0515625 0.0796875 0.0625 0.03828125
8 0.5046875 0.81953125 0.084375 0.0453125
8 0.584375 0.821875 0.08671875 0.04296875
8 0.4234375 0.82109375 0.08671875 0.0453125
8 0.3359375 0.8234375 0.07421875 0.04296875
8 0.18125 0.828125 0.084375 0.03359375
8 0.26015625 0.828125 0.0765625 0.040625
8 0.10390625 0.83359375 0.0796875 0.0359375
8 0.95390625 0.87734375 0.0796875 0.0359375
8 0.88125 0.88125 0.06484375 0.040625
8 0.8109375 0.884375 0.071875 0.03828125
8 0.6046875 0.0890625 0.08203125 0.03359375
8 0.7390625 0.89375 0.09375 0.04296875
8 0.5859375 0.8953125 0.08203125 0.04296875
8 0.66328125 0.89765625 0.0765625 0.0359375
8 0.2640625 0.90078125 0.08671875 0.0453125
8 0.509375 0.9015625 0.084375 0.04296875
8 0.4234375 0.90234375 0.08671875 0.0453125
8 0.34296875 0.903125 0.0796875 0.040625
8 0.18359375 0.903125 0.0796875 0.040625
8 0.10625 0.90703125 0.08203125 0.0484375
8 0.9625 0.096875 0.07421875 0.04296875
8 0.5015625 0.0984375 0.07421875 0.03359375
8 0.84375 0.103125 0.071875 0.03125
8 0.05234375 0.18125 0.0890625 0.040625
8 0.14296875 0.1859375 0.0890625 0.04296875
8 0.228125 0.1890625 0.08671875 0.040625
8 0.95703125 0.196875 0.0765625 0.03359375
8 0.8734375 0.196875 0.08203125 0.03828125
8 0.31875 0.2125 0.084375 0.03359375
8 0.75703125 0.2140625 0.0765625 0.03359375
8 0.540625 0.2171875 0.071875 0.03359375
8 0.6890625 0.2171875 0.07421875 0.03828125
8 0.6171875 0.21875 0.07421875 0.04296875
8 0.459375 0.225 0.071875 0.03828125
8 0.390625 0.225 0.06484375 0.02890625
8 0.9546875 0.2828125 0.08671875 0.03828125
8 0.875 0.2828125 0.08671875 0.03828125
8 0.0546875 0.284375 0.084375 0.03828125
8 0.146875 0.2859375 0.08671875 0.03828125
8 0.7875 0.2859375 0.08203125 0.03828125
8 0.234375 0.2859375 0.084375 0.03359375
8 0.68828125 0.2984375 0.0765625 0.03359375
8 0.54296875 0.2984375 0.0765625 0.02890625
8 0.6140625 0.29921875 0.06953125 0.0359375
8 0.39375 0.30703125 0.06953125 0.0265625
8 0.4671875 0.309375 0.071875 0.03359375
8 0.62421875 0.4125 0.0765625 0.03828125
8 0.40625 0.4125 0.071875 0.03828125
8 0.54609375 0.415625 0.0765625 0.04296875
8 0.17734375 0.415625 0.0796875 0.040625
8 0.78203125 0.415625 0.0765625 0.040625
8 0.4734375 0.415625 0.07421875 0.04296875
8 0.3296875 0.415625 0.07421875 0.04296875
8 0.0984375 0.415625 0.08671875 0.03828125
8 0.25234375 0.4171875 0.0796875 0.04296875
8 0.21875 0.04765625 0.08203125 0.0453125
8 0.303125 0.0484375 0.08671875 0.03828125
8 0.78203125 0.4828125 0.0671875 0.03359375
8 0.62421875 0.490625 0.0796875 0.040625
8 0.85390625 0.490625 0.0765625 0.03828125
8 0.69453125 0.490625 0.0796875 0.03828125
8 0.54921875 0.49375 0.0765625 0.040625
8 0.334375 0.4953125 0.06953125 0.03828125
8 0.4046875 0.49609375 0.06484375 0.0484375
8 0.475 0.496875 0.071875 0.040625
8 0.25703125 0.496875 0.0765625 0.040625
8 0.18046875 0.496875 0.0765625 0.040625
8 0.915625 0.60546875 0.08203125 0.0359375
8 0.3890625 0.06328125 0.084375 0.0484375