8 0.09375 0.78359375 0.09140625 0.0671875
8 0.1796875 0.78828125 0.08203125 0.0796875
8 0.4390625 0.7890625 0.06484375 0.071875
8 0.26171875 0.796875 0.0796875 0.071875
8 0.3515625 0.80234375 0.08671875 0.0796875
8 0.52109375 0.80546875 0.0890625 0.0671875
8 0.7109375 0.83125 0.10078125 0.07421875
8 0.8125 0.8484375 0.10546875 0.08671875
8 0.91875 0.85234375 0.10078125 0.0796875
8 0.109375 0.14921875 0.08203125 0.0671875
8 0.03359375 0.15390625 0.0671875 0.0671875
8 0.27578125 0.15625 0.0984375 0.071875
8 0.19453125 0.15703125 0.0796875 0.0671875
8 0.36640625 0.16171875 0.0984375 0.0671875
8 0.55234375 0.1703125 0.0890625 0.06484375
8 0.4625 0.17265625 0.084375 0.0453125
8 0.771875 0.1734375 0.09140625 0.06953125
8 0.64375 0.17890625 0.09375 0.0796875
8 0.87421875 0.1828125 0.1078125 0.08671875
8 0.965625 0.0375 0.06484375 0.07421875
8 0.37734375 0.0359375 0.1109375 0.06484375
8 0.346875 0.34609375 0.0625 0.0765625
8 0.509375 0.35703125 0.08203125 0.0796875
8 0.878125 0.0359375 0.08671875 0.071875
8 0.8015625 0.0359375 0.05546875 0.071875
8 0.4203125 0.36015625 0.08671875 0.0796875
8 0.6078125 0.365625 0.09609375 0.09140625
8 0.7375 0.3671875 0.11796875 0.08203125
8 0.9421875 0.3765625 0.08671875 0.07421875
8 0.8453125 0.3796875 0.08203125 0.08671875
8 0.2890625 0.0421875 0.09609375 0.06953125
8 0.04296875 0.465625 0.0796875 0.084375
8 0.15703125 0.46796875 0.0765625 0.0796875
8 0.240625 0.475 0.10078125 0.08203125
8 0.334375 0.4828125 0.08203125 0.071875
8 0.5015625 0.49140625 0.09140625 0.0765625
8 0.5984375 0.49453125 0.10078125 0.0671875
8 0.7265625 0.5140625 0.10546875 0.08203125
8 0.828125 0.51640625 0.09140625 0.0890625
8 0.94375 0.521875 0.09375 0.09140625
8 0.2703125 0.6671875 0.09375 0.06484375
8 0.52734375 0.6765625 0.0890625 0.07421875
8 0.36171875 0.678125 0.0890625 0.07421875
8 0.61640625 0.68203125 0.0796875 0.0671875
8 0.7171875 0.70625 0.084375 0.084375
8 0.8265625 0.71171875 0.09609375 0.0765625
8 0.92734375 0.72109375 0.0765625 0.0765625