8 0.9288588608389293 0.6998117968461577 0.07722177956950489 0.0842423488211363
8 0.8547300020714237 0.7176478956672941 0.09967897642635144 0.09763368676785796
8 0.5815086718399655 0.7576322030051182 0.08034677956950453 0.08436968281352505
8 0.7695180940897064 0.7390546634617913 0.09604455417661058 0.08656885277546919
8 0.6750403480186479 0.7584996832334546 0.10280397642635145 0.0977610207602467
8 0.49589650351916587 0.7876327207996153 0.10378427956950453 0.0853246877564409
8 0.2968382653059901 0.8425297623201086 0.11821065260503386 0.09371019072219075
8 0.19154929777097884 0.8764511175670358 0.1266053494618807 0.10652852570316255
8 0.07824877709281441 0.8982226412930319 0.11850175103345731 0.09996019072219049
8 0.8895119561624718 0.040199952529417105 0.09909677956950454 0.08039990505883421
8 0.9442358434660246 0.036041693137876946 0.02998290653397504 0.07208338627575389
8 0.7148372878416722 0.07146259825248272 0.11650260339082212 0.0905215237259962
8 0.8011750481807545 0.05936716346179118 0.09589900496239885 0.0834438527754691
8 0.6195782917706136 0.0909394515222434 0.1147945541766104 0.08733285672980177
8 0.42370071153915523 0.12777224254844516 0.10363873035529281 0.08219968775644104
8 0.5185594472711317 0.11688913927868447 0.0963698858558109 0.0600700197716635
8 0.19192201861124983 0.1652881244871179 0.10854455417661044 0.08707818874502422
8 0.327478528950332 0.15118717931630304 0.11217897642635144 0.09814302273741302
8 0.08472594871887368 0.18992998022833651 0.1282406240689866 0.10815469269935693
8 0.00824699358985921 0.06993049802283366 0.01649398717971842 0.04451400395433269
8 0.6002354404467061 0.0007043596583702725 0.12140411910658777 0.001408719316740545
8 0.651324789703699 0.27990910962118926 0.07751287799792798 0.09049234882113648
8 0.47962957216868773 0.3165363122063779 0.09967897642635144 0.09763368676785796
8 0.07297942762642448 0.057068400684572015 0.09586046360606985 0.04913251977166348
8 0.1546296879655067 0.04516396688246365 0.06290241439185813 0.044670512851581266
8 0.5752331705971112 0.30640262543852004 0.10280397642635145 0.0977610207602467
8 0.37712100227631157 0.3409871669590133 0.11588617328319835 0.11077035672980182
8 0.240455756205253 0.3621511956279254 0.1374700748547749 0.10541169467652338
8 0.03768828287927347 0.4028093236122654 0.07537656575854694 0.09125635277546915
8 0.12679136249155928 0.3917352193539216 0.10160534946188075 0.10550985376405234
8 0.9554792886702417 0.3626473778727969 0.04960620181924576 0.09403384288963731
8 0.858803341813395 0.379062898138752 0.0933562018192454 0.09581651878308035
8 0.7712840711352305 0.3997839164275407 0.11864730024766904 0.10308519072219058
8 0.672790913153513 0.4217318536896902 0.09924232878371626 0.08825868676785795
8 0.49651735752916054 0.456206307263462 0.10890842721213971 0.09489068874502422
8 0.3942998860652079 0.4744071620160975 0.1163570541766104 0.0873965237259963
8 0.26141245740532604 0.5149114396964263 0.12489730024766903 0.103339858706968
8 0.1530177605484792 0.5318044624338394 0.11105312406898657 0.1074543557412186
8 0.04488752595240403 0.5554249876427104 0.08977505190480806 0.11070668973360753
8 0.7516307349079161 0.6041040019028043 0.10988873035529298 0.0824543557412186
8 0.48109775703382257 0.6533359752482395 0.10563787799792798 0.09163835475263546
8 0.656117027711987 0.6290496051725649 0.10563787799792798 0.09163835475263546
8 0.38740126096276395 0.6727491615218059 0.09589900496239867 0.0834438527754692
8 0.2825660576957763 0.7136699332706357 0.10302230024766904 0.10244852076024671
8 0.1684842870176119 0.7354732904947291 0.11366870181924557 0.09664418973360753
8 0.06199669251812988 0.7616458127378505 0.09321065260503388 0.09269151878308027