8 0.2858112767345796 0.238600532594672 0.1224113311856974 0.09573370031656916
8 0.06352721057599679 0.17474393573509275 0.11929542154477706 0.09720527210332382
8 0.26319995764913057 0.11267453008738956 0.12405564441741398 0.10984166442319183
8 0.2303905829342133 0.9200156686463339 0.10049996974937896 0.08884720282385175
8 0.6360360740554187 0.8042887509244367 0.1257090480082102 0.1255121285298145
8 0.3263116161117006 0.887532126089039 0.11149201190385671 0.09854045157021041
8 0.7717463150784283 0.7612708736482636 0.12092155405833438 0.10818823620994636
8 0.42849628482780727 0.8572104771052533 0.11621587334017516 0.1049268438900782
8 0.13983830580685025 0.9351525868304496 0.09745678298109553 0.10281877461060632
8 0.9839447705862595 0.6839258089876449 0.03211045882748102 0.11042067445232177
8 0.9175491735878805 0.7070199796790428 0.1413522287263696 0.12909176959604132
8 0.48857124247693784 0.9757953410535916 0.10324317466803504 0.023313131037096823
8 0.19616907727687255 0.6787829148854103 0.11133747579950319 0.0719779515702104
8 0.8559657372123806 0.46345784778401616 0.10214428298109546 0.1029551669304741
8 0.6297350353187866 0.5270813932443048 0.13975336729005078 0.1227963054894186
8 0.9535073159621911 0.43166462701347585 0.09298536807561782 0.1215233105039836
8 0.7467316377781147 0.49085908524760374 0.12564541549465283 0.11457462852981451
8 0.5212549148072818 0.5497723986545813 0.13818177693097128 0.12118834138279588
8 0.8090447645361353 0.3226115389293852 0.1115556444174139 0.10947795157021041
8 0.9159123880727023 0.29137224762573155 0.1272624576491303 0.12399509263643722
8 0.6935652102814093 0.3509758828194636 0.12249314441741391 0.10979620031656907
8 0.3620066589535493 0.4418870054767833 0.13336701190385672 0.09917694906292791
8 0.48370439695149675 0.40787205516021424 0.11620678298109546 0.10336434389007838
8 0.5890095204880638 0.37667822796318323 0.11308178298109546 0.10327341567683294
8 0.09908447813719423 0.511266457442705 0.12872496369925476 0.10685305674305993
8 0.08302716520006527 0.3031046164556206 0.11611587939029937 0.08773934389007838
8 0.01441806576579934 0.32932378714701854 0.025436337235821654 0.07572742570596294
8 0.18442149355709234 0.2712431995251463 0.10832156010845857 0.09063702335696497