8 0.07265625 0.9 0.1296875 0.071875
8 0.8078125 0.221875 0.14453125 0.08671875
8 0.66328125 0.2234375 0.1515625 0.08671875
8 0.5171875 0.2234375 0.15390625 0.084375
8 0.384375 0.2234375 0.13671875 0.084375
8 0.940625 0.225 0.11875 0.096875
8 0.0953125 0.23046875 0.13203125 0.0796875
8 0.2328125 0.23046875 0.15625 0.0890625
8 0.2234375 0.0421875 0.165625 0.08203125
8 0.3671875 0.0453125 0.134375 0.084375
8 0.82578125 0.44921875 0.1390625 0.0796875
8 0.6953125 0.45078125 0.14453125 0.0890625
8 0.0671875 0.053125 0.134375 0.09140625
8 0.94921875 0.5765625 0.0984375 0.07421875
8 0.8078125 0.5875 0.125 0.0625
8 0.2875 0.5921875 0.12265625 0.06953125
8 0.68515625 0.59453125 0.1421875 0.0671875
8 0.55625 0.59765625 0.13203125 0.0796875
8 0.41875 0.5984375 0.134375 0.071875
8 0.15 0.6015625 0.134375 0.071875