8 0.8797682213160464 0.12734375 0.06504429201145427 0.084375
8 0.8919676819700924 0.2203125 0.0696954293443632 0.08125
8 0.9004972499602291 0.29296875 0.052362478675999566 0.06875
8 0.913477960614275 0.3859375 0.06041133601209055 0.0890625
8 0.930501281269912 0.4671875 0.06035679201145392 0.084375
8 0.9556910905872309 0.58515625 0.05873974801081765 0.0796875
8 0.9722866025620958 0.7703125 0.038445429344363194 0.08125
8 0.9710700952419133 0.6734375 0.04309656667727211 0.078125
8 0.9791354918841872 0.853125 0.02274770401018138 0.075
8 0.12151936931095557 0.16484375 0.07314769334818112 0.109375
8 0.1320654232972744 0.265625 0.07638178134945381 0.11875
8 0.1502239826145933 0.38359375 0.07788973734881748 0.1140625
8 0.16234162726768483 0.48359375 0.07634541868236289 0.115625
8 0.1790831372533673 0.5890625 0.076145424013363 0.0984375
8 0.19865874590232266 0.71953125 0.0998920066836356 0.125
8 0.2458679112030969 0.959375 0.0993829293443631 0.08125
8 0.05222699920436957 0.95 0.03710110534690847 0.1
8 0.024734181293774547 0.63125 0.049468362587549095 0.096875
8 0.010536415977091963 0.384375 0.021072831954183927 0.09375
8 0.020083591303319562 0.49609375 0.040167182606639124 0.1078125
8 0.012008556651818865 0.26875 0.02401711330363773 0.1
8 0.4151377212365045 0.71328125 0.07618178668045386 0.1015625
8 0.43123434122377774 0.80703125 0.06664315467854501 0.0875
8 0.44493266721041475 0.90546875 0.0637181493475449 0.1046875
8 0.4541525785328243 0.9859375 0.06282726400381797 0.028125
8 0.5432258112269593 0.78359375 0.0762181493475449 0.1046875
8 0.5570150438813236 0.87421875 0.0761817866804538 0.1015625
8 0.5692417765356879 0.96484375 0.0663704346753633 0.0640625
8 0.5389933919080497 0.67734375 0.07147610534690844 0.1
8 0.6005983419796372 0.15 0.04949201734563573 0.090625
8 0.5937858153246368 0.0640625 0.052635198679181275 0.0921875
8 0.6183392779678651 0.23671875 0.04783861067790855 0.0828125
8 0.6830706559118677 0.64921875 0.05090906667727228 0.078125
8 0.7136286705522326 0.84296875 0.05109088001272681 0.09375
8 0.7100320505649591 0.74921875 0.0507454346753633 0.0640625
8 0.7149319199554566 0.328125 0.04934656667727229 0.078125
8 0.7105540499681833 0.234375 0.05717724801081765 0.0796875
8 0.7044773199793191 0.15234375 0.05868520401018138 0.075
8 0.6953937686585003 0.06015625 0.05715906667727229 0.078125
8 0.7429654659452753 0.403125 0.05715906667727211 0.078125