8 0.14629830154212756 0.019375199004631798 0.1175966030842551 0.029579036634731392
8 0.7762691830300064 0.8735137381257541 0.16928756249917604 0.12907442559888338
8 0.6241612122509996 0.8343206840781681 0.17868983603812652 0.13112824852966193
8 0.47128562824146797 0.7958679364530172 0.18022506249917622 0.12964763568479168
8 0.330964591309837 0.7611952860689045 0.16142051542127547 0.1255399898232346
8 0.9039674890363607 0.9005000412688288 0.1208500624991764 0.12653592378986112
8 0.05872535267392272 0.6813628646538925 0.09563187418757346 0.11272572930778502
8 0.1740463896055537 0.7147253205559293 0.18499438311602723 0.13458079715018095
8 0.12970387458802 0.902071512324472 0.18938187418757346 0.11763895861557003
8 0.28096241151965096 0.937317372794493 0.15810460064862308 0.11443871551297491
8 0.8370082654179802 0.6417558050636387 0.1644636948044244 0.12101626413349428
8 0.700579841716874 0.6065066225673503 0.17090460957707682 0.1322813127540133
8 0.030639083192162152 0.8609751215512975 0.03313187418757346 0.10945024310259513
8 0.9640154557614732 0.5386009068272325 0.07196908847705359 0.0963637449116174
8 0.8437922792176978 0.49380962799441724 0.14692163879807013 0.09980300542706697
8 0.2988871079522238 0.3544163415868285 0.14546823295387146 0.10597111827193721
8 0.7158757848997408 0.4543233248513424 0.16424550649282174 0.10851626413349429
8 0.5817774744291595 0.41841572308774866 0.15659664772652385 0.11748182835784551
8 0.4367416639585782 0.38193491123824663 0.15805005357072238 0.11131371551297517
8 0.15448254301741562 0.3093827233148913 0.1580500535707224 0.11131371551297517