8 0.6417293130926975 0.39736341773414807 0.04414614767057934 0.06742384933607007
8 0.6368094397323777 0.3332918273750684 0.04414614767057934 0.06742384933607007
8 0.6294639292169281 0.2676441014773694 0.04406426051544958 0.06586134933607006
8 0.6283307971501809 0.1864122821955286 0.04603619629109836 0.07368293969514968
8 0.6753650859326189 0.5771918182998821 0.04315685775648763 0.07835225897699054
8 0.7179907564431197 0.8242395351223948 0.04784435775648745 0.07837953005422937
8 0.7660996285602442 0.6394196284083408 0.048581342152655436 0.09244203005422928
8 0.784137061849502 0.14904915846257 0.03682497060135788 0.07675339754067197
8 0.7913564196059897 0.22719233918072926 0.04323874491161739 0.07991475897699045
8 0.777535179782755 0.06778552292395058 0.04315685775648763 0.07835225897699043
8 0.8035532044316988 0.29599233615566717 0.04463747060135788 0.07679884933607006
8 0.8240748236081471 0.4640292638487643 0.055820632066746964 0.08154998184962743
8 0.8328566813646348 0.5421815349260031 0.04825379353213606 0.08619203005422929
8 0.8543676746943722 0.1478957246211528 0.048833647670579336 0.06745112041330889
8 0.8511773976705793 0.07211901980069262 0.05261374491161739 0.07996930113146816
8 0.9415311550182102 0.9169184353935413 0.047926244911617386 0.07994203005422947
8 0.868249790252776 0.2190485619551703 0.04619997060135787 0.07680793969514968
8 0.9338580958822416 0.8450207094958422 0.05606629353213606 0.08623748184962707
8 0.9283240688584486 0.7692303691367627 0.05088747060135788 0.0768352107723885
8 0.878430373699004 0.2940849233914888 0.04784435775648745 0.07837953005422929
8 0.8902553443003619 0.37069287518688687 0.05886374491161739 0.08000566256778666
8 0.8996104121427578 0.45978264626412574 0.056311954997525504 0.09092498184962743
8 0.908187552011421 0.5340286673413646 0.04603619629109836 0.07368293969514958
8 0.9260378725673503 0.6958019594958422 0.049324970601357876 0.07682612041330898
8 0.9210394340781681 0.6153286643163025 0.05137879353213641 0.08621021077238851
8 0.1367740609449909 0.12107154498314807 0.05343261646291486 0.09559430113146816
8 0.21026346562451687 0.8080084636010589 0.05318695499752559 0.09090680113146803
8 0.13070444538658718 0.04996415944452866 0.05171298620519007 0.06278180113146814
8 0.22035883988934782 0.8963215298578376 0.048090019221876876 0.08306703005422947
8 0.22655128618044618 0.9691999727744409 0.04546298620519007 0.06160005445111807
8 0.15098040309764627 0.21331358713762577 0.05326884215265535 0.09246930113146819
8 0.2079385685197644 0.540107891294156 0.03805992198083885 0.07051248789975162
8 0.2237350661449152 0.6924970930895542 0.048751760515449584 0.06588862041330898
8 0.18722551956056113 0.3088078943192182 0.056721390773174375 0.09873748184962743
8 0.21816009554355736 0.6159255027304745 0.04562676051544958 0.06587043969514958
8 0.2145769928754524 0.45814027380771344 0.04562676051544958 0.06587043969514958
8 0.20690393373948385 0.38624254791001433 0.04587242198083885 0.07055793969514967
8 0.020760636589302866 0.2024028373340175 0.02514384215265536 0.09230567466803503
8 0.31916815411369903 0.8890862676593934 0.05137879353213641 0.08621021077238851
8 0.3310340682926218 0.9655800690854491 0.05837242198083885 0.06883986182910178
8 0.3145005862713032 0.8000237676593933 0.05146068068726608 0.0877727107723885
8 0.23666784034363303 0.04511355386194266 0.04858798620519007 0.06276362041330892
8 0.24544969810012063 0.1232658249391815 0.05910940637700666 0.08469316256778664
8 0.25468193520982185 0.21001184601642037 0.04701884215265535 0.09243293969514968
8 0.3079462918346557 0.6898629724798535 0.04587242198083885 0.07055793969514959
8 0.2975366570543751 0.535943086941234 0.0434025192218769 0.08303975897699054
8 0.305455377655733 0.612528312838933 0.041184921980838854 0.07053066861791084
8 0.28655049016191897 0.3859249062230748 0.041512470601357876 0.07678066861791084
8 0.2982116864530173 0.45940785801847284 0.049161196291098365 0.07370112041330898
8 0.04127893373948384 0.3852789698475748 0.047346390773174374 0.09868293969514967
8 0.41464226989924535 0.5350623638722054 0.04636374491161739 0.07993293969514959
8 0.368361575644312 0.08414930366555093 0.048417567842395835 0.08931703005422928
8 0.42679478912112223 0.6179203156676035 0.0434025192218769 0.08303975897699054
8 0.3786240462456698 0.1607481651018694 0.05310506784239592 0.08934430113146812
8 0.4100532671857119 0.4624015686926656 0.05277751922187686 0.08309430113146803
8 0.40238020804974334 0.3905038427949665 0.05261374491161739 0.0799693011314682
8 0.4487118119610437 0.7976805385402403 0.04603619629109836 0.07368293969514958
8 0.3894221053816384 0.23266407171772768 0.048090019221876903 0.08306703005422929
8 0.49823601989924543 0.5355486980829649 0.04636374491161739 0.07993293969514959
8 0.539143139414378 0.9286356227509998 0.047926244911617386 0.07994203005422947
8 0.476656511758645 0.3175208607489474 0.049324970601357876 0.0768261204133089
8 0.4590927962456698 0.16121631859446972 0.050723696291098366 0.07371021077238851
8 0.5326640880803255 0.8497157372123805 0.05261374491161739 0.07996930113146802
8 0.4918388557203227 0.4581913125443455 0.05894563206674715 0.08156816256778665
8 0.47063116180407344 0.23235552038986781 0.05154256784239593 0.08933521077238851
8 0.509815329035214 0.607469149878363 0.041348696291098365 0.07365566861791084
8 0.48741362731704874 0.38865551736480575 0.05409435775648763 0.07841589149054773
8 0.025795617367426017 0.11964487948849523 0.04373006784239586 0.08928975897699046
8 0.020466308231457432 0.0477607891294156 0.03847600180902231 0.04864657825883121
8 0.6493226435982494 0.8254020593228917 0.03846935775648745 0.07832498789975162
8 0.6591723563976912 0.9090276255796704 0.03855124491161739 0.07988748789975161
8 0.07967412765573298 0.6112147559519283 0.04833568068726608 0.08775453005422928
8 0.6434422992978875 0.4598543273750685 0.041184921980838854 0.07053066861791084