8 0.28591035061727377 0.9748089939247322 0.0823958377489479 0.03564981252120454
8 0.2706102436310321 0.9174602853945444 0.10042164065150558 0.10494544954451328
8 0.23015633610448544 0.6325867775899962 0.09028274881887362 0.08274306733052797
8 0.24883195815166959 0.8313962998225147 0.09239088584218216 0.09842263103285873
8 0.22896091305366023 0.7327504686969888 0.10058533175849815 0.10963294954451311
8 0.19981158247628839 0.5476041423807863 0.08813989546082905 0.11075893992586608
8 0.1417187963639537 0.34000246270653894 0.0979514050794759 0.1235863221398513
8 0.10740330534962836 0.23091020490199066 0.11223215988879934 0.130327395460829
8 0.08609624582364876 0.11354165562763008 0.1026389050794759 0.12375001324684391
8 0.9712326981317186 0.8862746734293434 0.057534603736562676 0.08096231252120419
8 0.9519445452676454 0.7168897563689679 0.09471727767481433 0.12035219473518968
8 0.9599120076152893 0.8064334060061483 0.08017598476942141 0.09825893992586635
8 0.9319916546161398 0.6159001752434419 0.09002977767481397 0.12018850362819719
8 0.893675655164294 0.414647699290059 0.08496033175849789 0.10908731252120454
8 0.9057069184111377 0.5127850989272393 0.06281251324684405 0.10051092068857255
8 0.8562574676006804 0.17190712778317985 0.09288195916315978 0.11248513103285881
8 0.8706523282151192 0.31532974556919474 0.1023115228654909 0.11437501324684388
8 0.8312896947351897 0.06383923367311319 0.11384922359113006 0.12767846734622637
8 0.7320115019837345 0.6682513928441223 0.09329862141421189 0.0797271947351895
8 0.6944866762156862 0.4896551668907394 0.10036707694917482 0.10338294954451292
8 0.7049281576113646 0.5870658802302506 0.10058533175849824 0.10963294954451311
8 0.6695734670525262 0.381016776872206 0.1165377139724832 0.11955358656782158
8 0.6474752338427493 0.24099197759784538 0.10803573320977691 0.14422620435383654
8 0.6070238155164294 0.03476434728277681 0.09529763103285874 0.06952869456555362
8 0.6183283924656042 0.12311499683513909 0.10974207694917482 0.1037103317584982
8 0.627314111417047 0.8956174794119439 0.09858632213985138 0.09707838584218216
8 0.6061261029795265 0.8040574619887488 0.10581846878180663 0.12542164065150557
8 0.5829390849233591 0.7000520082678845 0.09250001324684387 0.10154763103285873
8 0.5475943180483182 0.5166864367610053 0.09756945916315996 0.11264882213985139
8 0.5299033318433162 0.413271260081983 0.09013890507947586 0.12331350362819701
8 0.48757444418703544 0.2762995389379236 0.10754465988879928 0.13016370435383653
8 0.47033732576804843 0.16348208040773582 0.11324902286549073 0.11475695916315991
8 0.4471949477304145 0.047085787208643023 0.113139895460829 0.09417157441728605
8 0.39090040706321044 0.8006224710592414 0.08663195916315987 0.1122668762235353
8 0.3403720950901601 0.5184473773198437 0.09595239546082901 0.11103175843752063
8 0.3639708301140357 0.7014409265942042 0.09595239546082901 0.11103175843752063
8 0.32063745924797793 0.4237077961943177 0.08770338584218215 0.09825893992586625
8 0.2784821863824871 0.3141071069014236 0.10672620435383653 0.10672620435383653
8 0.25474953130301126 0.19447665318055934 0.09929565027015244 0.1173908858421822
8 0.2298908858421822 0.08740076316202591 0.09540675843752053 0.09540675843752051