8 0.8094119147064575 0.9351528745428894 0.09215374525034728 0.12969425091422124
8 0.8155034862292009 0.6768077584773191 0.09200827488562516 0.13019151878308027
8 0.8078390694354509 0.5357370895039584 0.09415265634451409 0.15525518577927463
8 0.8026281586256246 0.35644883752679196 0.08274237765916662 0.134497016805914
8 0.7972893080362845 0.21625491904772282 0.08419577488562506 0.12987318380210836
8 0.7979458843086805 0.08725316855343125 0.09295252583555573 0.10369268577927471
8 0.970539091186944 0.533764707108175 0.03884690729444458 0.12646434091247089
8 0.981428571903993 0.20029829110056382 0.03248780452090294 0.12152217292769345
8 0.9611432945498258 0.6686662891233974 0.050075348023889174 0.1394100098858317
8 0.9779061412425346 0.08285612311578627 0.0438240416031249 0.07203150889724856
8 0.949294645139166 0.8081598706443284 0.06090374525034718 0.13516817885919252
8 0.5499155070307633 0.6307962856261753 0.08721167211208343 0.12531301779449713
8 0.5300322328107284 0.9688759698853943 0.0972399823325695 0.062248060229211435
8 0.5393981939604856 0.511505116158523 0.08724803970326392 0.12687551779449713
8 0.5244589525098605 0.7501856141813567 0.10072865824437507 0.10244852076024653
8 0.5178796845580896 0.8648701966908707 0.09080945079743082 0.14575285178688588
8 0.5311707327138191 0.36102761368706504 0.07013327488562507 0.1293001808363588
8 0.5261410066495138 0.2075524452079959 0.07180487765916688 0.13405134783255318
8 0.5221100829219096 0.07835969372512115 0.07296733415618065 0.11692751482874764
8 0.38083623907899244 0.7388595005314726 0.08354115824437507 0.10174818380210837
8 0.381074588052812 0.627826500037181 0.091935539703264 0.12706651878308026
8 0.3799504587781246 0.5081360825466951 0.08219686379145844 0.111059516805914
8 0.3458027031754506 0.9597941178513626 0.08339568787965286 0.08041176429727485
8 0.34215298594486043 0.8553639096190017 0.09691398043270852 0.1397575197716634
8 0.3497934461446872 0.35911099212851566 0.076310539703264 0.1264298488211364
8 0.3468528969421179 0.2166688241437381 0.08248780452090285 0.123559516805914
8 0.3468918773748263 0.08060399015134931 0.06708101006798621 0.13229784684397006