8 0.7069838214512674 0.8971454803026987 0.06001134667409058 0.05710684585538672
8 0.8052395081158128 0.8855315010629454 0.05225339067472703 0.06147601087441501
8 0.3045497121259942 0.9400943952845455 0.06940452800763594 0.05905134783255335
8 0.5915042721196309 0.9049341225843136 0.052217028007635946 0.05835101087441501
8 0.4378616514560399 0.921319173459166 0.06640679734245403 0.06986151384016423
8 0.0846008387969031 0.9623673488211363 0.02249316534054513 0.05401633794672165
8 0.38403721745699426 0.9261539120904596 0.05054544000636341 0.04891234387822045
8 0.2444298247930851 0.9407682159310615 0.07107611600890866 0.06849001482874754
8 0.5314207474538126 0.9087329432308294 0.06627952800763595 0.058924013840164234
8 0.17814175346113048 0.9482186185927999 0.07256589067472693 0.0623036818249421
8 0.11881220679499409 0.9497055227374129 0.08046929734245412 0.07043451680591417
8 0.9680020427673135 0.7804977856633564 0.0582852146721816 0.042980678859192524
8 0.34998838677590405 0.8185669051703772 0.050727253341817755 0.06453734387822072
8 0.5058838507717679 0.7944648547898165 0.05681362133990877 0.05072951186299797
8 0.40294066410722235 0.8058878330409867 0.05684998400699968 0.053854511862997965
8 0.2859440681094495 0.8175190583264073 0.06787839067472685 0.06211268083635879
8 0.22426168077654038 0.8181292119767288 0.06473520934118149 0.060422846843970035
8 0.1033679254455403 0.8303825197716634 0.06161020934118144 0.060295512851580926
8 0.165713384110404 0.8196479496194392 0.07256589067472685 0.06230368182494184
8 0.06429633477876757 0.8280095948668038 0.025490896005727005 0.04320617193911005
8 0.9532395614258139 0.7197685326976069 0.05517839600572714 0.044415844866803764
8 0.9943794453771343 0.7036461255872443 0.011241109245731452 0.03670150395433254
8 0.8907395614258139 0.7172218528498312 0.048946577339272324 0.045723676882026075
8 0.773615696093223 0.7179155781352519 0.056831802673454314 0.052292011862998145
8 0.6306833087603139 0.715215047983465 0.07100339067472702 0.062240014828747546
8 0.39348330076381377 0.7313189145619174 0.05521475867281787 0.047540844866803766
8 0.5385412620941775 0.7153649452079959 0.048982940006363405 0.04884867688202625
8 0.4878327374283593 0.7195457678316781 0.048982940006363405 0.04884867688202625
8 0.27800375143217726 0.7391075568435326 0.06309998400699968 0.054109179847775656
8 0.22486057009863183 0.7353803789729232 0.06787839067472685 0.06211268083635879
8 0.16475886409926815 0.7376166996194391 0.05681362133990877 0.05072951186299814
8 0.05557476810149533 0.7495662598858317 0.03488407733927246 0.045150673916276675
8 0.09924295210054082 0.7443176857792746 0.05681362133990879 0.05072951186299797
8 0.9828874147039983 0.6102317066138834 0.03422517059200345 0.04228034190105419
8 0.901240162078269 0.6130118553212892 0.056813621339908596 0.05072951186299797
8 0.948805505410542 0.6071411987052181 0.047438621339908595 0.0503475098858317
8 0.717655502745042 0.6063122332684481 0.05061816534054522 0.05516234387822046
8 0.9758922536998622 0.5442565381348142 0.04821549260027567 0.03328734387822045
8 0.941864614735815 0.5475115307204405 0.04571248933799978 0.0362213428896375
8 0.8927094994032242 0.5509747703403172 0.039498852005090866 0.03909167490485963
8 0.5119958487428147 0.5815337732688857 0.056886346674090406 0.05697951186299797
8 0.8457163207351787 0.5389085104544854 0.047420440006363404 0.0487850098858317
8 0.45189414274345097 0.5837700939154016 0.06629770934118148 0.060486513840164416
8 0.3949719807447237 0.5908212485543063 0.06473520934118149 0.060422846843970035
8 0.2880589094127691 0.5966163093149904 0.06633407200827239 0.06361151384016442
8 0.22017197541372355 0.6008780449805344 0.05688634667409058 0.05697951186299797
8 0.08126401674885986 0.6084929323192336 0.08186816534054513 0.05643568380210837
8 0.15451970341340543 0.59586028114037 0.07256589067472693 0.0623036818249421
8 0.30604912480103924 0.9952236111784261 0.0611738573360908 0.009552777643147792
8 0.5495900394652666 0.9854891376230259 0.0473840773392725 0.029021724753948062
8 0.02967424474854169 0.6040481714448187 0.03350339067472689 0.06071200692008212
8 0.38564571813331205 0.9889072855889942 0.07385567067154523 0.022185428822011487
8 0.4418775367997666 0.9885862920147849 0.06451703333863605 0.02282741597043021
8 0.40256575739972417 0.5052339170333754 0.06933180267345418 0.052801347832553344
8 0.5375032840547248 0.42483544570228754 0.06934998400699968 0.054363847832553304
8 0.6092237427195885 0.41448287752722945 0.08048747867599956 0.071997016805914
8 0.25647036537236184 0.29781405338349143 0.08046929734245412 0.07043451680591399
8 0.1900186620384982 0.2912019560452298 0.06001134667409058 0.057106845855386903