8 0.590625 0.62734375 0.06484375 0.0359375
8 0.653125 0.62890625 0.06484375 0.0359375
8 0.7171875 0.62890625 0.0625 0.0359375
8 0.7921875 0.6359375 0.06953125 0.03828125
8 0.4125 0.6421875 0.07421875 0.03359375
8 0.171875 0.6578125 0.07421875 0.03828125
8 0.35078125 0.7234375 0.0890625 0.03828125
8 0.825 0.790625 0.071875 0.02890625
8 0.74765625 0.790625 0.0765625 0.03359375
8 0.9015625 0.79375 0.07421875 0.03359375
8 0.68125 0.79453125 0.071875 0.0359375
8 0.51796875 0.79765625 0.0765625 0.0453125
8 0.4390625 0.7984375 0.08203125 0.03828125
8 0.821875 0.859375 0.06484375 0.040625
8 0.89609375 0.8640625 0.0765625 0.04296875
8 0.07421875 0.865625 0.0765625 0.03828125
8 0.753125 0.865625 0.071875 0.03828125
8 0.1421875 0.86640625 0.08203125 0.0453125
8 0.2171875 0.86875 0.071875 0.04296875
8 0.6796875 0.8671875 0.07421875 0.03828125
8 0.603125 0.87109375 0.07421875 0.0484375
8 0.51875 0.87109375 0.08671875 0.0453125
8 0.4453125 0.871875 0.071875 0.03828125
8 0.2890625 0.8734375 0.071875 0.040625
8 0.365625 0.8765625 0.08203125 0.040625
8 0.878125 0.165625 0.09140625 0.04296875
8 0.2125 0.1671875 0.08671875 0.04296875
8 0.95859375 0.1671875 0.0828125 0.04375
8 0.12734375 0.1671875 0.0796875 0.03828125
8 0.040625 0.1671875 0.08125 0.0375
8 0.78984375 0.1703125 0.0890625 0.04296875
8 0.47109375 0.1921875 0.0671875 0.03125
8 0.321875 0.1921875 0.0625 0.040625
8 0.696875 0.19453125 0.09375 0.0453125
8 0.396875 0.19375 0.0625 0.03828125
8 0.5515625 0.20625 0.0625 0.03828125
8 0.62109375 0.20625 0.0671875 0.03828125
8 0.80703125 0.0265625 0.0890625 0.05078125
8 0.1265625 0.2640625 0.08203125 0.040625
8 0.0421875 0.26640625 0.084375 0.0453125
8 0.2140625 0.26875 0.084375 0.040625
8 0.95859375 0.2703125 0.0828125 0.040625
8 0.87421875 0.27109375 0.0796875 0.0484375
8 0.78828125 0.27109375 0.0890625 0.0359375
8 0.32109375 0.2734375 0.0671875 0.03828125
8 0.47109375 0.2796875 0.0796875 0.03359375
8 0.39765625 0.2796875 0.0671875 0.03359375
8 0.6171875 0.284375 0.071875 0.03359375
8 0.54375 0.2875 0.06953125 0.040625
8 0.6296875 0.0390625 0.09375 0.05078125
8 0.46640625 0.39296875 0.0765625 0.0359375
8 0.9046875 0.39375 0.084375 0.03828125
8 0.38671875 0.396875 0.0796875 0.03359375
8 0.83125 0.396875 0.084375 0.04296875
8 0.53828125 0.396875 0.0796875 0.04296875
8 0.60859375 0.396875 0.0765625 0.04296875
8 0.209375 0.3984375 0.06953125 0.03828125
8 0.76171875 0.3984375 0.0796875 0.03828125
8 0.46171875 0.47421875 0.0765625 0.0359375
8 0.08046875 0.4734375 0.0765625 0.03828125
8 0.675 0.475 0.071875 0.040625
8 0.825 0.475 0.06953125 0.04296875
8 0.15703125 0.4765625 0.0765625 0.04296875
8 0.53828125 0.47578125 0.0765625 0.0484375
8 0.75625 0.478125 0.084375 0.040625
8 0.3921875 0.478125 0.071875 0.03359375
8 0.60625 0.47890625 0.071875 0.0453125
8 0.8875 0.053125 0.084375 0.04296875
8 0.965625 0.05859375 0.06484375 0.0359375
8 0.175 0.590625 0.07421875 0.02890625
8 0.09453125 0.5921875 0.0765625 0.02890625
8 0.4078125 0.059375 0.084375 0.03828125
8 0.52890625 0.6234375 0.0671875 0.03359375