8 0.31158442537675846 0.6067981593406452 0.04427884890464338 0.07334821996293303
8 0.3064362726320492 0.6762202819359835 0.04427884890464338 0.07334821996293303
8 0.30356367372740584 0.748068000084818 0.044187920691397944 0.07022321996293321
8 0.2917563440230924 0.8313343678708328 0.04602320533113406 0.07965278366526399
8 0.30483563486452764 0.4087053997219983 0.041472097651002036 0.08417659255827133
8 0.2985474970970061 0.1410268264010206 0.046159597651002124 0.08434028366526398
8 0.21701503760923696 0.3360367368379741 0.04665970282385157 0.10152778366526398
8 0.11814534778401611 0.8581175787632734 0.03513116943775674 0.08083333774894826
8 0.12298962364826357 0.7722619243167695 0.04156302586424747 0.08730159255827133
8 0.11100278602639133 0.9423288876562808 0.041472097651002085 0.08417659255827133
8 0.12200143665952959 0.6987152969121079 0.04450616943775674 0.08116071996293321
8 0.1265167550810719 0.5166567650609425 0.05406302586424746 0.08773810217691817
8 0.12904001299863074 0.4299380150609425 0.046386918184115535 0.09215278366526398
8 0.041741972157195495 0.8499752073490615 0.04896634890464333 0.07351191106992587
8 0.03308237450619339 0.9325694525397379 0.05093802586424747 0.08762897477225665
8 0.07413618197416906 0.03230655771188108 0.045477636051661885 0.06090278366526396
8 0.03847823132839553 0.7740029843909033 0.04606866943775674 0.08121528366526398
8 0.06916988565595047 0.09547868030721937 0.054244882290738185 0.09398810217691825
8 0.06361255595163703 0.17896330290255763 0.05080163354437941 0.08294147477225655
8 0.04086509692608629 0.6919717343909034 0.0461595976510021 0.08434028366526398
8 0.040999140737022405 0.6067336388374072 0.05714256175762479 0.08628472958158007
8 0.04528948713438327 0.513038202539738 0.054426738717228904 0.10023810217691817
8 0.04687237067876269 0.4317609206885725 0.04606866943775674 0.08121528366526398
8 0.05348138651388029 0.2583779843909034 0.049193669437756736 0.08132441106992569
8 0.04631609270294417 0.3433705432839108 0.0495119181841155 0.09226191106992569
8 0.8105852488793728 0.9509189535316052 0.051438131037096824 0.0981620929367896
8 0.8422914854185237 0.2139758085144893 0.051301738717229026 0.10012897477225655
8 0.8049968269343335 0.9969444989036915 0.04943771034569906 0.006111002192616866
8 0.8458005818158846 0.12025309036565472 0.04629598997087001 0.08902778366526397
8 0.8501220204539711 0.052366185919151 0.04157974623907634 0.03423115626060225
8 0.8095432375966016 0.8556722351935114 0.051392666930474375 0.10325397477225665
8 0.8011135897999504 0.5003299707655413 0.03811977711788863 0.07625496515360979
8 0.8082992671552658 0.3340055663190376 0.04887542069139812 0.0703869110699257
8 0.7867853506870099 0.7508656841050525 0.05460859514371954 0.10648810217691818
8 0.8027419374509523 0.4174901889143759 0.04575042069139812 0.07027778366526398
8 0.7813346357224574 0.5887922700399019 0.04575042069139812 0.07027778366526398
8 0.7775216624446347 0.6660814563375711 0.04593227711788863 0.07652778366526398
8 0.9542419721571955 0.8818404095102812 0.03411423871722903 0.09952877404661713
8 0.7388602600291299 0.1133904767559911 0.04951191818411545 0.09226191106992568
8 0.7407697525072825 0.04776547675599109 0.051091138558944496 0.03924603847458739
8 0.7290102354185236 0.21001994009550223 0.04960284639736088 0.0953869110699257
8 0.6893945589876449 0.9941716737686154 0.04635817445232178 0.011656652462769302
8 0.6928210873591748 0.9430953349233591 0.05727895407749273 0.09097222958157972
8 0.6971568978631584 0.84783739862569 0.045097202823851566 0.10147321996293321
8 0.7177424633151999 0.328497121583848 0.04593227711788863 0.07652778366526398
8 0.704284053906573 0.4953845212210283 0.04160848997087019 0.08886409255827132
8 0.7082334195042638 0.4134078349233591 0.04124477711788863 0.07636409255827133
8 0.6917660188711254 0.656830452709374 0.041381169437756785 0.08105159255827132
8 0.6917636703621936 0.5762798571558777 0.049148205331134065 0.07976191106992551
8 0.9568454495916534 0.6848562821056194 0.048358595143719894 0.10626984736759475
8 0.5787301244396864 0.48317964318339435 0.04464256175762475 0.08584821996293321
8 0.5544118052267212 0.9609524186428059 0.04647784639736088 0.07809516271438817
8 0.5789550964638679 0.39481654762989804 0.04160848997087001 0.08886409255827141
8 0.5559946887711007 0.8882664472670783 0.05121081050398359 0.09700397477225664
8 0.5709427050019297 0.5626761702252363 0.05102895407749273 0.09075397477225663
8 0.5671069996707956 0.6407466065229055 0.05093802586424747 0.08762897477225665
8 0.5846835738983257 0.19794154762989807 0.04602320533113406 0.07965278366526399
8 0.5566826620489234 0.8108681335647475 0.04629598997087001 0.08902778366526398
8 0.48830971291948844 0.47298369844820465 0.04464256175762475 0.08584821996293321
8 0.5082838614410556 0.055287766959859 0.04436977711788863 0.07647321996293313
8 0.4767116687128409 0.7103200073412121 0.049193669437756785 0.08132441106992552
8 0.4695032593042141 0.8774256617877159 0.05075616943775678 0.08137897477225664
8 0.5020589420032989 0.13483885770403187 0.05093802586424747 0.08762897477225655
8 0.48270691910855235 0.558030821043543 0.05718802586424747 0.08784722958158006
8 0.4694099825820367 0.8000000662342195 0.04960284639736088 0.09538691106992578
8 0.48821643619731125 0.39555810289470844 0.041381169437756785 0.0810515925582715
8 0.47503315993735223 0.6336210980853851 0.0539266335443795 0.08305060217691818
8 0.9344630180797026 0.9609003606992568 0.05121081050398359 0.07819927860148645
8 0.3734338368304494 0.14755213411290166 0.03522209765100213 0.08395833774894798
8 0.3760252909079423 0.05848963411290168 0.03526756175762476 0.08552083774894796
8 0.951528778438037 0.43754477248697266 0.04647784639736088 0.09527778366526399
8 0.31903086401484515 0.5390203822988031 0.04124477711788863 0.07636409255827133