8 0.7579785809558899 0.6936881011654279 0.07725695916315978 0.11193949400955035
8 0.8602875815040442 0.8998513103285877 0.07714783175849824 0.10881449400955034
8 0.8517087004711854 0.9726811088851581 0.07013393992586643 0.05463778222968365
8 0.8854041765093863 0.6957912929053927 0.0898115228654909 0.11393850362819702
8 0.10620028222968358 0.8563095421027844 0.07336806733052792 0.08995536660488845
8 0.1447965677938641 0.44543652948891277 0.10678076805616735 0.10828870435383639
8 0.11895823177419665 0.7597619243167696 0.08150794954451306 0.09960318511654301
8 0.16218001915247568 0.3060292891075596 0.0895932680561673 0.10768850362819701
8 0.13120774983036398 0.6553745246795893 0.08641370435383648 0.10601687622353531
8 0.10769580564332851 0.9478794832097771 0.08570437622353536 0.0857043762235353
8 0.19135912078123976 0.05283236723786069 0.09540675843752049 0.09540675843752049
8 0.18851188457623785 0.1567658990890261 0.10743553248413762 0.12703870435383652
8 0.0033233743246188115 0.6199950414698122 0.006646748649237623 0.09936508293962447
8 0.0010862625290537224 0.7574950414698123 0.002172525058107445 0.11811508293962447
8 0.3473436374018267 0.8498686022617363 0.051984140651505584 0.10325397477225655
8 0.4356770612552602 0.17947674590846677 0.08904763103285873 0.09206350362819707
8 0.41604657441728604 0.40563001814098537 0.10118553248413757 0.1268204495445131
8 0.4458829296742472 0.06641375071779018 0.10510914065150559 0.10510914065150563
8 0.4287598839432657 0.28796136850380505 0.09449902286549072 0.11410219473518968
8 0.41370776970062983 0.5174033318433162 0.09795140507947586 0.12358632213985139
8 0.5812524560831169 0.1994222020764018 0.09239088584218216 0.09842263103285878
8 0.5921031652462769 0.09029273873689066 0.10710815027015244 0.11766370435383648
8 0.5748164284083028 0.31652785652290555 0.089702395460829 0.11081350362819702
8 0.5466789824071687 0.6518924376484315 0.07925596878180663 0.12449405771188111
8 0.557993483040141 0.5294817243089204 0.08323414065150558 0.10434524881887378
8 0.56878962850097 0.4219147609694092 0.08625001324684387 0.1013293762235353
8 0.5271923393085924 0.9187252735832809 0.08517858656782167 0.11533731252120454
8 0.7319988903970516 0.9000645867374576 0.06777283175849824 0.10848711179556503
8 0.7239830045548694 0.9814633426430894 0.06155754809323426 0.03707331471382105
8 0.7449205310485573 0.7988294689514428 0.0721329495445131 0.09927580290255769