8 0.795733260921898 0.7713865152305786 0.03467498184962743 0.05276290145127884
8 0.15232817368607637 0.6739335517214313 0.03626475292686626 0.05750496515360979
8 0.20964174569839167 0.8587103450053422 0.033076120413308895 0.0464583377489479
8 0.21924854985492193 0.8988814772193272 0.03468407220870695 0.05432540145127866
8 0.229641149190992 0.939861141284478 0.03624657220870695 0.05437996515360979
8 0.2105855804001305 0.6181671905588384 0.02678975897699045 0.03999008293962447
8 0.2785144655459665 0.8822048979078998 0.03943520472226432 0.06542659255827132
8 0.24877592680933436 0.6038790012659444 0.03787270472226432 0.06537202885594055
8 0.2766650983541114 0.6985838660567344 0.03627384328594587 0.05906746515360979
8 0.26470090865896173 0.6559871382892529 0.03782725292686626 0.05755952885594055
8 0.2870713332288009 0.7419072801218849 0.033057939695149675 0.043333337748947896
8 0.29904915846257 0.7868477578893665 0.03310339149054773 0.051145837748947896
8 0.31905310713471013 0.8687798041685021 0.03782725292686617 0.05755952885594055
8 0.31181277887587894 0.8325967675080133 0.031495439695149674 0.04327877404661677
8 0.3365224082661783 0.9178175048941414 0.033076120413308895 0.0464583377489479
8 0.4149292093976465 0.9689831900106842 0.028434072208706952 0.05410714664195524
8 0.3972871914436656 0.8902579892850447 0.03626475292686617 0.05750496515360979
8 0.2611612555591449 0.3160888245869221 0.03783634328594587 0.059122028855940555
8 0.20278463241536143 0.08284724945184582 0.03616475897699045 0.0403174651536097
8 0.22033574677854614 0.14594745017748526 0.045721566158582784 0.07189484736759484
8 0.23712379185989008 0.21214536905195924 0.04571247579950324 0.07033234736759478
8 0.4292275378528694 0.8757515451828274 0.03153180113146821 0.04952877404661713
8 0.45001728170454935 0.9584921233131286 0.034720433645025396 0.06057540145127902
8 0.39625543568812893 0.7129142392850448 0.03630111436318471 0.06375496515360961
8 0.30722318930236625 0.3122297038056823 0.036237481849627426 0.0528174651536097
8 0.2504181565176624 0.08060519237293692 0.03624657220870704 0.0543799651536097
8 0.2703266564194665 0.1461309886520726 0.04415906615858276 0.07184028366526399
8 0.448830468963812 0.6202381551642938 0.033076120413308985 0.0464583377489479
8 0.5482638841638773 0.9291171365599723 0.02678975897699054 0.03999008293962447
8 0.5394337848278072 0.8881920361971527 0.029932939695149586 0.04322421034428601
8 0.5104497458947834 0.7395536395551974 0.026853391490547728 0.050927582939624474
8 0.3638584878015557 0.11190481079192398 0.048901108313060514 0.0813789747722565
8 0.6019565107255063 0.894280834290387 0.026798849336070064 0.04155258293962447
8 0.5857179114876321 0.7882664472670784 0.02678066861791084 0.03842758293962447
8 0.5792406525106417 0.7489856924577549 0.028397710772388507 0.047857146641955416
8 0.689960504773578 0.8497074334720803 0.03311248184962743 0.05270833774894825