8 0.6028450577519442 0.39904919774277964 0.045459276785486225 0.0747104949854351
8 0.6044452317638885 0.33029919774277966 0.045459276785486225 0.0747104949854351
8 0.6037380233670138 0.25991850158284563 0.04538654160312507 0.07158549498543501
8 0.6103711894951734 0.17646114390271367 0.04713087955902786 0.07944345909205772
8 0.6217366088543745 0.5950436593421198 0.042552482332569495 0.08399456677218957
8 0.6421529859448605 0.8598790491547055 0.0472399823325695 0.08413095909205773
8 0.7116517876159717 0.6617658095795467 0.04760365824437507 0.09975595909205773
8 0.7800849306614582 0.13996501741796324 0.036229747150208526 0.08068771034569898
8 0.7804466469421178 0.22518946357789726 0.042625217514930466 0.08711956677218975
8 0.7803771778116666 0.06023205331134056 0.04237064437666671 0.07618206677218971
8 0.785786803952222 0.29805030205769933 0.04560474715020853 0.080960494985435
8 0.7909977147620483 0.47722933669743545 0.05512521751493047 0.08748327962517113
8 0.7936849972471176 0.5633032290173035 0.047458187879652766 0.09350595909205772
8 0.8550485630702778 0.14370979453585192 0.04858427678548623 0.07480142319868044
8 0.8584476264248959 0.06484900864247461 0.05185474715020817 0.0811423514119258
8 0.871874893904895 0.9611106197210724 0.047312717514930824 0.07777876055785526
8 0.8634773524892012 0.2182240612288994 0.04716724715020817 0.08100595909205774
8 0.8720762220771521 0.8900225048815511 0.055270687879652766 0.09373327962517095
8 0.8732042706141314 0.8079685228282395 0.051891114741388834 0.08270485141192588
8 0.8662737377478124 0.2996104535487674 0.0472399823325695 0.08413095909205773
8 0.8713411378240622 0.38419004202856943 0.058177482332569495 0.08444920783841647
8 0.8723204499444094 0.4764684702418148 0.05537979065319476 0.09842077962517112
8 0.8743537689986105 0.5570508805083716 0.04716724715020817 0.08100595909205772
8 0.8773845839687494 0.7291304689881736 0.04872974715020852 0.08105142319868044
8 0.8801478676880897 0.6439969510414849 0.04902068787965277 0.09355142319868044
8 0.09105945146302077 0.08473636434404953 0.052363893426736176 0.1030173514119258
8 0.10136498499492988 0.8175632362099463 0.052254790653194536 0.09832985141192588
8 0.09311356715434024 0.030071596397360865 0.05065461664125004 0.029579851411925796
8 0.10308917952409646 0.9114268964765031 0.047385452697291754 0.09038095909205772
8 0.10299695412538112 0.9804292975718599 0.043169424961875036 0.03914140485628011
8 0.09738022701423596 0.1826426669304743 0.052291158244375066 0.09989235141192579
8 0.1259708203853815 0.5329298234361073 0.03928201196784729 0.0776536385589445
8 0.12762097331142302 0.6971514478092866 0.048511541603125076 0.07167642319868044
8 0.12550326738309003 0.28431046700961654 0.05556162860909732 0.10623327962517112
8 0.12954845564399253 0.6143389478092867 0.046949041603125075 0.07163095909205772
8 0.14052558928708297 0.44501228628908873 0.046949041603125075 0.07163095909205772
8 0.13996385125493024 0.3683815901291547 0.04709451196784729 0.07788095909205772
8 0.20943009850204786 0.9106122057268454 0.04902068787965286 0.09355142319868044
8 0.2124628731033325 0.9780460951437195 0.05272626291777784 0.04390780971256092
8 0.2139922715640618 0.8153679018867794 0.04905705547083343 0.09511392319868044
8 0.20492323613229163 0.029416030020882566 0.047529616641249994 0.02948892319868044
8 0.2074475176674305 0.08890469028743928 0.05832295269729178 0.09069920783841652
8 0.20837227840100678 0.18352686850068461 0.04604115824437507 0.09971049498543505
8 0.21751927469819385 0.6974218839400909 0.04709451196784729 0.07788095909205772
8 0.2221373055677426 0.5326008659934022 0.0426979526972918 0.09024456677218957
8 0.22338937462194391 0.6131605442066476 0.04240701196784728 0.07774456677218974
8 0.22510191745933997 0.37164063394009084 0.042479747150208344 0.08086956677218975
8 0.2294789865135413 0.4522912403665815 0.04869337955902786 0.07948892319868044
8 0.3471373055677426 0.5362379945232167 0.04575021751493065 0.08721049498543501
8 0.3426226046734027 0.058439603456989855 0.04578658510611113 0.08877299498543507
8 0.35211378666604115 0.6247238330030187 0.0426979526972918 0.09024456677218975
8 0.3463093427055554 0.13516122783016923 0.05221842306201392 0.09676735141192579
8 0.35053636892236073 0.45737720862983944 0.0520729526972918 0.09051735141192588
8 0.34921156468579834 0.379942530416594 0.05200021751493065 0.08739235141192588
8 0.35696102156406184 0.8195278676427549 0.04713087955902786 0.07944345909205772
8 0.34999608073770816 0.21188285220334863 0.047385452697291795 0.09038095909205775
8 0.4361452541809718 0.5411731986007094 0.04575021751493065 0.08721049498543501
8 0.44044305594899225 0.9587428230071424 0.047312717514930644 0.08251435398571516
8 0.43456914285805526 0.3065936101209074 0.04872974715020852 0.08105142319868044
8 0.431374673727604 0.14154527164110536 0.05181837955902786 0.07957985141192578
8 0.44240690587274234 0.8767386255603136 0.05200021751493065 0.08739235141192551
8 0.43654660410472185 0.4567527344940868 0.05825021751493065 0.08757420783841656
8 0.43664209555534705 0.21753111012090742 0.0490934230620141 0.09667642319868044
8 0.4413944922131245 0.6179402870805115 0.042479747150208344 0.08086956677218975
8 0.43983656468579824 0.3825794486007095 0.05497974715020852 0.08123327962517113
8 0.5679706035360409 0.8561570040901281 0.0363024823325695 0.08381271034569907
8 0.5713845846343395 0.9445973784633075 0.03637521751493047 0.08693771034569905
8 0.002111226872065739 0.6033977846397361 0.004222453744131478 0.09264214106622681
8 0.5989193175355899 0.46694975158284563 0.0424070119678472 0.07774456677218974