8 0.06096135771838498 0.11890118942018657 0.11568334980971957 0.08467737884037314
8 0.8522414985914875 0.8313715123777208 0.15382001977166349 0.10248650512049765
8 0.7047444160819734 0.826677765149731 0.161568852775469 0.1013790314288567
8 0.5556848335724593 0.8218930126600694 0.16306768577927463 0.09990753669052843
8 0.4191570845610425 0.8186175522637826 0.14588018577927464 0.09890647881213824
8 0.9608008261209043 0.8293224359423046 0.07839834775819128 0.11096686305535748
8 0.12475316855343124 0.8045880604386391 0.1425641847906915 0.09403696828879467
8 0.2644059175648481 0.8080455313582696 0.1664473537640523 0.10633954721387226
8 0.26847528813481436 0.975279992036905 0.1726681788591925 0.04944001592619003
8 0.4151592871462311 0.9753247656438411 0.14180018083635879 0.04935046871231776
8 0.8528795326604257 0.5983692965785877 0.14881418479069158 0.09440098933548206
8 0.7201943666528147 0.5937588493364807 0.15388368676785796 0.10404900512049764
8 0.11594053714623113 0.9668157736775234 0.12773768083635884 0.06636845264495328
8 0.9573130815395213 0.4724731964656483 0.0853738369209573 0.08394933674699842
8 0.8237120030029306 0.4563792176535101 0.13248884783255327 0.07630343671876343
8 0.29222192247058293 0.4386731760542454 0.13124468281352525 0.0840249314570917
8 0.697835252508639 0.44670954408892616 0.1498673488211363 0.08199199459715381
8 0.5666170860067361 0.4398463521084909 0.1410016847906915 0.09394596302712266
8 0.4261512534972221 0.4355621285580245 0.14380834980971957 0.08631547355046645
8 0.15140592148199972 0.425795202503779 0.14380834980971957 0.0863154735504665