8 0.9224574124732079 0.8045974954228138 0.07553851087441502 0.05198974687674216
8 0.43328482452648653 0.8293132326351943 0.061030341901054184 0.040970433645025395
8 0.648033074032195 0.8304070582617469 0.06460101087441501 0.0519261143631848
8 0.830686406541709 0.8332497362494315 0.07665534190105419 0.041061337235821685
8 0.285352568175058 0.07019782874981054 0.05854201186299814 0.05657725292686624
8 0.1641951511788636 0.07246483157848091 0.06472834486680368 0.0550511143631847
8 0.46572581768076643 0.07149164227611468 0.0586693458553869 0.05970225292686624
8 0.5273490671864748 0.07347632309246979 0.06629084486680377 0.05506020472226432
8 0.39847465068457205 0.07344502771653824 0.0706600098858317 0.04727497579950317
8 0.6561598166921833 0.07507011846840132 0.05710684585538672 0.0596931625677866
8 0.7240648996959889 0.07623718784843794 0.0711693458553869 0.05977497579950317
8 0.8707170652093085 0.08085144409495389 0.06173067885919252 0.058157933645025486
8 0.8081533982131142 0.08277755845813858 0.06673651384016432 0.06599770472226432
8 0.9455260642207254 0.08510260685913223 0.06648184585538672 0.05974770472226434
8 0.14357229197760385 0.19521198516927707 0.05608817391627659 0.03469316256778665
8 0.6483407050194655 0.20945875400702074 0.0612850098858317 0.047220433645025484
8 0.4843100385175628 0.2096319917103806 0.06147601087441501 0.05190793364502548
8 0.7076520380232711 0.21067582036199525 0.061412343878220456 0.050345433645025486
8 0.548245204525174 0.2123842869881163 0.061667011862998146 0.056595433645025485
8 0.7925217865403964 0.2172116457921561 0.06479201186299814 0.056613614363184704
8 0.9292087030422991 0.21719748937268957 0.058669345855386724 0.05970225292686619
8 0.8673626190499103 0.22068155855633448 0.04891234387822081 0.050272710772388506
8 0.0784791911793011 0.27838355435292195 0.06909750988583174 0.04726588544042354
8 0.14085185718691234 0.2811449399897373 0.058032675893442943 0.04407725292686626
8 0.23531944019071793 0.2821574732654204 0.04109984387822054 0.05022725897699045
8 0.3604958537268712 0.29626944935951116 0.06897017589344294 0.044140885440423536
8 0.29243160323257966 0.2990086299794745 0.06147601087441492 0.05190793364502548
8 0.4219599357420937 0.30216038017586627 0.0644100098858317 0.0472386143631847
8 0.6423361027382881 0.2993161395456402 0.05647017589344294 0.04406816256778665
8 0.5421769352478021 0.3038041725267357 0.05835101087441501 0.05188975292686626
8 0.48120760174970484 0.3049399465308408 0.05828734387822045 0.05032725292686626
8 0.7772695182516076 0.3039985734852532 0.06147601087441483 0.05190793364502548
8 0.9131115177573161 0.3055514622453265 0.061412343878220456 0.050345433645025486
8 0.8519511832706357 0.31137473624943157 0.07097834486680377 0.05508747579950315
8 0.968261932776344 0.313041254498 0.03953734387822081 0.05021816861791084
8 0.28693899551419466 0.41463817515901435 0.05828734387822045 0.05032725292686617
8 0.22112299452561152 0.4197074702403583 0.05828734387822054 0.05032725292686617
8 0.8634086536131406 0.4518997422995558 0.06616351087441501 0.051935204722264317
8 0.9318403186321685 0.4593122665000527 0.06791701186299796 0.05663179508134384
8 0.47318290163597415 0.4635427868899204 0.06785334486680376 0.05506929508134402
8 0.5411834851340713 0.462366106269957 0.061412343878220456 0.050345433645025396
8 0.6067129846397797 0.4643280611886131 0.07365767589344294 0.04416815651766246
8 0.7535561511416825 0.46425481743512903 0.070851010874415 0.051962475799503235
8 0.6815538171492938 0.4677979739527915 0.07391234387822046 0.05041815651766228
8 0.024745366825598285 0.49430399102300965 0.04949073365119657 0.0440954336450254
8 0.16106756220637788 0.4942580183467644 0.05847834486680368 0.05501475292686635
8 0.7141660458947555 0.5683656005144204 0.07078734387822046 0.05039997579950324
8 0.7851324619023667 0.5710769891762978 0.07547484387822045 0.05042724687674198
8 0.03754253749179853 0.6121363856368153 0.05784167490485979 0.039389752926866174
8 0.09604078699750696 0.6141392471713296 0.06578150889724857 0.042560204722264315
8 0.2753343561611481 0.6802677203385541 0.06673651384016441 0.06599770472226432
8 0.6573337726630509 0.6788263775435877 0.09655134783255317 0.06929542154477701
8 0.5846456891649537 0.6800303292407899 0.04954901384016441 0.06589771077238851
8 0.09867635566685654 0.6836386809145509 0.056597509885831745 0.04719316256778665
8 0.35795585517256495 0.6844734313073344 0.07410334486680377 0.05510565651766246
8 0.4501115216744678 0.684718350121637 0.07078734387822046 0.05039997579950324
8 0.03429552068588457 0.6918238856368153 0.06766234387822054 0.050381795081344015