8 0.04476525487126397 0.16617953067313607 0.055669347402212244 0.05688634667409058
8 0.5406680900986116 0.18288960407381477 0.06647047970746059 0.04920111600890866
8 0.31831184902706533 0.16311126404358892 0.06819662094116259 0.05859429734245412
8 0.12956299472499425 0.1429425726845901 0.08209547970746053 0.0493829293443631
8 0.6572273352339382 0.9771737640435889 0.06498980032431163 0.04565247191282218
8 0.7821591513865623 0.9817981767186339 0.06797843262956 0.036403646562732206
8 0.47069950000659055 0.9671030543642486 0.0652352621748646 0.06579389127150286
8 0.4067460941623919 0.9611771413908154 0.06981366801906326 0.06173747867599957
8 0.5401625661592148 0.9728878954089512 0.07592730032431164 0.05399770401018138
8 0.27257564570451953 0.9478947967059075 0.062082988635914306 0.06633407200827221
8 0.20238587662979599 0.9400453866963623 0.07773526217486462 0.06807838534372693
8 0.05031486201929941 0.9226477066756814 0.06830571509696395 0.06484429734245403
8 0.1158989517108739 0.9257550726845899 0.07315685633066597 0.07427384134309065
8 0.004836135554954466 0.9110829506683636 0.009672271109908932 0.06591590133672724
8 0.809999553577313 0.8689747441119948 0.06005683847375849 0.03975339067472703
8 0.2875166274405749 0.8081964973742707 0.06655230032431163 0.053888616008908576
8 0.4583785523594971 0.8234686033974971 0.06663412094116268 0.05857611600890884
8 0.22589333482690108 0.8020095846992259 0.06660684740221223 0.05701361600890857
8 0.3920950332847736 0.8156646467218156 0.06674321509696401 0.06482611600890884
8 0.138625159907979 0.7877101800206809 0.06986821509696392 0.06486247867599956
8 0.014629921268769424 0.7736829480028635 0.029259842537538848 0.06611589600572695
8 0.061458687911156204 0.7766539540101813 0.0525170738632619 0.055287484006999676
8 0.8809490276027307 0.7885338134547671 0.07280230032431163 0.053961341343090295
8 0.8170365320669575 0.7791946287794038 0.06337275324641078 0.050727253341817755
8 0.7179541497617092 0.7702276140992682 0.04470457386326192 0.05519657733927232
8 0.5902518896154396 0.7445179947485416 0.07274775324641106 0.05083634134309047
8 0.660523479307014 0.7476799047580867 0.06663412094116268 0.05857611600890866
8 0.527161554388092 0.7328441507399512 0.06811480032431164 0.05390679734245403
8 0.297719516238645 0.7161089947087709 0.060220479707460584 0.04912839067472703
8 0.4023661059302195 0.7196708940563156 0.0635091209411625 0.058539753341817755
8 0.46478428531336846 0.7250856473981334 0.06348184740221222 0.05697725334181776
8 0.15816213839762355 0.6980755153564535 0.06663412094116258 0.05857611600890866
8 0.025522556820428605 0.6847386266709089 0.05104511364085721 0.05697725334181776
8 0.08105021347870142 0.683894289345954 0.07606366801906325 0.06181020401018138
8 0.671984905036715 0.6282577427593594 0.06348184740221222 0.05697725334181776
8 0.7399536550367151 0.6290486307685862 0.06348184740221222 0.05697725334181776
8 0.07737756290950856 0.5361653140117723 0.07132162094116257 0.05863066000954511
8 0.020704417615321456 0.5229471513367271 0.04140883523064291 0.06151930267345414
8 0.4809565304421045 0.5596151887332697 0.07293866801906326 0.061773841343090476
8 0.4107122142894803 0.5548907787237247 0.0666068474022122 0.05701361600890866
8 0.3436338084452817 0.5478589813812705 0.07899775324641087 0.05090906667727211
8 0.1907133599874092 0.5343584606938169 0.07600912094116259 0.05868520401018138
8 0.26568608644845887 0.5367936647039983 0.07910684740221222 0.05715906667727229
8 0.9527769833642037 0.5682309514639939 0.06649775324641069 0.05076361600890866
8 0.806860511367381 0.5563747467774949 0.06356366801906325 0.06166475334181776
8 0.2370855738665572 0.4294078786998622 0.07598184740221221 0.05712270401018138
8 0.16379807833078405 0.41995960602322624 0.08066934740221221 0.05717724801081765
8 0.9392929561718055 0.4453928881285395 0.06329093262955965 0.04603975334181776
8 0.8792730738665572 0.4368804067870399 0.06959547970746058 0.04923747867599957
8 0.6963162978919748 0.35348500942867744 0.07159435633066594 0.07425566000954502
8 0.3015219951320313 0.31919763204167995 0.10292617694751698 0.07930678668045399
8 0.3764265377457051 0.32553908605186127 0.05437958279171564 0.07249316534054513
8 0.8805276566582728 0.3650054067870399 0.06027502678536116 0.052253390674726855
8 0.6105833494341024 0.340766286083678 0.07918866801906325 0.061846566677272286
8 0.5161884671288541 0.3318538154041786 0.07598184740221221 0.05712270401018138
8 0.9470020905056487 0.3618718634627213 0.07285684740221221 0.05708634134309047