8 0.8890625 0.18125 0.12734375 0.084375
8 0.63671875 0.1859375 0.1203125 0.084375
8 0.5015625 0.1984375 0.14453125 0.084375
8 0.3296875 0.2109375 0.125 0.07421875
8 0.19453125 0.22109375 0.1203125 0.0765625
8 0.06328125 0.2265625 0.1109375 0.08671875
8 0.49140625 0.02890625 0.1203125 0.0578125
8 0.1703125 0.02890625 0.115625 0.0578125
8 0.6203125 0.03359375 0.13203125 0.0671875
8 0.0453125 0.0359375 0.090625 0.071875
8 0.75625 0.03984375 0.12734375 0.0796875
8 0.6078125 0.44296875 0.115625 0.0796875
8 0.953125 0.4484375 0.09375 0.09140625
8 0.49375 0.45703125 0.11796875 0.0796875
8 0.7234375 0.4625 0.09375 0.09375
8 0.834375 0.4640625 0.134375 0.08203125
8 0.34921875 0.471875 0.1203125 0.0625
8 0.2015625 0.4828125 0.125 0.06484375
8 0.075 0.49140625 0.115625 0.0671875
8 0.7203125 0.60078125 0.09375 0.0765625
8 0.6140625 0.6046875 0.11796875 0.084375
8 0.4984375 0.6109375 0.103125 0.07421875
8 0.9484375 0.62578125 0.10078125 0.0765625
8 0.83515625 0.63359375 0.1296875 0.0890625
8 0.3578125 0.6453125 0.11796875 0.06953125
8 0.2203125 0.6546875 0.11328125 0.07421875
8 0.0890625 0.659375 0.12265625 0.06015625