8 0.52265625 0.65 0.0671875 0.03359375
8 0.584375 0.6484375 0.06015625 0.03828125
8 0.6515625 0.65078125 0.0625 0.0359375
8 0.7140625 0.653125 0.06015625 0.03828125
8 0.403125 0.66015625 0.06484375 0.0359375
8 0.7921875 0.665625 0.06953125 0.04296875
8 0.0890625 0.6703125 0.08203125 0.03828125
8 0.23671875 0.6875 0.0796875 0.04296875
8 0.8828125 0.07109375 0.08203125 0.0453125
8 0.325 0.7421875 0.08671875 0.040625
8 0.9484375 0.0796875 0.0625 0.03828125
8 0.496875 0.81953125 0.084375 0.0453125
8 0.415625 0.821875 0.08671875 0.04296875
8 0.5765625 0.82109375 0.08671875 0.0453125
8 0.665625 0.8234375 0.07421875 0.04296875
8 0.81875 0.828125 0.084375 0.03359375
8 0.74140625 0.828125 0.0765625 0.040625
8 0.896875 0.83359375 0.08203125 0.0359375
8 0.04765625 0.87734375 0.0796875 0.0359375
8 0.11875 0.88125 0.06484375 0.040625
8 0.1890625 0.884375 0.071875 0.03828125
8 0.39375 0.0890625 0.08203125 0.03359375
8 0.2609375 0.89375 0.09375 0.04296875
8 0.4125 0.8953125 0.08203125 0.04296875
8 0.33671875 0.89765625 0.0765625 0.0359375
8 0.7359375 0.90078125 0.08671875 0.0453125
8 0.4921875 0.9015625 0.084375 0.04296875
8 0.5765625 0.90234375 0.08671875 0.0453125
8 0.65859375 0.903125 0.0796875 0.040625
8 0.81640625 0.903125 0.0796875 0.040625
8 0.8921875 0.90703125 0.08203125 0.0484375
8 0.03828125 0.096875 0.0765625 0.04296875
8 0.4984375 0.0984375 0.07421875 0.03359375
8 0.15625 0.103125 0.071875 0.03125
8 0.94921875 0.18125 0.0890625 0.040625
8 0.85703125 0.1859375 0.0890625 0.04296875
8 0.771875 0.1890625 0.08671875 0.040625
8 0.04296875 0.196875 0.0765625 0.03359375
8 0.1265625 0.196875 0.08203125 0.03828125
8 0.68125 0.2125 0.084375 0.03359375
8 0.24296875 0.2140625 0.0765625 0.03359375
8 0.459375 0.2171875 0.071875 0.03359375
8 0.3109375 0.2171875 0.07421875 0.03828125
8 0.384375 0.21875 0.07421875 0.04296875
8 0.540625 0.225 0.071875 0.03828125
8 0.609375 0.225 0.06484375 0.02890625
8 0.0453125 0.2828125 0.08671875 0.03828125
8 0.125 0.2828125 0.08671875 0.03828125
8 0.946875 0.284375 0.084375 0.03828125
8 0.853125 0.2859375 0.08671875 0.03828125
8 0.2109375 0.2859375 0.08203125 0.03828125
8 0.765625 0.2859375 0.084375 0.03359375
8 0.31328125 0.2984375 0.0765625 0.03359375
8 0.45703125 0.2984375 0.0765625 0.02890625
8 0.3859375 0.29921875 0.06953125 0.0359375
8 0.6046875 0.30703125 0.06953125 0.0265625
8 0.534375 0.309375 0.071875 0.03359375
8 0.37734375 0.4125 0.0765625 0.03828125
8 0.59375 0.4125 0.071875 0.03828125
8 0.45546875 0.415625 0.0765625 0.04296875
8 0.82421875 0.415625 0.0796875 0.040625
8 0.21953125 0.415625 0.0765625 0.040625
8 0.5265625 0.415625 0.07421875 0.04296875
8 0.6703125 0.415625 0.07421875 0.04296875
8 0.9015625 0.415625 0.08671875 0.03828125
8 0.74921875 0.4171875 0.0796875 0.04296875
8 0.78125 0.04765625 0.08203125 0.0453125
8 0.696875 0.0484375 0.08671875 0.03828125
8 0.21953125 0.4828125 0.0671875 0.03359375
8 0.37734375 0.490625 0.0796875 0.040625
8 0.14765625 0.490625 0.0765625 0.03828125
8 0.30703125 0.490625 0.0796875 0.03828125
8 0.45234375 0.49375 0.0765625 0.040625
8 0.6640625 0.4953125 0.06953125 0.03828125
8 0.5953125 0.49609375 0.06484375 0.0484375
8 0.525 0.496875 0.071875 0.040625
8 0.74296875 0.496875 0.0765625 0.040625
8 0.81953125 0.496875 0.0765625 0.040625
8 0.084375 0.60546875 0.08203125 0.0359375
8 0.6125 0.06328125 0.084375 0.0484375