8 0.81328125 0.00407197322353565 0.0640625 0.0081439464470713
8 0.803125 0.09150010194758931 0.071875 0.10803513192686945
8 0.77890625 0.2176281083577301 0.0765625 0.12387845574818697
8 0.7515625 0.6064016639820826 0.075 0.10193068114108109
8 0.76875 0.3563823933039182 0.071875 0.10803513192686945
8 0.75859375 0.47716792825010623 0.0828125 0.1147945541766104
8 0.59453125 0.07621551199622126 0.0484375 0.10538101282028159
8 0.59453125 0.0059320338102868825 0.0546875 0.011864067620573765
8 0.55234375 0.48443042638807937 0.065625 0.1030565334984459
8 0.56015625 0.34344155335255017 0.0609375 0.10908820967712848
8 0.56953125 0.20316115570991497 0.0609375 0.11690070967712848
8 0.5390625 0.6139552605484792 0.0671875 0.10937930810555194
8 0.46953125 0.06484998056468985 0.053125 0.09622433664159916
8 0.4296875 0.3338932330458892 0.0515625 0.1086515620344933
8 0.4078125 0.5966308275453713 0.06875 0.12351458271265763
8 0.43515625 0.19535727192101873 0.0671875 0.12187930810555185
8 0.38125 0.9533367458661708 0.05625 0.04949488585581072
8 0.39453125 0.721468161705771 0.0640625 0.11548375889134022
8 0.41171875 0.47066764102760655 0.0671875 0.12812930810555195
8 0.20859375 0.919972089951368 0.065625 0.1077440334984459
8 0.2203125 0.6998950303980741 0.046875 0.10530823821317573
8 0.2109375 0.8198629280407091 0.0515625 0.08208906203449332
8 0.23515625 0.43670367163056845 0.0515625 0.11490156203449331
8 0.25234375 0.17887190095240402 0.05625 0.1057448858558109
8 0.22421875 0.5629943438803094 0.0578125 0.12769266046291677
8 0.25703125 0.04933856637771948 0.0546875 0.09867713275543896
8 0.2390625 0.3060529851128038 0.059375 0.10276543507002263
8 0.95859375 0.007664623037783888 0.059375 0.015329246075567775
8 0.9453125 0.09737761270095627 0.0671875 0.10469180810555187
8 0.1 0.6820611751452251 0.06875 0.11413958271265763
8 0.078125 0.9244862696447071 0.059375 0.09339043507002245
8 0.0859375 0.8124036466091779 0.059375 0.09339043507002245
8 0.1296875 0.17052220761021383 0.0640625 0.11704625889134013
8 0.9328125 0.2167098095578031 0.08125 0.11159677956950456
8 0.11796875 0.30622426716350776 0.06875 0.11882708271265771
8 0.09765625 0.563420337055884 0.0671875 0.10937930810555194
8 0.10625 0.43411382671680165 0.0671875 0.1250043081055519
8 0.13203125 0.051486494313730244 0.05625 0.10297298862746049
8 0.9125 0.35359337945017927 0.0765625 0.11919095574818703
8 0.903125 0.4915300270928144 0.0828125 0.1194820541766104
8 0.890625 0.6116434739496613 0.071875 0.10022263192686935