8 0.8655042435528209 0.8689337431800837 0.09281602103089917 0.13525260339082196
8 0.8473053629564118 0.6113395670014012 0.09232469810012063 0.12587760339082213
8 0.8268180433049936 0.474458151161801 0.09363489258219673 0.15087760339082212
8 0.8058460447753317 0.2984414607150949 0.08171474672063965 0.1316181811410811
8 0.7877024751239136 0.16145088296483595 0.08451219810012063 0.12551373035529284
8 0.775191429782755 0.042809141544335225 0.09339587516934209 0.08561828308867045
8 0.9834006170845125 0.4555154443801567 0.03319876583097496 0.1244948858558109
8 0.9748434093734535 0.1273904443801567 0.05031318125309312 0.12136988585581085
8 0.982009075078485 0.5877650182014742 0.03598184984303003 0.1374315334984459
8 0.96484375 0.023662054386007426 0.0703125 0.04732410877201485
8 0.9794439970593238 0.7263373666298977 0.04111200588135233 0.1333262303552928
8 0.5824682570089467 0.5939145882987382 0.08747342378986112 0.12253427956950454
8 0.5949737375599271 0.9371380494236087 0.09768058344622813 0.07936647642635145
8 0.5623051639517801 0.47816330976269084 0.08755531094499087 0.12409677956950453
8 0.5691604307988077 0.7135742708875614 0.10195200361804453 0.10138702564056316
8 0.5727534995457149 0.8269646827982202 0.09158106965141818 0.14142982878371627
8 0.5397230777920186 0.33119841853019655 0.07044969810012063 0.12485875889134013
8 0.5208834673219975 0.18092659077993756 0.07233974672063966 0.131181533498446
8 0.5047118334462282 0.05632588988945079 0.07497342378986112 0.11265177977890158
8 0.42759040648854824 0.7170353728306414 0.08320200361804471 0.1005137303552928
8 0.4179520556294657 0.6078423093484061 0.09224281094499087 0.12431510339082212
8 0.4055195754171693 0.4901646577768296 0.08056832654882311 0.10974318114108109
8 0.41351901967210275 0.9416736538478881 0.0824650192218769 0.08645123035529281
8 0.4001381931232796 0.8357875268834174 0.09758540818602893 0.1370334272121397
8 0.3620484571452322 0.3480884737402643 0.07818031094499087 0.12366013192686945
8 0.34612580676111937 0.2086449840793465 0.0810596494796016 0.11911818114108116
8 0.3336147614199607 0.07452469520421702 0.06905097241038013 0.12791098428423428