8 0.4303233927710116 0.7246889772716202 0.07763915258848364 0.04924308344622812
8 0.36437216907937087 0.7133962731786057 0.07148015785015538 0.050478034825709096
8 0.29207994012605826 0.7033385204650723 0.07451415258848364 0.049079309135968606
8 0.2243387032802379 0.6958701792169281 0.07148015785015546 0.050478034825709096
8 0.5578190612150979 0.7556634175698247 0.07616765785015538 0.050723696291098366
8 0.13821919275689418 0.6944913856847916 0.0828726841585147 0.05886374491161739
8 0.8887281559957785 0.8192400751900267 0.08719616311182747 0.05285940637700648
8 0.7299978981032706 0.8132722789443569 0.09546368942018653 0.06108134215265544
8 0.1464353842432193 0.042154279737326425 0.09720819994353028 0.0642882293077851
8 0.6263499823606073 0.8572093074384879 0.10153167889684286 0.05828389077317446
8 0.07603187898154747 0.04003185775648759 0.06991765785015547 0.05039614767057933
8 0.42808751663206157 0.911076856624834 0.09877069994353019 0.06437011646291495
8 0.5149504798003586 0.9266000373120999 0.10171368942018652 0.06140889077317446
8 0.3433407903095849 0.8995827566702623 0.10189569994353027 0.0645338907731741
8 0.24696631924878004 0.8859120030522177 0.08912268415851479 0.05919129353213641
8 0.08206936134215485 0.8647319646084639 0.09648015785015547 0.05178822930778537
8 0.16511707977212375 0.8784879274079056 0.09050317363517105 0.05614818068726635
8 0.02188635039528815 0.8578844210763277 0.0437727007905763 0.05326884215265544
8 0.6678483816829706 0.14470930743848792 0.09491765785015538 0.05170634215265535
8 0.6694111956700788 0.9988966819304614 0.10843412628012424 0.002206636139077034
8 0.5057582193476021 0.987730130596409 0.09675317363517096 0.024539738807181875
8 0.5857719430392428 0.9977535837849125 0.08803062101845249 0.004492832430175042
8 0.1581775640576954 0.9572713466752111 0.10189569994353027 0.06453389077317447
8 0.41913047460927394 0.983874790252776 0.09849768415851479 0.03225041949444787
8 0.32891499828679727 0.9767716191764484 0.10189569994353027 0.04645676164710331
8 0.23952627459515652 0.9721555006215977 0.09528167889684287 0.05568899875680451
8 0.07104158510438278 0.9464356659879449 0.09528167889684287 0.057956342152655084
8 0.01901197937683562 0.9336247274987628 0.03802395875367124 0.0609994549975255
8 0.5539223895754783 0.13638779511401605 0.08701415258848363 0.04973440637700657
8 0.9200787396178306 0.20024441372463747 0.08370714206513981 0.04644563206674714
8 0.06492850803368212 0.14994244629109835 0.08581567363517102 0.055902519221876855
8 0.15390770804779955 0.16949470771105907 0.10483868942018656 0.06157266508343388
8 0.24532166332358885 0.18760729986371444 0.10153167889684286 0.05828389077317438
8 0.9350751370858168 0.30603739031888916 0.09509966837349922 0.05483134215265535
8 0.3378052949359722 0.2277177227490644 0.09648015785015547 0.05178822930778511
8 0.8074583713008012 0.3040510871758143 0.08857665258848364 0.049816293532136416
8 0.5743119423333711 0.27067426390635163 0.08388915258848365 0.049570632066747146
8 0.7342028818241448 0.2970773908847161 0.08719616311182729 0.05285940637700666
8 0.6557516581325041 0.28512958955066353 0.08912268415851479 0.05919129353213641
8 0.48603069233337115 0.26604763964152056 0.08407116311182747 0.05269563206674714
8 0.41226696864173035 0.2543454997728574 0.07571263154179628 0.042911196291098366
8 0.9691855556004902 0.4065630127746978 0.022860647326811544 0.04481453301668683
8 0.9218478240163417 0.39859670454324037 0.09978716837349921 0.055077003618044615
8 0.04665737919330898 0.2618282926276252 0.08407116311182732 0.05269563206674714
8 0.14055159236160603 0.2777199655129752 0.09978716837349917 0.055077003618044615
8 0.8292430950630291 0.38747441881302014 0.09509966837349922 0.05483134215265535
8 0.23453681079157493 0.29204913839832514 0.09648015785015547 0.05178822930778511
8 0.7174788424321932 0.3824007372212429 0.08857665258848364 0.049816293532136416
8 0.5620933924180758 0.3593682717082677 0.08821263154179615 0.04356629353213641
8 0.6389821161097166 0.37123418588719037 0.08085515785015537 0.05096935775648763
8 0.40243767135727093 0.34238108830746816 0.08021812101845249 0.040031857756487634
8 0.4784086371564039 0.356549808908826 0.08388915258848365 0.049570632066747056
8 0.6278864504376405 0.49446696799936607 0.0887586631118273 0.05294129353213641
8 0.39648453199355416 0.45804703188503304 0.0840711631118273 0.05269563206674714
8 0.5446567214843279 0.48383600519992437 0.09068518415851479 0.05927318068726599
8 0.14858535828779593 0.4223297806418376 0.09528167889684287 0.057956342152655396
8 0.7969703794050705 0.5244864179085089 0.09050317363517095 0.05614818068726599
8 0.46776799779268713 0.4719700910210015 0.08912268415851479 0.05919129353213641
8 0.3140360530402415 0.4474570126631562 0.0891226841585147 0.05919129353213641
8 0.06631888985782701 0.4086147614199607 0.09978716837349917 0.055077003618044705
8 0.22933482934860075 0.43518166270858477 0.09546368942018661 0.06108134215265544
8 0.2579189158132504 0.03859326775153881 0.09666216837349921 0.05491322930778512
8 0.350523644766563 0.049715553481759045 0.09978716837349921 0.055077003618044615
8 0.7849716373681653 0.5959519821328602 0.07763915258848364 0.049243083446227943
8 0.6143784163073607 0.5783915886461524 0.09528167889684287 0.05795634215265544
8 0.860533079489775 0.6171519527342181 0.08875866311182748 0.05294129353213641
8 0.6904858899990014 0.5902165592475102 0.09353716837349921 0.0547494549975255
8 0.533446934723212 0.5686647065794054 0.09050317363517095 0.05614818068726599
8 0.3058147583866179 0.5347932383528967 0.0809461631118273 0.05253185775648746
8 0.3803597320782587 0.5465363217991247 0.0785492052052021 0.06486808344622812
8 0.45481370050822767 0.5598419052453528 0.08581567363517095 0.055902519221876903
8 0.2210680320641413 0.5232991383983252 0.09050317363517098 0.05614818068726599
8 0.13953731100333644 0.5104063127540132 0.09050317363517103 0.05614818068726599
8 0.9021528901401756 0.7502001481208053 0.08241765785015538 0.05105124491161739
8 0.43730330794897754 0.08012342774659002 0.09895271046687401 0.06749511646291487