8 0.18359375 0.9234375 0.0765625 0.053125
8 0.0328125 0.9234375 0.06484375 0.053125
8 0.275 0.92578125 0.07421875 0.0578125
8 0.346875 0.9265625 0.0625 0.04296875
8 0.4375 0.92890625 0.08203125 0.0484375
8 0.51796875 0.93671875 0.0765625 0.0484375
8 0.6375 0.94765625 0.071875 0.0484375
8 0.81875 0.95390625 0.07421875 0.0453125
8 0.7265625 0.95625 0.071875 0.03828125
8 0.90234375 0.9625 0.0671875 0.053125
8 0.1265625 0.18359375 0.10078125 0.0578125
8 0.22890625 0.1828125 0.1078125 0.06015625
8 0.34375 0.1875 0.10546875 0.0625
8 0.44453125 0.1890625 0.1078125 0.06015625
8 0.5484375 0.19375 0.08671875 0.0625
8 0.6765625 0.1984375 0.11328125 0.08203125
8 0.940625 0.2171875 0.115625 0.084375
8 0.8890625 0.0234375 0.103125 0.040625
8 0.56875 0.02890625 0.09140625 0.0578125
8 0.10546875 0.0328125 0.0796875 0.06484375
8 0.32890625 0.03359375 0.0890625 0.0484375
8 0.4375 0.0359375 0.10078125 0.05546875
8 0.2140625 0.03828125 0.09140625 0.0671875
8 0.6953125 0.409375 0.09140625 0.0625
8 0.78984375 0.415625 0.0796875 0.05546875
8 0.8875 0.4171875 0.09609375 0.05078125
8 0.9765625 0.41796875 0.04296875 0.0578125
8 0.7796875 0.5265625 0.09375 0.0625
8 0.8703125 0.5296875 0.09140625 0.0625
8 0.96484375 0.5328125 0.0671875 0.06015625
8 0.675 0.53359375 0.09140625 0.0578125
8 0.1703125 0.65078125 0.08203125 0.0359375
8 0.0875 0.653125 0.08671875 0.040625
8 0.25703125 0.65859375 0.0765625 0.0359375
8 0.665625 0.6765625 0.071875 0.040625
8 0.8578125 0.684375 0.08671875 0.03828125
8 0.76796875 0.6921875 0.0578125 0.04296875
8 0.3578125 0.7421875 0.071875 0.03828125
8 0.265625 0.74765625 0.07421875 0.0453125
8 0.18671875 0.75078125 0.0671875 0.0484375
8 0.096875 0.75234375 0.071875 0.0453125
8 0.4359375 0.76171875 0.071875 0.0453125