8 0.6546875 0.78203125 0.103125 0.0671875
8 0.8453125 0.89921875 0.10078125 0.0671875
8 0.94375 0.8984375 0.10078125 0.06015625
8 0.6453125 0.90546875 0.103125 0.0796875
8 0.86875 0.1609375 0.08203125 0.06484375
8 0.46484375 0.1640625 0.0984375 0.09609375
8 0.771875 0.165625 0.09140625 0.071875
8 0.32890625 0.16796875 0.0984375 0.0796875
8 0.6703125 0.16796875 0.09609375 0.0765625
8 0.95859375 0.1703125 0.0796875 0.08203125
8 0.075 0.1765625 0.09609375 0.08671875
8 0.18125 0.18125 0.115625 0.09375
8 0.646875 0.0203125 0.09609375 0.040625
8 0.7828125 0.025 0.11328125 0.04296875
8 0.87890625 0.025 0.0890625 0.04296875
8 0.96171875 0.0296875 0.0703125 0.059375
8 0.84296875 0.3953125 0.0984375 0.04296875
8 0.1796875 0.42421875 0.08203125 0.0796875
8 0.4046875 0.42421875 0.115625 0.0890625
8 0.0640625 0.4265625 0.10546875 0.09609375
8 0.2875 0.4265625 0.103125 0.084375
8 0.5109375 0.43125 0.11328125 0.08671875
8 0.18984375 0.5671875 0.0890625 0.08203125
8 0.08046875 0.56875 0.1078125 0.09375
8 0.303125 0.57109375 0.10078125 0.0796875
8 0.6328125 0.57265625 0.115625 0.0671875
8 0.5125 0.5734375 0.09609375 0.07421875
8 0.40625 0.57421875 0.09140625 0.0765625
8 0.89296875 0.5765625 0.1078125 0.07421875
8 0.8578125 0.77421875 0.10078125 0.0578125
8 0.9578125 0.775 0.071875 0.05546875
8 0.75625 0.778125 0.09140625 0.0625