8 0.7289828877211013 0.8831932852799943 0.08238683674699843 0.10401247060135788
8 0.7436361928980686 0.7920769623492158 0.09443181043863902 0.09685506784239592
8 0.7743148584289703 0.5194240343754831 0.08231124203690499 0.07596935775648764
8 0.7626584796591843 0.7061837279530481 0.08478379465362362 0.09167624491161738
8 0.7783205479903312 0.6111202114447046 0.09470482622365459 0.10154256784239593
8 0.8012406504517579 0.4315588642036666 0.08220482622365459 0.10088747060135787
8 0.8511250713149187 0.2303338789029877 0.08927387357870131 0.1152775192218769
8 0.8806599238469325 0.12441807157604143 0.10370039462538898 0.12226450361804461
8 0.8969590290097823 0.03420354449444799 0.09461382096198286 0.06840708898889598
8 0.0632360613562723 0.8666784876755281 0.08184080517696726 0.09463747060135788
8 0.05955805353435169 0.9432000440979632 0.07882222099021767 0.0695555834462283
8 0.09057064803268347 0.6915589789691008 0.08596686305535757 0.1119887449116174
8 0.08165910864073177 0.7777011968569252 0.08165879465362355 0.09151247060135788
8 0.10710497162550218 0.5948920188831925 0.08275085779368574 0.11026247060135788
8 0.13723062933448332 0.39859687302163554 0.07907982622365464 0.10072369629109837
8 0.12938106100333643 0.4932509537543302 0.05684080517696728 0.09332727611928178
8 0.16632440806191698 0.16652800147033803 0.08394933674699834 0.10409435775648763
8 0.15688995292730204 0.3017661386254678 0.09515985253201387 0.10935506784239583
8 0.18740201848643862 0.06031616265281385 0.10379139988706054 0.1206323253056277
8 0.007367366039129357 0.5831876362506186 0.014734732078258714 0.12112472749876275
8 0.29825361639206516 0.6160289552246683 0.08847023677523325 0.07473440637700648
8 0.3285766951759686 0.4430894222079814 0.0944318104386391 0.09685506784239592
8 0.045851555318141585 0.055233054613412824 0.06327281570031094 0.09677982473980082
8 0.03647728434204135 0.1359474660788021 0.05979920520520211 0.06388543758467105
8 0.32146287421398584 0.5384838093631112 0.09461382096198286 0.09998006784239592
8 0.3493812898154747 0.3399677442342488 0.10775085779368573 0.11157266508343389
8 0.3659380002117615 0.20279861488103518 0.10130343671876343 0.1346007293077851
8 0.3968449079207427 0.01796767073764341 0.0844351841585147 0.03593534147528682
8 0.3913313843138065 0.08775346901947816 0.10068181043863919 0.09718261646291486
8 0.0067534450347942615 0.676814805517924 0.013506890069588523 0.10574538896415202
8 0.38874502459515653 0.9345156043655856 0.09857327886860805 0.08772572930778537
8 0.4042096718513811 0.8160964750123719 0.0940677893919517 0.09060506784239593
8 0.4218059665050046 0.7279413777713339 0.09864887357870131 0.11576884215265544
8 0.44082054799033116 0.628807836952731 0.08496580517696728 0.09480124491161739
8 0.4690273899284142 0.452084884668739 0.09185284200867017 0.10606629353213637
8 0.4835819845679203 0.3492907553155253 0.0829328683170294 0.11338747060135787
8 0.5194424318100275 0.21500428652318973 0.10057539462538863 0.12210072930778511
8 0.534315544865385 0.10674140716997611 0.10435284200867016 0.10672139077317437
8 0.5504326395048912 0.01964913981289239 0.10382222099021768 0.03929827962578478
8 0.6268952849067387 0.6969426040269013 0.0794438472703419 0.10697369629109836
8 0.6660766951759686 0.425401796699955 0.0885458314853265 0.10277751922187686
8 0.6488528558687215 0.600770288898039 0.0885458314853265 0.1027775192218769
8 0.6825200135071154 0.3302973366140468 0.08165879465362344 0.09151247060135788
8 0.7198673660391293 0.22397209351145175 0.09921031570031111 0.09866322930778511
8 0.7390107501411743 0.10925449627041373 0.09212585779368573 0.11075379353213637
8 0.7588975868881727 0.02411423253137463 0.08874325256024881 0.04822846506274926