8 0.7934797508837628 0.5975032548646734 0.05797612646343318 0.02913412094116268
8 0.38455420277735675 0.6474024744291595 0.0517352168225127 0.030587526785361162
8 0.27645081128680893 0.695520600241586 0.0658068071815924 0.03239548863591431
8 0.3921485341594459 0.6850388421239112 0.057994307181592396 0.03225912094116268
8 0.5115297932346322 0.7129065178536121 0.050172716822512696 0.030560253246410873
8 0.28169230230981857 0.7346785576279122 0.057994307181592396 0.03225912094116268
8 0.3410854830279778 0.7325899521080251 0.06582498789975162 0.0355204886359143
8 0.10882048809614331 0.0972216477265238 0.06904089149054778 0.05120003571381497
8 0.17525855435292198 0.09291202313191324 0.07056703005422929 0.04497730925276531
8 0.03569660548439013 0.10609604139585782 0.07139321096878026 0.04656708279171564
8 0.673128427791293 0.06487989528759652 0.0721477107723885 0.048129582791715635
8 0.7426914940480717 0.060624817770886665 0.06589771077238851 0.048020488635914266
8 0.04726081938003663 0.16020684293798537 0.09452163876007326 0.048538685875970745
8 0.11861766891249843 0.159117675729701 0.06274543969514967 0.043278441558013594
8 0.6086932230690286 0.1278241801906326 0.07056703005422929 0.04497730925276531
8 0.4117000484009937 0.14470021428288976 0.09091589149054786 0.051581865259119744
8 0.48362050019639174 0.1381422970746054 0.06744203005422929 0.04492276217486459
8 0.5469244760940908 0.13534062540209418 0.059674981849627426 0.05259889448011288
8 0.6782562893258074 0.12356910267392274 0.06743293969514959 0.04336026217486459
8 0.7407835604030462 0.11997254423193633 0.06275453005422929 0.04484094155801359
8 0.8017619670189046 0.11400496225099958 0.06584316861791076 0.03864548863591429
8 0.863512533275683 0.109613517039538 0.06273634933607006 0.04171594155801359
8 0.426770536497137 0.24028544967239318 0.048601126463433175 0.028970479707460584
8 0.919221656910446 0.20356411444175024 0.054860216822513054 0.03064207386326192
8 0.7972648436787294 0.21549927840362373 0.06274543969514959 0.043278441558013636
8 0.2216966962362532 0.3031188660698986 0.06111930718159231 0.032313668019063255
8 0.5046546419815272 0.28305537661991015 0.07208407825883115 0.03719208279171564
8 0.41632339500658916 0.29010817166921593 0.05959316861791084 0.038536394480112965
8 0.8861091750608185 0.25455387012379316 0.06587043969514994 0.0433329886359143
8 0.8227733829063407 0.26282429179630434 0.06742384933607007 0.0417977621748646
8 0.003523934037808931 0.41570682061685105 0.007047868075617862 0.03141364123370209
8 0.8379256842342006 0.34434702718580773 0.054923849336070064 0.04157957386326192
8 0.9504984071068376 0.3338107219902322 0.05645907825883114 0.03691934740221221
8 0.6073114884889268 0.36532418019063256 0.06275453005422929 0.04484094155801355
8 0.7792955727978821 0.34957426947516995 0.05961134933607006 0.04166139448011297
8 0.8941984101318997 0.34142262458802 0.054923849336070064 0.04157957386326192
8 0.10777457592114015 0.41129778449599896 0.06896816861791084 0.03870003571381488
8 0.04446150966436149 0.4156619561685102 0.06899543969514968 0.04338753571381489
8 0.716731940284325 0.3594208279171564 0.05647725897699054 0.04004434740221221
8 0.6620126240275462 0.3639350040538945 0.05647725897699054 0.04004434740221221
8 0.6695887746914762 0.4046963717486462 0.05645907825883114 0.03691934740221221
8 0.887680244539051 0.38740728043221856 0.05491475897699054 0.04001707386326192
8 0.775888771666414 0.3979572223972693 0.05644089754067192 0.03379434740221221
8 0.54840412110068 0.41820767247999485 0.06740566861791084 0.038672762174864594
8 0.8345143379231927 0.393511230107907 0.05486930718159257 0.03220457386326192
8 0.7227319554096354 0.40249867207295775 0.05959316861791066 0.038536394480112965
8 0.9509978559753695 0.38226185875970736 0.05959316861791066 0.038536394480112965
8 0.24351663320092837 0.44726433238467855 0.06274543969514967 0.043278441558013546
8 0.3091779946372468 0.44215982102059287 0.07522725897699037 0.0403716298696164
8 0.4960103741257421 0.42588775892515846 0.05959316861791084 0.038536394480112965
8 0.3779689012531051 0.43632860673440776 0.05959316861791084 0.03853639448011279
8 0.43034901268942355 0.43099227028924414 0.06271816861791084 0.03859094155801372
8 0.011958602753915621 0.4705443250810779 0.023917205507831243 0.03171365016215581
8 0.6085694614597597 0.41769520372958285 0.05962043969514959 0.04322389448011284
8 0.05197857299427392 0.46657957386326193 0.07050339754067196 0.034039809252765355
8 0.12545243443059237 0.46161143019392786 0.08614657825883122 0.0374375446422686
8 0.7785637988919729 0.47535551947516996 0.05962043969514959 0.04322389448011279
8 0.9864990187395477 0.45788915015556525 0.01895907825883114 0.03626478246740419
8 0.6089098290443982 0.4934900904990581 0.06274543969514959 0.043278441558013546
8 0.49789506099222136 0.5048349192335839 0.05962043969514959 0.04322389448011297
8 0.44237631401728345 0.5124604586008469 0.05962043969514959 0.04322389448011297
8 0.3845183622218854 0.5192638376596843 0.059574987899751616 0.03541139448011297
8 0.3180666604264873 0.5259172122542949 0.06899543969514968 0.04338753571381489
8 0.11948825986075322 0.5466722228076017 0.059565897540671965 0.03384889448011279
8 0.05615701288581533 0.5541613944801129 0.07211134933607007 0.04187958279171564
8 0.012489867879226135 0.5588528486200282 0.02497973575845227 0.03640115016215582
8 0.8275871061717612 0.5098083859521056 0.054860216822513054 0.03064207386326192
8 0.9784683501216371 0.49525278246081345 0.03768180718159257 0.03190456493480802
8 0.7267194977605047 0.5228929926898088 0.0532977168225127 0.03061480032431163
8 0.6672990459651068 0.5296690982096959 0.0548602168225127 0.03064207386326192
8 0.5554984827333902 0.5417815401747464 0.05799430718159222 0.03225912094116268
8 0.44292121468121337 0.5530990953703221 0.059574987899751616 0.03541139448011297
8 0.5038950761175318 0.5479127633893853 0.048601126463433175 0.028970479707460584
8 0.6102132538106291 0.5380486140380084 0.05644089754067192 0.03379434740221221
8 0.3842638321676561 0.5630138376596843 0.05644089754067192 0.03379434740221221
8 0.3256291755517978 0.5690223299490466 0.05797612646343318 0.02913412094116268
8 0.19350702196100164 0.5823427159077428 0.06586134933607006 0.0417704886359143
8 0.12784111534514336 0.5882284772718285 0.06111021682251274 0.030751168019063257
8 0.017598506933886985 0.6011494427758295 0.02987839754067197 0.0333306972400564
8 0.0644825972929666 0.6004051489443398 0.0689499878997516 0.03557503571381489