8 0.6390625 0.12265625 0.05078125 0.0453125
8 0.7359375 0.121875 0.04296875 0.05078125
8 0.246875 0.12734375 0.06015625 0.0453125
8 0.528125 0.12890625 0.04296875 0.0484375
8 0.378125 0.13046875 0.05546875 0.0578125
8 0.0203125 0.13125 0.040625 0.05078125
8 0.3265625 0.13125 0.04296875 0.03828125
8 0.1890625 0.1328125 0.06015625 0.053125
8 0.46953125 0.13203125 0.0578125 0.0453125
8 0.125 0.13359375 0.0625 0.0484375
8 0.0671875 0.1390625 0.06953125 0.053125
8 0.971875 0.2046875 0.05078125 0.03359375
8 0.9078125 0.2046875 0.05078125 0.03125
8 0.3109375 0.2375 0.040625 0.053125
8 0.46328125 0.2421875 0.0484375 0.03828125
8 0.36328125 0.24375 0.0484375 0.04296875
8 0.24921875 0.24609375 0.0578125 0.0484375
8 0.190625 0.25234375 0.053125 0.0484375
8 0.071875 0.25390625 0.05078125 0.0484375
8 0.134375 0.25703125 0.0625 0.0484375
8 0.02265625 0.2609375 0.0453125 0.03828125
8 0.90390625 0.2640625 0.0484375 0.03359375
8 0.9703125 0.271875 0.05546875 0.02890625
8 0.8453125 0.27265625 0.04296875 0.0359375
8 0.73203125 0.2859375 0.0484375 0.040625
8 0.5953125 0.30390625 0.06015625 0.0484375
8 0.36640625 0.31484375 0.0484375 0.0359375
8 0.5078125 0.3140625 0.040625 0.03828125
8 0.4578125 0.315625 0.040625 0.03828125
8 0.2546875 0.321875 0.053125 0.04296875
8 0.20390625 0.33046875 0.0578125 0.0484375
8 0.14609375 0.334375 0.0484375 0.03828125
8 0.0265625 0.3359375 0.053125 0.03828125
8 0.08203125 0.3359375 0.0484375 0.03828125
8 0.9546875 0.3640625 0.03828125 0.03359375
8 0.87109375 0.3703125 0.0484375 0.03828125
8 0.9171875 0.371875 0.03828125 0.040625
8 0.696875 0.39765625 0.04296875 0.0453125
8 0.95546875 0.428125 0.0453125 0.02421875
8 0.9203125 0.42890625 0.040625 0.0265625
8 0.8734375 0.43125 0.03359375 0.03125
8 0.50390625 0.44453125 0.0484375 0.0453125
8 0.18125 0.0453125 0.05546875 0.05546875
8 0.8296875 0.446875 0.03828125 0.03828125
8 0.446875 0.44921875 0.05546875 0.0484375
8 0.390625 0.44921875 0.053125 0.0484375
8 0.2875 0.4546875 0.05546875 0.05078125
8 0.22109375 0.45859375 0.0484375 0.0453125
8 0.0875 0.4671875 0.071875 0.040625
8 0.159375 0.47109375 0.0625 0.0484375
8 0.2359375 0.0484375 0.05078125 0.053125
8 0.4734375 0.04921875 0.040625 0.0359375
8 0.025 0.4765625 0.05 0.053125
8 0.3140625 0.05 0.0625 0.053125
8 0.36875 0.04921875 0.05546875 0.0453125
8 0.121875 0.05234375 0.05546875 0.0484375
8 0.0609375 0.053125 0.06484375 0.05078125
8 0.4109375 0.528125 0.06015625 0.03828125
8 0.553125 0.590625 0.06015625 0.040625
8 0.6234375 0.5921875 0.06953125 0.05546875
8 0.3046875 0.7421875 0.06953125 0.053125
8 0.2421875 0.75546875 0.05078125 0.0453125