8 0.24582838440806878 0.10751862500164763 0.07950771753501122 0.031051176947516988
8 0.3493172574435981 0.1135310714309252 0.07140411910658787 0.024664809252765308
8 0.4839469685684685 0.11665429708119597 0.09200771753501122 0.0312693652591197
8 0.5974465423897861 0.11936446550729632 0.08739299214211727 0.032750044642268696
8 0.7211387535146567 0.12267860593021947 0.07623716832079949 0.02787162986961631
8 0.21370078101724665 0.022072048702753762 0.09044521753501131 0.03124209172016938
8 0.09800300641014079 0.022527790585078922 0.09088186517764645 0.040617091720169377
8 0.4695697913563288 0.026206575084373178 0.0949871683207995 0.028198912337020397
8 0.353090766749223 0.026675953736173506 0.10465326674922296 0.03461255357072244
8 0.5923715905705406 0.027190602276771485 0.10919521753501123 0.031569374187573454
8 0.6980586643918582 0.030037138397623543 0.07921661910658777 0.024801176947517
8 0.8436986501238344 0.034531949275241926 0.07950771753501158 0.031051176947517002
8 0.9531806579817174 0.034158028009767784 0.09363868403656532 0.031351185875970744