8 0.2700315978821418 0.9770440251716899 0.08919885538619425 0.027066518783080085
8 0.2468622634749905 0.9319052801146057 0.10687723477649362 0.11214185574121842
8 0.18440421185254302 0.6587343769585757 0.09269656010845857 0.0912563527754692
8 0.2184514380448297 0.8479268695442019 0.09591246369925477 0.10700868676785795
8 0.19165310958960674 0.7552910419776039 0.10690450585373243 0.11682935574121878
8 0.14660929606330259 0.5767004683653385 0.09439541549465283 0.1147575197716634
8 0.07509388612779462 0.38356723368837764 0.10385222872636941 0.12920202174882983
8 0.04546651522350638 0.28093432361226545 0.09093303044701276 0.13813135277546912
8 0.02859263261175319 0.16991591057040376 0.05718526522350638 0.1289181788591925
8 0.9450003025062103 0.82066546631381 0.09279655405833438 0.1084438527754692
8 0.8975809227231274 0.6476391431958362 0.10070904800821019 0.12594968775644108
8 0.9166031126146688 0.7343433057434062 0.09121587334017534 0.10525518577927465
8 0.8700058894474443 0.5542538991273351 0.0960215480082102 0.12575868676785795
8 0.8172359343323965 0.36113791049604166 0.09283291549465282 0.11469385277546902
8 0.83543142242854 0.45568640654170894 0.06934087334017533 0.10436384783255317
8 0.7600011930147994 0.12993167285333135 0.09597609621281204 0.11794618676785787
8 0.7857591962362532 0.2671305839180267 0.10851245764913067 0.12470552273741298
8 0.7262034308163552 0.04812584631249742 0.11946813836728971 0.09625169262499483
8 0.9757200791425941 0.5077688768842138 0.042941999803608154 0.13140650889724856
8 0.6782132991865606 0.6284593561611481 0.09893746974937905 0.0899485207602467
8 0.6276461935057787 0.459466617035563 0.10687723477649361 0.1121418557412186
8 0.8716750121002483 0.017407745514194668 0.07852497579950324 0.034815491028389337
8 0.890052307377984 0.062147312169196854 0.07072156615858276 0.07317751482874761
8 0.6458325912428424 0.5555776130812303 0.10689541549465283 0.11526685574121878
8 0.5954245668459539 0.3592411239556452 0.12103972872636941 0.12990235870696817
8 0.5618540636245 0.2223605478719219 0.11803290339440445 0.1500875247145794
8 0.5044420603048503 0.03292395205371604 0.10049087939029935 0.06584790410743208
8 0.5234460694782325 0.11145222277678166 0.1131363251355733 0.1139590237259962
8 0.9821786365205781 0.605919875401339 0.028788596212812222 0.11520850593149898
8 0.6161980707547787 0.9504417855146322 0.09397725897699054 0.042882519771663394
8 0.5940554260427772 0.8630837069594509 0.10527837334017516 0.10582818874502423
8 0.5664394861512358 0.7767297128909499 0.11323631908544911 0.13114652372599628
8 0.5357576335937118 0.6803468028148377 0.0974931444174139 0.11019735376405233
8 0.4859990489901689 0.5066347301911555 0.10536927693097127 0.12145318874502423
8 0.4600319675098838 0.4053733191264601 0.09759313836728971 0.12738485376405234
8 0.40844726249303187 0.27703741349897226 0.11483518052176751 0.13746019072219057
8 0.3817307472695255 0.17033908593237407 0.11787836729005097 0.12352502471457934
8 0.3496000242004968 0.05657896935392159 0.11940450585373244 0.11315793870784319
8 0.35462528738089977 0.80176284087529 0.09443177693097127 0.1210075197716634
8 0.28354621468121344 0.5336296061983291 0.10221700585373243 0.11663835475263547
8 0.32158604928475637 0.7078191812934694 0.10221700585373253 0.11663835475263547
8 0.2559666362259905 0.4410256121298282 0.09121587334017515 0.10525518577927465
8 0.20577625956616563 0.34153228950614595 0.11158291549465282 0.11545785672980183
8 0.17362735577897773 0.22880679642622814 0.10694995764913058 0.1246418557412186
8 0.13987050019639174 0.12395747034250477 0.10215337334017516 0.10570085475263546