8 0.3455119473265458 0.045972834619683975 0.05841248400699968 0.05223520934118146
8 0.23924376599300032 0.048771665300774224 0.04911020934118149 0.05837612133990879
8 0.7799051286600912 0.039355923894050335 0.06778748400699967 0.052344297342454126
8 0.4696670626591367 0.04999616860282112 0.04907384667409058 0.05525112133990878
8 0.6353102439926822 0.04650644724700397 0.06482611600890867 0.06637043467536324
8 0.6923324033259094 0.04662407857259524 0.0473840773392725 0.04429544000636334
8 0.8439221753262277 0.04251673921868709 0.06789657200827222 0.06171929734245413
8 0.5337113813255913 0.05081323392745788 0.06622498400699968 0.052326116008908685
8 0.9157971753262277 0.04168039787559663 0.07094884667409077 0.05550566000954502
8 0.9665238813255913 0.04577700453536968 0.05227157200827222 0.061537484006999675
8 0.0031699059914094864 0.14526704666613638 0.006339811982818973 0.03759090666772722
8 0.04908129531350091 0.14550285665977306 0.056668170671545226 0.036592028007636036
8 0.7105091439767739 0.16280306190327715 0.047584072008272214 0.06148294000636332
8 0.5416591466422739 0.1733603959261852 0.05363407733927232 0.04436816534054513
8 0.6526148279758193 0.17050702124445866 0.05525112133990877 0.04907384667409058
8 0.7791591466422738 0.1705968332272776 0.06626134667409059 0.05545111600890866
8 0.8439392619748649 0.17531105788514165 0.06157384667409076 0.055396572008272305
8 0.9697296026416374 0.17306621053473334 0.04751134667409076 0.05523294000636336
8 0.9056125586410012 0.17849914521009658 0.0709488466740904 0.05550566000954502
8 0.05378642930459223 0.21106422199236397 0.05357953333863612 0.03968066534054513
8 0.0058403726527733665 0.2202306839990455 0.011680745305546733 0.031413632001908984
8 0.11932052263686502 0.2181131059834553 0.04736589600572701 0.04273294000636332
8 0.24416598130172873 0.2299398492998197 0.05523294000636332 0.047511346674090585
8 0.3947472366327288 0.2453728506126843 0.06782384667409058 0.055469297342454114
8 0.6493438299650016 0.2502217932447768 0.05361589600572696 0.04280566534054504
8 0.49306655796468346 0.25438367659932126 0.04582157733927232 0.044277258672817864
8 0.5485262172979107 0.254519489258458 0.0458215773392725 0.044277258672817864
8 0.7734989452975926 0.2542451272279139 0.06150112133990859 0.049146572008272396
8 0.8296489479630926 0.2621843492202779 0.06626134667409041 0.05545111600890866
8 0.8936659946292291 0.2653451645449147 0.05363407733927232 0.04436816534054513
8 0.9639694039624562 0.26530825453536966 0.05363407733927232 0.04436816534054513
8 0.009173910646091856 0.3217477306651819 0.01834782129218371 0.03775453866963616
8 0.09070407928868388 0.3278062793205006 0.05363407733927246 0.04436816534054513
8 0.03911430728836571 0.33075001332750026 0.0442772586728179 0.04582157733927241
8 0.2849171559516386 0.35288645329409274 0.04903748400699968 0.05212612133990877
8 0.011844377307455736 0.393586367998091 0.023688754614911472 0.025327264003817972
8 0.03681546327977519 0.39404944466104574 0.04567612667090889 0.03177725867281787
8 0.08914103194622976 0.3950028699872733 0.03789998933799978 0.03481135200509069
8 0.4984251252785025 0.3980518605983668 0.055287484006999676 0.05219884667409058
8 0.13659728727722986 0.4116358393141373 0.042678396005727 0.04267839600572696
8 0.5616609219446389 0.40122176658977626 0.06469884667409058 0.055432934675363296
8 0.6233887626114116 0.39972235391473115 0.061573846674090583 0.055396572008272395
8 0.7381779686107752 0.40307352589914097 0.06473520934118149 0.05855793467536326
8 0.810806946610457 0.4045718438892778 0.055287484006999676 0.05219884667409058
8 0.9560376306095026 0.4099122298695514 0.0755454400063634 0.04774770401018134
8 0.8794114959420934 0.41627186521327825 0.07094884667409077 0.05550566000954511
8 0.601267767266094 0.4882490519175947 0.06613407733927232 0.044513616008908664
8 0.4434092665897763 0.5611700259389119 0.0661704400063634 0.04763861600890866
8 0.3668104039226854 0.5651859112826386 0.08043293467536321 0.06498974801081765
8 0.7196343172342773 0.7212149985678227 0.0803965720082724 0.06186474801081765
8 0.789011025899141 0.7336871792250503 0.05841248400699968 0.05223520934118149