8 0.6776378506862494 0.7472382751670987 0.12874455547083344 0.09595915665497756
8 0.9083228466021869 0.834580767863498 0.12561955547083342 0.09590460957707699
8 0.9689155076963534 0.8147807366139099 0.02529224715020817 0.08009660308425523
8 0.6885181864579506 0.8837115633165457 0.13216049620027803 0.10851370373287814
8 0.8076663764248957 0.033229916804542556 0.10341724715020853 0.06645983360908511
8 0.3659678792746874 0.11309469480771976 0.1294355397032641 0.1256466566549775
8 0.7048134801483681 0.04941204728306687 0.1163172906531944 0.09882409456613374
8 0.21524052745107625 0.1469629545469524 0.12587412860909736 0.10684210957707689
8 0.59256740007625 0.07399741842939564 0.12267639342673622 0.10366256249917619
8 0.8936038764248959 0.032357163558131674 0.07529224715020817 0.06471432711626335
8 0.06409756117041662 0.1926045113640857 0.12819512234083325 0.12729097727182856
8 0.8180356062889234 0.2848183214342205 0.11718880642076393 0.06920574188232517
8 0.09713861198850655 0.45671187581242656 0.10865026101791675 0.10497960064862308
8 0.34110747074597186 0.4095020905056487 0.14655030452090295 0.12282166558343129
8 0.018546058986215103 0.47693464691574494 0.03709211797243021 0.11488070616851012
8 0.21474433928708297 0.43669761039115107 0.13230596656500007 0.11476370373287814
8 0.4625103452710066 0.3941071412369973 0.1433525693385418 0.11964211850553061
8 0.12945753666604115 0.6115533344165687 0.11657186379145842 0.10980346834337489
8 0.040973705120572676 0.6303499732146388 0.08194741024114535 0.11558981818121908
8 0.2556570139646176 0.5913890645310664 0.12903549620027785 0.10845915665497756
8 0.6172497838162496 0.523383763803013 0.1413172906531944 0.09930234496658023
8 0.48545426994854124 0.5491122410748416 0.12107752583555573 0.10207278896022594
8 0.3693201236720134 0.5730054829571667 0.11639002583555565 0.10199096834337489
8 0.9050595615516663 0.4715040694056256 0.13361389342673605 0.10385347727182861
8 0.8990595622172564 0.6957364561751007 0.12380248233256949 0.08493983603812652
8 0.9736783557202425 0.6772534630749597 0.021949041603124896 0.0706670560063543
8 0.7899384821451383 0.7202882171321494 0.11450021751493047 0.08790119480442442