8 0.16953125 0.96875 0.0890625 0.04296875
8 0.0421875 0.20546875 0.08203125 0.0578125
8 0.1609375 0.2078125 0.09140625 0.06015625
8 0.2765625 0.221875 0.10546875 0.0625
8 0.6296875 0.221875 0.084375 0.0625
8 0.4015625 0.221875 0.09140625 0.06015625
8 0.5125 0.22421875 0.09609375 0.0671875
8 0.1515625 0.3984375 0.09140625 0.03828125
8 0.0453125 0.40390625 0.090625 0.0484375
8 0.52265625 0.4109375 0.0890625 0.053125
8 0.3953125 0.41328125 0.09375 0.0484375
8 0.2671875 0.41328125 0.10078125 0.0484375
8 0.640625 0.415625 0.09375 0.053125
8 0.14375 0.5140625 0.08203125 0.04296875
8 0.03828125 0.5171875 0.0765625 0.04296875
8 0.3890625 0.5328125 0.09375 0.040625
8 0.628125 0.5359375 0.10546875 0.05546875
8 0.2640625 0.5359375 0.10546875 0.053125
8 0.96640625 0.53828125 0.0671875 0.0484375
8 0.74140625 0.5390625 0.0984375 0.05078125
8 0.51328125 0.540625 0.1109375 0.053125
8 0.93515625 0.696875 0.1109375 0.053125
8 0.725 0.69921875 0.09140625 0.0359375
8 0.834375 0.7015625 0.06953125 0.04296875
8 0.48671875 0.703125 0.0984375 0.040625
8 0.2515625 0.70390625 0.09140625 0.0453125
8 0.60078125 0.70546875 0.1109375 0.0453125
8 0.12734375 0.7078125 0.0984375 0.04296875
8 0.36796875 0.70703125 0.0890625 0.0484375
8 0.04296875 0.07265625 0.0859375 0.0515625
8 0.16328125 0.078125 0.0890625 0.05546875
8 0.7125 0.8109375 0.09609375 0.05546875
8 0.9359375 0.81484375 0.08671875 0.0484375
8 0.83046875 0.81484375 0.0796875 0.0484375
8 0.246875 0.815625 0.10078125 0.05078125
8 0.271875 0.08203125 0.09375 0.0671875
8 0.3703125 0.81875 0.10078125 0.05546875
8 0.6046875 0.8203125 0.09375 0.053125
8 0.48671875 0.8203125 0.1078125 0.053125
8 0.1375 0.82109375 0.09140625 0.0453125
8 0.396875 0.0921875 0.10078125 0.0625
8 0.521875 0.09140625 0.10078125 0.0671875
8 0.63125 0.0953125 0.084375 0.06015625