8 0.979503088414172 0.6974026189593806 0.033230656517662285 0.0720658975406721
8 0.8903269589256769 0.7174520194269188 0.10201701795398108 0.07871587334017516
8 0.7730894619507389 0.7267275463578902 0.11609769867214012 0.08192268657189175
8 0.4211315313307756 0.7967416271508042 0.0957670179539809 0.07867951190385672
8 0.6479485613850049 0.7516735250842597 0.10201701795398091 0.07871587334017516
8 0.5376832270760493 0.7710643953993727 0.10831246974937905 0.0865647347764936
8 0.86331552791293 0.526209395890352 0.09876475292686634 0.05682269262201593
8 0.9579922236582039 0.5006594291660351 0.0785067950813442 0.0660795179539809
8 0.49265759426790456 0.5877388109922214 0.09883747579950324 0.06932269262201593
8 0.6185933803722581 0.5604445370863121 0.10351588544042371 0.06778746369925485
8 0.7453013261175319 0.5347082180008631 0.11133747579950323 0.06939541549465282
8 0.3745843051384889 0.6063938831027326 0.10353406615858277 0.07091246369925486
8 0.8499257144848217 0.4106662091220685 0.08940793364502539 0.05989315046753827
8 0.9508342295119363 0.38820488096143324 0.07688975292686635 0.056695427594901204
8 0.6028870880213886 0.4402274858566481 0.10189884328594587 0.05840337334017516
8 0.36435130796715925 0.4853637656162898 0.11606133723582168 0.07567268657189175
8 0.726483669305282 0.4121655974893583 0.11448065651766229 0.07253859621281204
8 0.03286600039278346 0.5490187621002484 0.06573200078556692 0.06133747579950324
8 0.25096551883774365 0.5039915666495621 0.10822156615858276 0.0709397347764936
8 0.47779163925105256 0.4573609645830176 0.12073974687674198 0.07413745764913067
8 0.044294379783082816 0.3864551295866911 0.08858875956616563 0.07396474082661779
8 0.23706262100248407 0.3423591750608185 0.09719316256778662 0.05525110226293624
8 0.1275785366935287 0.36174550019639173 0.07845225292686625 0.056704517953980904
8 0.4732910124930319 0.2909865308397962 0.1065954336450254 0.05999314441741399
8 0.7071529280858806 0.24353377215739336 0.10037270472226431 0.06464428298109555
8 0.35911033782499685 0.3119626270526083 0.11914088544042353 0.06787836729005096
8 0.8299728045493137 0.21469517896964335 0.1066136143631848 0.063118144417414
8 0.5906330485973854 0.2637422539088249 0.09881929508134402 0.06619769262201594
8 0.9122287091220684 0.8470077092202644 0.09885565651766229 0.07244769262201593
8 0.22912792203575635 0.2291279220357564 0.106677246876742 0.074055644417414
8 0.026657427889488862 0.2685909187161067 0.053314855778977724 0.06594316256778665
8 0.11105008772680099 0.24856424414626752 0.08943520472226432 0.06458065046753818
8 0.6906199339396131 0.13113376610726918 0.11134656615858277 0.07095791549465283
8 0.8043162151721927 0.8648224439967581 0.10674996974937878 0.0865556444174139
8 0.5678409640920382 0.15294110929501914 0.11293633723582168 0.07565450585373248
8 0.3339926840378089 0.19805011797742197 0.10353406615858277 0.07091246369925477
8 0.4513119942444634 0.17471209104645066 0.11761474687674198 0.07411927693097135
8 0.7985824248644267 0.10472528133077552 0.10037270472226431 0.06464428298109554
8 0.6768861067609364 0.880407058261747 0.11297269867214013 0.0819045058537327
8 0.5525264561952022 0.9053484918085765 0.11457156010845856 0.08816359621281222
8 0.4438372574248663 0.92238652176461 0.0957579275949012 0.07711701190385653