8 0.40737122191282216 0.6277008370311578 0.0660795333386361 0.041354175497895794
8 0.3425183812460495 0.6307464806778883 0.06607953333863606 0.041354175497895974
8 0.2761303125795949 0.6315029380269497 0.06451703333863615 0.04129961179556503
8 0.19871383724541314 0.6404538412923271 0.0723477146721816 0.0431349303072194
8 0.5891933865770496 0.6393129157096131 0.07698067067154532 0.03861112141421188
8 0.8365950979074134 0.6525395688901725 0.07703521467218159 0.04329862141421188
8 0.6506934132320501 0.7230678676163789 0.0910977146721816 0.04378969473518968
8 0.16014059122377775 0.8011110882971021 0.07536362667090887 0.03386905771188111
8 0.23982809122377774 0.7983283394782286 0.07854317067154523 0.03866568511654265
8 0.08200650055700505 0.804620523413645 0.07698067067154524 0.03861112141421188
8 0.3085144565563687 0.8013962865756709 0.07545453333863614 0.04168155771188111
8 0.4764104812221869 0.8017806885751039 0.08025112133990878 0.05122024881887351
8 0.5568428685550961 0.8020956579050648 0.08484771467218159 0.04357143992586643
8 0.16244743121423275 0.8713144608924406 0.06613407733927246 0.0460416754978958
8 0.08507640921391459 0.8763591141578179 0.07865225867281789 0.04804068511654265
8 0.9301798238781419 0.864808901196825 0.0785977146721816 0.043353185116542646
8 0.23188777454650555 0.8766988761387173 0.07547271467218157 0.04324405771188111
8 0.8598855052116875 0.8657017678017134 0.08650112133990859 0.0514385036281972
8 0.7833048238781419 0.8699378892159253 0.07396475867281786 0.047876994009550346
8 0.3076326618794146 0.8771775365756709 0.07703521467218159 0.04329862141421188
8 0.38648436787877827 0.8791095696079626 0.07872498400699968 0.05429068511654265
8 0.47318493654523286 0.8776437841286 0.09118862133990877 0.0516021947351895
8 0.5481576645449147 0.8773684764167191 0.0754727146721816 0.04324405771188111
8 0.709049711211051 0.875654665076641 0.07550907733927233 0.046369057711881115
8 0.6301252798775057 0.8799726320443491 0.08488407733927232 0.04669643992586643
8 0.12389039131127375 0.1581076219623661 0.09429544000636333 0.05014882213985139
8 0.8096733499761374 0.14743540663912041 0.08958975867281786 0.04842263103285882
8 0.04421198197804647 0.16010912078123976 0.08179544000636334 0.04971231252120449
8 0.8963648279758193 0.14675087115975788 0.08172271467218159 0.04346231252120449
8 0.9705744873090467 0.14494034529904226 0.05514203333863606 0.040972229581579936
8 0.21522391597709198 0.16116564537601102 0.09115225867281788 0.04847719473518963
8 0.542240401973274 0.17785954973769674 0.06913180800445425 0.03521330290255768
8 0.6961193799729558 0.17482877505810746 0.0645715773392725 0.04598711179556512
8 0.3102273333068194 0.18439975953382884 0.09900112133990877 0.05187501324684396
8 0.6187574486394103 0.1790921783234848 0.0645352146721816 0.042862111795565115
8 0.4584921106381376 0.19405995781239754 0.0645352146721816 0.042862111795565074
8 0.38741654197168307 0.19498010626845147 0.06922271467218159 0.04302580290255764
8 0.20285227999681835 0.02070931488345721 0.09429544000636332 0.04141862976691442
8 0.8944290632956836 0.24599690301092333 0.08488407733927232 0.04669643992586625
8 0.9670489506285925 0.24658469085253856 0.05993862133990859 0.05051092068857255
8 0.8045489506285927 0.25225931589494754 0.08800907733927232 0.046805567330527965
8 0.04141315129695622 0.2664136844835706 0.08175907733927246 0.04658731252120454
8 0.12497053862986533 0.2666195264088699 0.08497498400699968 0.05450893992586625
8 0.21401485729631986 0.26507189537601106 0.09107953333863608 0.042227194735189676
8 0.6943563379615018 0.2592310569092729 0.06922271467218159 0.04302580290255768
8 0.5396324752944108 0.2677578634400276 0.08166817067154533 0.03877481252120454
8 0.6153955439608655 0.2666740238769811 0.06916817067154532 0.038338302902557686
8 0.38960520329409276 0.2753397288637897 0.07541817067154515 0.038556557711881115
8 0.4645506592934564 0.2774081711519087 0.0723840773392725 0.0462599303072194
8 0.3839477386616821 0.026165651999433 0.09751134667409059 0.052331303998866
8 0.5414029659452753 0.38405498603536586 0.07857953333863606 0.041790685116542825
8 0.08991319127945703 0.39357389600898324 0.08797271467218155 0.04368056733052796
8 0.6233705812778663 0.386659141662996 0.08166817067154533 0.03877481252120454
8 0.1656489879455934 0.39483380644593674 0.08804544000636336 0.04993056733052796
8 0.4671569439449571 0.3889905118960815 0.08177725867281786 0.04814981252120454
8 0.3945097846117298 0.3907464740544663 0.07865225867281796 0.048040685116542824
8 0.805338196610457 0.3857712203414512 0.0723477146721816 0.0431349303072194
8 0.23748762527850253 0.3954488761387173 0.08328521467218157 0.043516876223535304
8 0.5435461739338212 0.46832085863070416 0.07857953333863606 0.041790685116542825
8 0.9356609485996394 0.46087536934565937 0.0785977146721816 0.043353185116542826
8 0.3240512866009121 0.4728620588081894 0.0755090773392725 0.046369057711881115
8 0.169400149268003 0.47513886533894417 0.07240225867281787 0.0478224303072194
8 0.8567456079328668 0.46441208631336756 0.0786704400063634 0.049603185116542825
8 0.4646399239338212 0.47107632559841245 0.08028748400699967 0.05434524881887377
8 0.24043935526736665 0.47734371688289023 0.08800907733927248 0.046805567330527965
8 0.614585379933185 0.4705257101746502 0.07541817067154533 0.038556557711881115
8 0.3943001519335031 0.4758754422033009 0.07712612133990877 0.05111112141421188
8 0.1182227413271821 0.041165658622854956 0.08804544000636333 0.049930567330527934
8 0.03925285665977304 0.049389875590563175 0.06451703333863612 0.041299611795565086
8 0.8358416672501857 0.5830628825925033 0.07692612667090878 0.03392362141421188
8 0.9178365545830947 0.5833232882201334 0.0784886266709087 0.033978185116542645
8 0.611781837324955 0.04032977868630452 0.0879727146721816 0.04368056733052792
8 0.4698984939131403 0.6231745389379235 0.06916817067154532 0.038338302902557686