8 0.1984375 0.6875 0.04296875 0.021875
8 0.41171875 0.1203125 0.0484375 0.021875
8 0.2328125 0.1296875 0.03828125 0.021875
8 0.19453125 0.1296875 0.0453125 0.021875
8 0.15546875 0.1296875 0.0453125 0.02421875
8 0.4515625 0.18671875 0.03359375 0.0171875
8 0.1984375 0.1875 0.05546875 0.02421875
8 0.4578125 0.225 0.05546875 0.021875
8 0.365625 0.228125 0.05078125 0.021875
8 0.40703125 0.228125 0.0484375 0.02421875
8 0.32421875 0.228125 0.0359375 0.02421875
8 0.28125 0.228125 0.04296875 0.01953125
8 0.20234375 0.228125 0.0484375 0.02421875
8 0.0484375 0.228125 0.04296875 0.02421875
8 0.23671875 0.2296875 0.0359375 0.021875
8 0.1546875 0.2328125 0.03828125 0.021875
8 0.09296875 0.29296875 0.0484375 0.0140625
8 0.16796875 0.2953125 0.0484375 0.021875
8 0.715625 0.303125 0.05078125 0.02421875
8 0.946875 0.30390625 0.04296875 0.0265625
8 0.878125 0.3046875 0.06015625 0.02890625
8 0.81484375 0.3046875 0.0578125 0.02890625
8 0.175 0.3265625 0.040625 0.01953125
8 0.0953125 0.3265625 0.053125 0.01953125
8 0.3296875 0.334375 0.05546875 0.01953125
8 0.7109375 0.346875 0.04296875 0.02421875
8 0.93203125 0.3484375 0.0453125 0.02421875
8 0.86875 0.35078125 0.0625 0.0265625
8 0.403125 0.4046875 0.03828125 0.021875
8 0.103125 0.42421875 0.03359375 0.0171875
8 0.14140625 0.425 0.0359375 0.01953125
8 0.2828125 0.43359375 0.04296875 0.0140625
8 0.88125 0.44375 0.06953125 0.02890625
8 0.12421875 0.48203125 0.0359375 0.0171875
8 0.2234375 0.49140625 0.03125 0.0171875
8 0.2609375 0.49453125 0.040625 0.0171875
8 0.14765625 0.571875 0.0453125 0.01953125