8 0.6326610187716509 0.8086613655944103 0.11149742198083885 0.07282186379145834
8 0.8264375949817898 0.9320664172655218 0.10993492198083885 0.07278549620027804
8 0.9141013692920493 0.9309780023716329 0.07991987336031983 0.06584451196784755
8 0.6181337720510113 0.9366045276385074 0.11223440637700648 0.08688436379145834
8 0.8776226317280628 0.16435224040378546 0.08954053482570927 0.07075021751493064
8 0.45751817164215447 0.16552504217180594 0.11001016508343398 0.10399912860909732
8 0.776472889529979 0.16903778077263956 0.10088747060135787 0.07881729065319454
8 0.3157434294440707 0.16926502516996556 0.10910940637700657 0.08681162860909733
8 0.6699772280645897 0.1712522845723617 0.10582063206674715 0.08361389342673622
8 0.9568188087972842 0.17558198755399385 0.06387879353213606 0.08731946846486113
8 0.05248152985089773 0.1764183360560417 0.10496305970179547 0.09455139342673621
8 0.16179955789277317 0.18132600123427095 0.12703389077317437 0.10127417211208342
8 0.6509483463365269 0.026884035522292217 0.10122830732694617 0.025765025835555642
8 0.7922727091813971 0.03173780252413261 0.11857958163720568 0.02929006933854177
8 0.8923136527589619 0.033284078359688246 0.0934976944820761 0.02714568787965286
8 0.9662048541384429 0.041261538940764696 0.05196529172311415 0.03866376291777782
8 0.8421919855278215 0.40757491033166743 0.10549972749876275 0.04771276101791675
8 0.15169978233931825 0.4337424864166321 0.09035940637700657 0.08637521751493064
8 0.38549825022714257 0.43527319129812536 0.1267882293077852 0.09658667211208342
8 0.043875073496605396 0.4348484318957292 0.08775014699321079 0.10407186379145839
8 0.2633775887617534 0.43712401918604193 0.11248006784239584 0.09157186379145839
8 0.49536789518418856 0.4433058564763546 0.12514384215265545 0.09498780452090294
8 0.15716080902442692 0.5832703609416668 0.09825379353213633 0.08811955547083343
8 0.05125214326159487 0.5845217767854861 0.10250428652318974 0.10109233415618064
8 0.2750476718692972 0.5875786140757989 0.11067190637700666 0.08684799620027786
8 0.6174398897571216 0.5916368665443408 0.12555992198083885 0.07314917211208342
8 0.49153580902442695 0.591053025454306 0.10573874491161739 0.08205139342673622
8 0.3819970347141674 0.591632294071667 0.10113313206674715 0.08350479065319458
8 0.8878342769122514 0.5963659598185772 0.11823874491161739 0.08234233415618064
8 0.844212672435124 0.8018522404037854 0.10944359905006032 0.06341049620027803
8 0.9333980031678187 0.8015814431010773 0.0545923247398008 0.05901263050895835
8 0.7384163738146051 0.8056474279990979 0.10039614767057933 0.0694422906531944