8 0.3453125 0.78203125 0.103125 0.0671875
8 0.153125 0.89921875 0.10078125 0.0671875
8 0.0546875 0.8984375 0.10078125 0.06015625
8 0.3546875 0.90546875 0.103125 0.0796875
8 0.13125 0.1609375 0.08203125 0.06484375
8 0.53515625 0.1640625 0.0984375 0.09609375
8 0.2265625 0.165625 0.09140625 0.071875
8 0.67265625 0.16796875 0.0984375 0.0796875
8 0.3296875 0.16796875 0.09609375 0.0765625
8 0.040625 0.16953125 0.08125 0.0765625
8 0.9265625 0.1765625 0.09609375 0.08671875
8 0.8203125 0.18125 0.115625 0.09375
8 0.353125 0.0203125 0.09609375 0.040625
8 0.2171875 0.025 0.11328125 0.04296875
8 0.12109375 0.025 0.0890625 0.04296875
8 0.0359375 0.02890625 0.071875 0.0578125
8 0.15859375 0.3953125 0.0984375 0.04296875
8 0.81875 0.42421875 0.08203125 0.0796875
8 0.596875 0.42421875 0.115625 0.0890625
8 0.9359375 0.4265625 0.10546875 0.09609375
8 0.7125 0.4265625 0.103125 0.084375
8 0.4875 0.43125 0.11328125 0.08671875
8 0.81171875 0.5671875 0.0890625 0.08203125
8 0.91953125 0.56875 0.1078125 0.09375
8 0.696875 0.57109375 0.10078125 0.0796875
8 0.36875 0.57265625 0.115625 0.0671875
8 0.4890625 0.5734375 0.09609375 0.07421875
8 0.59375 0.57421875 0.09140625 0.0765625
8 0.10703125 0.5765625 0.1078125 0.07421875
8 0.1421875 0.77421875 0.10078125 0.0578125
8 0.0421875 0.775 0.071875 0.05546875
8 0.2421875 0.778125 0.09140625 0.0625