8 0.985679731491194 0.7570139680005604 0.028640537017611933 0.08458560015828454
8 0.9959954741500399 0.903661647467447 0.008009051699920278 0.06239235141192552
8 0.9796266305815713 0.6634230923737399 0.04074673883685733 0.08159699247815269
8 0.9792520451805717 0.5909486988002305 0.04149590963885643 0.06859688730530315
8 0.972535414494302 0.4973350911200985 0.0549291710113959 0.08913670783841639
8 0.9710338997095498 0.4137186090667872 0.05793220058090043 0.08444920783841656
8 0.9665176817602538 0.2934061090667872 0.05988873035529281 0.07976170783841656
8 0.9476284789075509 0.10620162575983463 0.05676373035529281 0.07967077962517118
8 0.963822867244561 0.20195439496016448 0.048878455748187125 0.07788095909205775
8 0.9413185128202816 0.028911980866177113 0.056472631926869354 0.057823961732354226
8 0.2609592721213973 0.8998850250728246 0.07377144789030421 0.10981292069139811
8 0.2476715599630695 0.7993538276592493 0.07740587014004516 0.1208413489046432
8 0.2350730525194714 0.6800271661390515 0.07867727171162171 0.11463681301126591
8 0.22412909036114362 0.5794277725655421 0.07718754631872757 0.1161538489046432
8 0.21367527977439238 0.47255564693872154 0.0763142510334573 0.09740384890464338
8 0.20127582547394743 0.3407062533652123 0.09942641935425689 0.12460284639736088
8 0.1850706668730575 0.07675741363176898 0.1007705955329393 0.11996081050398355
8 0.013090813067950596 0.14669314357350927 0.017594222497410016 0.10973871285298147
8 0.049212519435310145 0.4687356281341031 0.05927230024766902 0.10002874373179385
8 0.11192461269193785 0.9417723113619132 0.07275260339082214 0.08793792069139812
8 0.08180465735803562 0.7149968626946969 0.0622517510334573 0.09699467194503911
8 0.06800752294996681 0.6035281652811216 0.07064644789030416 0.10972199247815269
8 0.10203372828386907 0.8301899536817814 0.08122007485477488 0.10222774122451135
8 0.41273771029630096 0.29543790281121635 0.07645980024766903 0.10052884890464338
8 0.40517345926284365 0.20021633102446165 0.06650260339082212 0.08775606426490726
8 0.3943022717116217 0.1011794374509524 0.06417812406898663 0.10485263605166191
8 0.3832320310172467 0.017552904031604043 0.0643193651776464 0.03510580806320809
8 0.5200172092628437 0.1968747191876946 0.07660534946188076 0.10365384890464333
8 0.511072394747151 0.10560486150756265 0.07645980024766903 0.10052884890464334
8 0.5006014675350112 0.02289061605990917 0.06682793507002245 0.04578123211981834
8 0.5412993579389361 0.30108484606815644 0.07177230024766904 0.10039245658477532
8 0.729649306034128 0.8009758828194636 0.04946065260503385 0.09038095909205772
8 0.7430269094249502 0.8866405981797275 0.05273120181924558 0.09359688730530316
8 0.7255375407326471 0.7126946328194637 0.04753427956950453 0.082522994985435
8 0.6873203333318303 0.2952714520989358 0.05044095574818712 0.07792642319868044
8 0.6695569828364922 0.09864650468536051 0.051095927212139715 0.09198892319868043
8 0.6895120719592908 0.1911606136191337 0.05134848428423435 0.06390938730530311
8 0.7969694309316842 0.6003106415949523 0.048878455748187125 0.07788095909205772
8 0.8137995200544828 0.6929156787419708 0.05676373035529281 0.07967077962517113
8 0.8285576869275403 0.774628679995612 0.05967040653397513 0.07507420783841638
8 0.8421900014432329 0.8657621453558759 0.056690955748187125 0.0781082796251713
8 0.8057579259692854 0.5202594287419708 0.056690955748187125 0.07810827962517113