8 0.603125 0.0625 0.08203125 0.05546875
8 0.7796875 0.06484375 0.07421875 0.0578125
8 0.69921875 0.6359375 0.0671875 0.03828125
8 0.6359375 0.640625 0.05078125 0.04296875
8 0.5734375 0.6421875 0.06015625 0.03828125
8 0.5109375 0.6453125 0.06953125 0.04296875
8 0.7734375 0.6578125 0.06015625 0.053125
8 0.3984375 0.65859375 0.06953125 0.0484375
8 0.1390625 0.675 0.05546875 0.03828125
8 0.321875 0.7375 0.071875 0.040625
8 0.8015625 0.80390625 0.06484375 0.0359375
8 0.65859375 0.8125 0.0671875 0.04296875
8 0.86484375 0.08671875 0.0765625 0.0484375
8 0.87734375 0.8765625 0.0796875 0.03828125
8 0.6640625 0.88125 0.06484375 0.05078125
8 0.1203125 0.8828125 0.08203125 0.040625
8 0.0453125 0.8859375 0.0625 0.03828125
8 0.3875 0.0890625 0.0625 0.040625
8 0.2703125 0.8890625 0.08203125 0.040625
8 0.490625 0.09375 0.06953125 0.03828125
8 0.13125 0.0984375 0.05546875 0.04296875
8 0.3140625 0.1015625 0.06953125 0.040625
8 0.2171875 0.10078125 0.071875 0.0453125
8 0.0359375 0.1890625 0.053125 0.040625
8 0.1078125 0.19375 0.08671875 0.053125
8 0.2 0.19375 0.09140625 0.0625
8 0.85 0.1984375 0.09375 0.05546875
8 0.7640625 0.19921875 0.09140625 0.0578125
8 0.940625 0.2015625 0.09140625 0.06015625
8 0.3046875 0.21171875 0.07421875 0.0484375
8 0.68046875 0.21796875 0.0671875 0.0484375
8 0.4515625 0.21953125 0.06953125 0.0484375
8 0.5296875 0.23046875 0.0625 0.0578125
8 0.0328125 0.28359375 0.06015625 0.0484375
8 0.11171875 0.2859375 0.0984375 0.05546875
8 0.203125 0.2875 0.08671875 0.053125
8 0.934375 0.28984375 0.07421875 0.0578125
8 0.8484375 0.290625 0.07421875 0.053125
8 0.76171875 0.2984375 0.0796875 0.053125
8 0.3109375 0.2984375 0.08671875 0.040625
8 0.4453125 0.3015625 0.05546875 0.04296875
8 0.59375 0.303125 0.053125 0.02890625
8 0.5265625 0.30625 0.06015625 0.040625
8 0.19375 0.415625 0.06953125 0.040625
8 0.5890625 0.41796875 0.06953125 0.0453125
8 0.8734375 0.4171875 0.06953125 0.05078125
8 0.45234375 0.4203125 0.0765625 0.053125
8 0.73984375 0.42109375 0.0765625 0.0484375
8 0.1484375 0.490625 0.06015625 0.03828125
8 0.37265625 0.49140625 0.0765625 0.0484375
8 0.51953125 0.4921875 0.0671875 0.04296875
8 0.5875 0.49296875 0.071875 0.0484375
8 0.7296875 0.49453125 0.071875 0.0484375
8 0.44921875 0.4953125 0.0671875 0.05078125
8 0.8046875 0.49609375 0.0625 0.0484375
8 0.06875 0.6109375 0.06953125 0.02890625