8 0.053125 0.809375 0.071875 0.05078125
8 0.53046875 0.83125 0.0578125 0.040625
8 0.3203125 0.8328125 0.06015625 0.05078125
8 0.1421875 0.8375 0.07421875 0.040625
8 0.70625 0.0875 0.05546875 0.05546875
8 0.8234375 0.0890625 0.06015625 0.053125
8 0.5296875 0.08984375 0.05546875 0.0578125
8 0.46875 0.0921875 0.0625 0.053125
8 0.59453125 0.09140625 0.0671875 0.0453125
8 0.3421875 0.09453125 0.053125 0.0578125
8 0.27578125 0.09609375 0.0671875 0.0578125
8 0.13203125 0.1015625 0.0578125 0.05546875
8 0.19375 0.103125 0.0625 0.06484375
8 0.059375 0.10546875 0.0625 0.0578125
8 0.8390625 0.209375 0.053125 0.03359375
8 0.34453125 0.22578125 0.0578125 0.0453125
8 0.50546875 0.225 0.0578125 0.05078125
8 0.28671875 0.22734375 0.0578125 0.0484375
8 0.44296875 0.228125 0.0578125 0.05546875
8 0.203125 0.234375 0.06015625 0.05546875
8 0.0703125 0.23515625 0.05546875 0.0578125
8 0.13046875 0.23828125 0.0453125 0.0484375
8 0.9 0.28984375 0.06484375 0.0453125
8 0.8390625 0.29375 0.05546875 0.04296875
8 0.7453125 0.29453125 0.03828125 0.0484375
8 0.6234375 0.309375 0.06484375 0.04296875
8 0.68984375 0.3109375 0.0578125 0.05078125
8 0.5625 0.31484375 0.06015625 0.0453125
8 0.346875 0.3140625 0.053125 0.04296875
8 0.4453125 0.3171875 0.05546875 0.05078125
8 0.5046875 0.31796875 0.05546875 0.0484375
8 0.21484375 0.31875 0.0578125 0.05078125
8 0.08203125 0.32109375 0.0578125 0.0484375
8 0.14140625 0.3265625 0.0671875 0.053125
8 0.02265625 0.32890625 0.0453125 0.0484375
8 0.690625 0.42421875 0.05546875 0.0484375
8 0.7546875 0.42890625 0.05546875 0.0484375
8 0.125 0.4640625 0.0625 0.05078125
8 0.0578125 0.471875 0.06484375 0.05546875
8 0.50625 0.4734375 0.06484375 0.053125
8 0.43984375 0.47265625 0.0578125 0.0484375
8 0.375 0.475 0.06953125 0.04296875
8 0.23203125 0.475 0.0671875 0.05078125
8 0.3015625 0.47890625 0.06953125 0.0484375
8 0.94921875 0.5015625 0.0578125 0.04296875
8 0.8109375 0.5015625 0.05546875 0.053125
8 0.26640625 0.57734375 0.0671875 0.0484375
8 0.196875 0.58046875 0.071875 0.0484375
8 0.9265625 0.615625 0.05546875 0.03828125
8 0.86875 0.61875 0.0625 0.040625
8 0.690625 0.684375 0.0625 0.06484375
8 0.3171875 0.68515625 0.09140625 0.0671875
8 0.38828125 0.6859375 0.0453125 0.06484375
8 0.8640625 0.68671875 0.053125 0.0453125
8 0.609375 0.6890625 0.06953125 0.053125
8 0.51953125 0.68984375 0.0671875 0.0484375
8 0.9265625 0.69453125 0.06484375 0.0484375