8 0.07000122795991093 0.2991611962910984 0.07454656134627213 0.09916119629109836
8 0.11501537798377348 0.12563184305716651 0.07601815467854492 0.0914305834462281
8 0.6672211259548202 0.36798303312822844 0.05399770401018138 0.07778416327441154
8 0.655538191279457 0.43147232304232014 0.055396572008272395 0.06380355042954133
8 0.6423109379376392 0.4933172258012822 0.05238066000954511 0.07301477611928178
8 0.6298558439290487 0.555984322137809 0.06030224801081765 0.08279921189493056
8 0.7063205359643654 0.29967676842890734 0.06804202267663584 0.07695864767057933
8 0.6160104252466858 0.670954224896771 0.06657042934436319 0.08468926051544959
8 0.5699508485439602 0.9343273281307027 0.052326116008908664 0.06832727611928177
8 0.6766110232336409 0.7702825175243962 0.058776110677908736 0.0858423247398008
8 0.8601540606301835 0.3139926532091879 0.052398841343090655 0.07457727611928178
8 0.8334631966104571 0.4579949587271119 0.05870338534372692 0.0795923247398008
8 0.1573306946610457 0.04967685266810494 0.06658861067790856 0.08625176051544957
8 0.9514699513049104 0.2593671082067135 0.057268154678545 0.09044793758467104
8 0.903648427275639 0.47261738070795073 0.06807838534372693 0.08008364767057934
8 0.7731843892027788 0.9814944979638351 0.06026588534372675 0.03701100407232971
8 0.04397288792968505 0.520589138964152 0.057086341343090465 0.07482293758467122
8 0.8154547998886414 0.8635489179085092 0.060447698679181275 0.09529921189493037
8 0.07407001527691168 0.4197603013340525 0.05559656667727224 0.08099105042954129
8 0.008945001949411419 0.778039790818603 0.017890003898822837 0.06545458163720586
8 0.03918484325273098 0.5961656710763277 0.05873974801081768 0.0827173247398008
8 0.022780782622547485 0.6927983316372057 0.04556156524509497 0.08559666327441154
8 0.0599582305458692 0.8935286719808389 0.05219884667409056 0.057389776119281775
8 0.0810434372215506 0.8281869549975257 0.07458292401336301 0.10228619629109836
8 0.10321897656750456 0.7363236815917773 0.08404883068109026 0.1105900192218769
8 0.2654790019891823 0.0936492599496227 0.07781701201463571 0.11182497060135783
8 0.24572902864418283 0.17860411408806567 0.08090564934754481 0.10886374491161735
8 0.2903886426639092 0.035543510854133854 0.08172271467218159 0.0448831320667471
8 0.14657008191441304 0.6385346347802805 0.06662497334499946 0.08937676051544959
8 0.24470178329886522 0.2668853640880657 0.06497156667727229 0.08148237336031983
8 0.19046662726768485 0.49387058796878386 0.06657042934436311 0.08468926051544959
8 0.22024558127786617 0.42038550033868427 0.07274770401018138 0.0787668091359686
8 0.15423494187623293 0.9203578448661887 0.060029528007636036 0.05936171189493038
8 0.1738212832193234 0.8494654907277457 0.07941587468172662 0.11503185775648754
8 0.19752295989818652 0.7608091044771272 0.074582924013363 0.10228619629109836
8 0.3777704639958638 0.05028544154139995 0.0757090720082724 0.06486808344622808
8 0.35817503198600065 0.12195904567984292 0.07133065467854491 0.09118492198083886
8 0.344647786640683 0.2095851984388049 0.07294769867918127 0.09595430913596861
8 0.23468769991250404 0.6572237590451115 0.06206474267981754 0.10006859905006031
8 0.2706262945974123 0.5246502764579661 0.05543293467536321 0.0669285504295413
8 0.3090722712842295 0.3781371246035153 0.04131589067472685 0.06150406603337357
8 0.2950092239417754 0.4446285837849123 0.05550566000954502 0.07317855042954129
8 0.32364910789309587 0.8049419640426372 0.05873974801081765 0.0827173247398008
8 0.4227893259468661 0.41380238692798715 0.06344542934436319 0.08452548620519007
8 0.49094207865213696 0.13282570386587184 0.06813292934436319 0.08477114767057933
8 0.3914836872613215 0.5513090309805218 0.07134883601209037 0.09274742198083885
8 0.4620347339672287 0.2657676786511012 0.06664315467854501 0.09093926051544958
8 0.38853776388450534 0.8716624745580868 0.05238066000954493 0.07301477611928178
8 0.4427092852482767 0.6501460006773685 0.06664315467854501 0.09093926051544958
8 0.47958367126832113 0.504332211667788 0.058703385343726745 0.0795923247398008
8 0.496780809277548 0.4372232767966503 0.06660679201145392 0.08781426051544958
8 0.5328012199634108 0.29761854420950484 0.06660679201145392 0.08781426051544958
8 0.46624732992523066 0.5755521144267499 0.06811474801081766 0.08320864767057934
8 0.5524239239735922 0.22360119007106194 0.06335452267663584 0.07671298620519007
8 0.4888457518698696 0.9726645129460696 0.04620338534372674 0.054670974107860815