8 0.81796875 0.9234375 0.0765625 0.053125
8 0.9671875 0.9234375 0.06484375 0.053125
8 0.7265625 0.92578125 0.07421875 0.0578125
8 0.6546875 0.9265625 0.0625 0.04296875
8 0.5625 0.92890625 0.08203125 0.0484375
8 0.48203125 0.93671875 0.0765625 0.0484375
8 0.3640625 0.94765625 0.071875 0.0484375
8 0.18125 0.95390625 0.07421875 0.0453125
8 0.275 0.95625 0.071875 0.03828125
8 0.09765625 0.9625 0.0671875 0.053125
8 0.871875 0.18359375 0.10078125 0.0578125
8 0.77265625 0.1828125 0.1109375 0.06015625
8 0.65625 0.1875 0.10546875 0.0625
8 0.55703125 0.1890625 0.1078125 0.06015625
8 0.45234375 0.19375 0.0890625 0.0625
8 0.3234375 0.1984375 0.11328125 0.08203125
8 0.0609375 0.2171875 0.115625 0.084375
8 0.1125 0.0234375 0.103125 0.040625
8 0.4296875 0.02890625 0.09140625 0.0578125
8 0.89609375 0.0328125 0.0796875 0.06484375
8 0.67265625 0.03359375 0.0890625 0.0484375
8 0.5625 0.0359375 0.10078125 0.05546875
8 0.7859375 0.03828125 0.09140625 0.0671875
8 0.303125 0.409375 0.09140625 0.0625
8 0.21015625 0.415625 0.0796875 0.05546875
8 0.1140625 0.4171875 0.09609375 0.05078125
8 0.02265625 0.41796875 0.0453125 0.0578125
8 0.2203125 0.5265625 0.09375 0.0625
8 0.1296875 0.5296875 0.09140625 0.0625
8 0.034375 0.53203125 0.06875 0.0578125
8 0.3234375 0.53359375 0.09140625 0.0578125
8 0.8296875 0.65078125 0.084375 0.0359375
8 0.9140625 0.653125 0.08671875 0.040625
8 0.74296875 0.65859375 0.0765625 0.0359375
8 0.334375 0.6765625 0.071875 0.040625
8 0.1421875 0.684375 0.08671875 0.03828125
8 0.23359375 0.6921875 0.0578125 0.04296875
8 0.6421875 0.7421875 0.071875 0.03828125
8 0.734375 0.74765625 0.07421875 0.0453125
8 0.81484375 0.75078125 0.0671875 0.0484375
8 0.9046875 0.75234375 0.071875 0.0453125
8 0.565625 0.76171875 0.071875 0.0453125