8 0.5902004753739527 0.28556271951170087 0.0786340773392725 0.04556837955902786
8 0.6605947913749072 0.2909574279085758 0.07087612133990877 0.05007404160312508
8 0.7340777447087709 0.29315440112308966 0.07242044000636341 0.04854790919430556
8 0.8052078573758618 0.29462467572437434 0.07087612133990868 0.05007404160312508
8 0.45867775537077105 0.26518009717086766 0.0755454400063634 0.04862064437666671
8 0.8926442227084526 0.28711934061826316 0.08344884667409076 0.056614982332569494
8 0.112874359365044 0.23102983482177075 0.09589430267345422 0.05221842306201392
8 0.2776817466979531 0.224068053952222 0.09126134667409058 0.056796820288472286
8 0.9339741301320394 0.9511811874078813 0.07719884667409076 0.05646951196784755
8 0.378626081357408 0.16857916052548577 0.10061816534054513 0.05545252583555564
8 0.5754732620146357 0.09444741024114536 0.09911020934118149 0.060103658244375066
8 0.487864174013363 0.08710899534725654 0.10063634667409058 0.05701502583555564
8 0.6661709873488174 0.09858808995267306 0.1022352093411815 0.060176393426736176
8 0.7638999626829992 0.10256511550388825 0.0865738466740904 0.056687717514930645
8 0.9343397320178173 0.10953854806520755 0.09740225867281786 0.04756729065319454
8 0.8475209846833174 0.10296319937572847 0.08968066534054522 0.05519795269729172
8 0.9873369153405452 0.10594011616947833 0.025326169318909564 0.04593074905006946
8 0.08530170066836355 0.012027221314652762 0.08935340133672712 0.024054442629305523
8 0.164226132001909 0.012589612557187446 0.07532726400381802 0.02517922511437489
8 0.24157897266868175 0.012516224164444362 0.08315794533736351 0.025032448328888724
8 0.40275085478990347 0.8986842346136802 0.09583975867281787 0.0475309230620141
8 0.3220659040022272 0.01327863715847211 0.10663180800445433 0.02655727431694422
8 0.49245112933640894 0.017473868256770646 0.09427725867281786 0.03494773651354129
8 0.40721306333545443 0.011406359423055405 0.08942612667090888 0.02281271884611081
8 0.8497823713399087 0.028671714193367344 0.0989829400063634 0.04916615824437508
8 0.5768352200031817 0.01690075209048589 0.09740225867281786 0.03380150418097178
8 0.6738102173376816 0.020079323661683766 0.09896475867281787 0.04015864732336753
8 0.7613738520050907 0.02057807161965248 0.0910977146721816 0.04115614323930496
8 0.9381181653405453 0.031304445291665886 0.09109771467218124 0.04273432028847231
8 0.9885176073360908 0.03637249857829779 0.022964785327818406 0.03804551386770836
8 0.030366777450630968 0.8635897213146528 0.04124316534054513 0.05407055737069442
8 0.5191480141231307 0.8951935990707287 0.08646475867281786 0.047312717514930824
8 0.13978723078449456 0.8649502399320138 0.08328521467218156 0.042552482332569495
8 0.9238986014480857 0.8240374591593742 0.10377952800763594 0.058650261017916705
8 0.829221900779722 0.813737698425798 0.10061816534054521 0.05545252583555547
8 0.03689749343567711 0.75325163335875 0.056740896005727 0.04349673328249999
8 0.11432305943663161 0.7584826875953125 0.09589430267345422 0.052218423062014095
8 0.7311656614417223 0.7816356728745827 0.09740225867281786 0.047567290653194406
8 0.2447190841024498 0.749195993731736 0.08802725867281787 0.04734908510611113
8 0.4855440787714498 0.7607828846899302 0.08332157733927233 0.0456774823325695
8 0.32051851543599524 0.7489946655594789 0.08651930267345431 0.05200021751493065
8 0.40105999077017707 0.7533717346136802 0.08657384667409058 0.056687717514930645
8 0.5761508974379043 0.7571110644014578 0.08337612133990895 0.050364982332569495
8 0.652786122772086 0.7615790524336106 0.07543635200509069 0.03924564437666671
8 0.044382182089404976 0.6577391116072568 0.0740011213399088 0.05014677678548622
8 0.1210355887571322 0.6637695996394097 0.10058180267345422 0.052327525835555735
8 0.9280673860995863 0.7121914225902423 0.10058180267345414 0.052327525835555735
8 0.21640263275776853 0.6662386765773955 0.09589430267345422 0.052218423062014095
8 0.8303202294318591 0.7066518970390272 0.09740225867281786 0.047567290653194406
8 0.32808502009067764 0.6605133938079858 0.08958975867281786 0.047385452697291795
8 0.48995831142581386 0.6700305981207982 0.08795453333863605 0.041099085106111134
8 0.4101799047580867 0.6640728452710066 0.0817954400063634 0.04876611474138901
8 0.6548566054264503 0.6708813172512494 0.08010567067154532 0.03779224715020853
8 0.5742787674251776 0.6633792481970481 0.0833215773392725 0.0456774823325695
8 0.40870721674090565 0.5375103452710066 0.08808180267345418 0.05203658510611113
8 0.6503589147437692 0.5529853024336105 0.08337612133990877 0.050364982332569495
8 0.495480510741542 0.5401794439604857 0.08813634667409058 0.056724085106111134
8 0.9044924314130872 0.5666068188667701 0.09124316534054522 0.055234320288472284
8 0.23427938140513307 0.5235965816876387 0.08811816534054513 0.05516158510611113
8 0.5768123267424965 0.5453195792190968 0.08657384667409058 0.05668771751493047
8 0.7363509587444055 0.5556725849186799 0.08657384667409058 0.056687717514930645
8 0.9712868433720437 0.5704935786504158 0.05742631325591248 0.04669446846486114
8 0.8215708434118145 0.5591593011993397 0.09127952800763595 0.05835932028847228
8 0.8262525367997666 0.9615030511993397 0.09576703333863605 0.0412809230620141
8 0.7340286741326757 0.9605237390789924 0.09896475867281787 0.04760365824437507
8 0.24044701806172447 0.4492141775273262 0.0786340773392725 0.04556837955902786
8 0.4155197433959062 0.45139100731510384 0.09124316534054518 0.055234320288472284
8 0.16055952339272453 0.4338814246775346 0.08808180267345422 0.05203658510611113
8 0.337303836728179 0.4453968868741317 0.09120680267345431 0.05210932028847228
8 0.49915894672976985 0.453351591186944 0.08811816534054522 0.05516158510611113
8 0.7368771227323151 0.4665737173274994 0.08181362133990895 0.05032861474138883
8 0.6594424660645879 0.46056141309093696 0.07725339067472685 0.061157011967847195
8 0.5812265593968606 0.4545672926499648 0.08341248400699967 0.0534899823325695
8 0.8228782573997242 0.4700422498125688 0.08811816534054522 0.05516158510611113
8 0.9073441640674513 0.4758908998888186 0.08811816534054487 0.05516158510611113
8 0.10199195070813447 0.3031775917556249 0.09431362133990878 0.05061955547083343
8 0.6408235667965849 0.9423751107542356 0.0991465720082724 0.06322865824437507