8 0.765625 0.10625 0.06953125 0.02421875
8 0.6734375 0.1109375 0.0625 0.01953125
8 0.553125 0.1140625 0.08203125 0.02421875
8 0.45234375 0.11640625 0.0765625 0.0265625
8 0.34140625 0.11875 0.0671875 0.021875
8 0.79296875 0.0296875 0.0796875 0.02421875
8 0.89609375 0.0296875 0.0796875 0.03359375
8 0.5640625 0.0328125 0.084375 0.021875
8 0.6671875 0.0328125 0.09140625 0.02890625
8 0.4546875 0.034375 0.09609375 0.02421875
8 0.359375 0.0359375 0.06953125 0.01953125
8 0.2296875 0.040625 0.06953125 0.02421875
8 0.1296875 0.040625 0.08671875 0.02421875
8 0.040625 0.0421875 0.0625 0.01953125