8 0.90625 0.78359375 0.09140625 0.0671875
8 0.81875 0.78828125 0.08203125 0.0796875
8 0.5609375 0.7890625 0.06484375 0.071875
8 0.73984375 0.796875 0.0796875 0.071875
8 0.65 0.80234375 0.08671875 0.0796875
8 0.48046875 0.80546875 0.0890625 0.0671875
8 0.2875 0.83125 0.10078125 0.07421875
8 0.1875 0.8484375 0.10546875 0.08671875
8 0.0796875 0.85234375 0.10078125 0.0796875
8 0.890625 0.14921875 0.08203125 0.0671875
8 0.96640625 0.15390625 0.0671875 0.0671875
8 0.72578125 0.15625 0.0984375 0.071875
8 0.80703125 0.15703125 0.0796875 0.0671875
8 0.63359375 0.16171875 0.0984375 0.0671875
8 0.44921875 0.1703125 0.0890625 0.06484375
8 0.5375 0.17265625 0.084375 0.0453125
8 0.228125 0.1734375 0.09140625 0.06953125
8 0.3578125 0.17890625 0.09375 0.0796875
8 0.12734375 0.1828125 0.1078125 0.08671875
8 0.03359375 0.0359375 0.0671875 0.071875
8 0.62265625 0.0359375 0.1109375 0.06484375
8 0.6546875 0.34609375 0.0625 0.0765625
8 0.490625 0.35703125 0.08203125 0.0796875
8 0.1234375 0.0359375 0.08671875 0.071875
8 0.1984375 0.0359375 0.05546875 0.071875
8 0.5796875 0.36015625 0.08671875 0.0796875
8 0.3921875 0.365625 0.09609375 0.09140625
8 0.2640625 0.3671875 0.11796875 0.08203125
8 0.0578125 0.3765625 0.08671875 0.07421875
8 0.1546875 0.3796875 0.08203125 0.08671875
8 0.7125 0.0421875 0.09609375 0.06953125
8 0.95859375 0.465625 0.0796875 0.084375
8 0.84453125 0.46796875 0.0765625 0.0796875
8 0.759375 0.475 0.10078125 0.08203125
8 0.6640625 0.4828125 0.08203125 0.071875
8 0.496875 0.49140625 0.09140625 0.0765625
8 0.4015625 0.49453125 0.10078125 0.0671875
8 0.275 0.5140625 0.10546875 0.08203125
8 0.171875 0.51640625 0.09140625 0.0890625
8 0.05625 0.521875 0.09375 0.09140625
8 0.7296875 0.6671875 0.09375 0.06484375
8 0.47265625 0.6765625 0.0890625 0.07421875
8 0.63828125 0.678125 0.0890625 0.07421875
8 0.38515625 0.68203125 0.0796875 0.0671875
8 0.2828125 0.70625 0.084375 0.084375
8 0.1734375 0.71171875 0.09609375 0.0765625
8 0.07421875 0.72109375 0.0765625 0.0765625