8 0.9287462697024967 0.8641046913183168 0.07890677088084708 0.13846935775648755
8 0.20041413221896973 0.19502813772095662 0.09619426483072288 0.15655761646291486
8 0.21063453561337417 0.3398493147901781 0.09623062626704142 0.16280761646291486
8 0.21852482454639804 0.48713707259209416 0.09312380698520065 0.16576884215265544
8 0.22634239060678502 0.6219248303940104 0.09301472267624522 0.14701884215265543
8 0.19573974687674203 0.06320160560878102 0.10538745764913057 0.12579893939369338
8 0.2514752425751337 0.912102773067064 0.088309041958086 0.14364818068726634
8 0.2436349506170477 0.7734087652651479 0.09938289734428025 0.16765889077317428
8 0.057811080105542936 0.8026845867255885 0.08537493949875793 0.17629690637700648
8 0.051496926711138494 0.6576586917685425 0.08518404195808597 0.1434844063770065
8 0.42914312021691725 0.152562919494448 0.08990790339440444 0.14998006784239584
8 0.4385004603796051 0.28336254014123435 0.09931926483072288 0.15672139077317437
8 0.07425421242270853 0.942490715174291 0.0975022347764936 0.11288950361804453
8 0.5494960059519284 0.034308643713850444 0.08024201190385671 0.06861728742770089
8 0.5698317527304745 0.1561305755327703 0.06950449980360833 0.1332905348257091
8 0.6057031585607658 0.6801921952750456 0.07730790944452863 0.1321374706013579
8 0.5838311410977644 0.27887203471416744 0.07741699375348414 0.15088747060135788
8 0.5955276860809124 0.4087675746282592 0.088309041958086 0.14364818068726604
8 0.6041446828594585 0.5466393888526104 0.078934041958086 0.14315685775648745
8 0.6236997005188518 0.8183539365686183 0.078934041958086 0.14315685775648754