8 0.9069786582443751 0.14057399751429145 0.054761541603124894 0.07278683664159917
8 0.8052167897032639 0.1608072607488578 0.11133884992375016 0.08946922249741003
8 0.6889566632783681 0.19519291521591847 0.1270729526972918 0.09488446856846862
8 0.31581141042857663 0.2574145095105127 0.10508884992375007 0.08917812406898662
8 0.5560538975107988 0.2186581863083677 0.11133884992375016 0.08946922249741004
8 0.440247712765278 0.23901772807898128 0.11777068787965281 0.09757282092583344
8 0.862978657578785 0.36250034739045695 0.10610583605604162 0.06581339867609248
8 0.95327634925816 0.35265877460259665 0.059230836056041625 0.06363016046291677
8 0.4761709482319795 0.4412544702210985 0.1080320119678472 0.08151117328319835
8 0.6107089491819101 0.42098697373575505 0.11264677678548622 0.07860449710451581
8 0.7444111487450698 0.39833933994685883 0.12049564437666671 0.08053087014004508
8 0.3526795500555907 0.4667188889561828 0.11275587955902786 0.08329199710451576
8 0.900153962099688 0.4844138887467858 0.09836607123840295 0.06857452564056317
8 0.9827982354667014 0.47290065404826676 0.03440352906659712 0.053600188998963995
8 0.6464308564763546 0.5475152404849781 0.10930357123840277 0.06908394789030421
8 0.39695883975885465 0.5920849160444879 0.12532861474138893 0.08699919396136266
8 0.7802239750174657 0.5287738566960819 0.12529224715020854 0.08543669396136266
8 0.056535167931111664 0.6519285270883052 0.052980836056041716 0.06333906203449331
8 0.2781367577868755 0.6169864086008898 0.11737064437666671 0.08038532092583353
8 0.5183610610735074 0.5774488353987449 0.13157861474138882 0.08729029238978611
8 0.12436171361829929 0.8166310359796454 0.10803201196784729 0.08151117328319835
8 0.33509853865642425 0.7843044952424891 0.10606946846486114 0.06425089867609249
8 0.2200917877064937 0.8054816743166555 0.08423083605604172 0.06479455417661048
8 0.5862967095342367 0.7468388442900851 0.11402743882958344 0.0708647717116218
8 0.8342971452296879 0.7061026441234693 0.10785017401194433 0.07369867328319835
8 0.4674018923798965 0.768615336846487 0.12983427678548623 0.07940501778268025
8 0.9539666802802085 0.6870701619061496 0.09206663943958304 0.07213617328319835
8 0.7130949456665283 0.7293324747692124 0.10792290919430556 0.07682367328319835
8 0.7713846907294444 0.048414268606740626 0.10839438145888884 0.030021447890304163
8 0.37605280660819523 0.9009312231165826 0.11435474715020835 0.0849272717116218
8 0.1468387385039244 0.9441032185684686 0.0953501740119445 0.07311647642635144
8 0.2533426584318063 0.9264320291552199 0.09694904160312508 0.07475175103345748
8 0.86749346456823 0.8247092489620336 0.12053201196784755 0.08209337014004499
8 0.6577404180280209 0.06107047228801303 0.11548083605604162 0.06625004631872759
8 0.737752066391841 0.8498825692686944 0.12064111474138901 0.08678087014004525
8 0.4921317482875702 0.892290431345969 0.11275587955902786 0.08329199710451576
8 0.6157322492375007 0.8715135126108846 0.126891114741389 0.0870719685684687
8 0.9647600163362503 0.8101630595487848 0.07047996732749943 0.07282537799792799
8 0.5285984318957292 0.07846767989822687 0.1223854526972918 0.09466614474715103
8 0.39720361474138893 0.09966197559778192 0.12405705547083343 0.09942641935425689
8 0.2830326651782292 0.12321929197550138 0.1034899823325695 0.08754284946188075