8 0.8482411582661783 0.8964411705522325 0.06924996974937905 0.08673747867599957
8 0.8711605077986402 0.807105950549051 0.07393746974937869 0.08679202267663592
8 0.8879343964605175 0.7358122058800509 0.05665906615858276 0.07096702800763595
8 0.910077041172519 0.6472673265436419 0.06616133118569749 0.09295111600890885
8 0.9361941135776177 0.5703957438733694 0.06457156010845858 0.0882454346753633
8 0.969986288834828 0.4543525732018242 0.06002742233034404 0.08197725334181775
8 0.9936914335468296 0.27828951253186984 0.0126171329063407 0.08297613200190898
8 0.9869328943192182 0.36977757853282434 0.026134211361563686 0.07845226400381797
8 0.1093099475919856 0.7933131006524553 0.08034200585373248 0.11342724801081765
8 0.13216111943135028 0.6922591306492736 0.08350336729005092 0.11971361067790873
8 0.1612032039366974 0.5809761853119101 0.08505677693097131 0.11816929201145392
8 0.18562596613514168 0.481466533975183 0.08351245764913058 0.12127611067790874
8 0.21316918315404615 0.38113926997136494 0.08183178298109554 0.1009454293443632
8 0.24603570442767672 0.2557483713001379 0.10700449980360824 0.13092383068109026
8 0.3220795330792914 0.033601745981864474 0.10978406615858276 0.06720349196372895
8 0.12050339754067196 0.032294331993954824 0.06288179508134394 0.06458866398790965
8 0.0573640898681003 0.3251358126591367 0.07401928298109553 0.10085452267663583
8 0.02201798408912257 0.5615005739974547 0.038072692622015916 0.09887385200509069
8 0.03702483967170857 0.4550687606620002 0.06939541549465286 0.11173747867599956
8 0.016431580301934666 0.6756357993316364 0.025609054058334385 0.10497840133672724
8 0.45714137607064964 0.28220014127150284 0.08184996369925486 0.1040704293443632
8 0.4839578852440319 0.19125696793445757 0.07397383118569749 0.09304202267663593
8 0.5076221233401752 0.09566265726450315 0.07093064441741408 0.10706816000954503
8 0.5266852198475748 0.018221099299819722 0.06587043969514958 0.036442198599639444
8 0.5904124183233233 0.22517688725336732 0.08185905405833438 0.10563292934436311
8 0.6133363130353248 0.13662291725018566 0.08184996369925486 0.1040704293443631
8 0.6370278222087069 0.04571610658023125 0.07389201795398073 0.07897952267663591
8 0.5746061320225779 0.3284927912555945 0.07716246369925486 0.10401588534372674
8 0.5784235619551703 0.8503587005888218 0.05364315046753809 0.08968066534054522
8 0.56171785098639 0.9333711952578216 0.05992042154477702 0.09444089067472702
8 0.6045042729239506 0.7672371179185491 0.05361587939029935 0.08499316534054521
8 0.7123561168972674 0.36986158390359536 0.056713608313060604 0.08034202800763604
8 0.7628323189872532 0.18254284989659567 0.056795421544777014 0.09440452800763603
8 0.7500692194547914 0.27175989123173194 0.05663179508134384 0.06627952800763595
8 0.7095048694313503 0.6855411279042316 0.0535795179539809 0.07874316534054522
8 0.6944162006170478 0.7779104412396862 0.06141928903121965 0.08352157200827222
8 0.6800269685710286 0.856208163908368 0.06295451795398091 0.07885225334181811
8 0.6617905738590271 0.9447075899109132 0.0614011083130606 0.08039657200827222
8 0.7458100080932276 0.6140201165659137 0.0614011083130606 0.0803965720082724