8 0.9338398314032983 0.4367627754614487 0.06620818787965277 0.09293293467536326
8 0.9321175965052776 0.2421588001272669 0.0675524823325695 0.08357611600890866
8 0.29854007066972194 0.33481354137490715 0.04549564437666671 0.0755090773392725
8 0.29379671286218717 0.40430842870781636 0.04978310087368065 0.05837612133990877
8 0.2906340388502427 0.47304024737427086 0.04527743882958344 0.06613407733927232
8 0.28823443104270785 0.5425624067074981 0.050292247150208344 0.08025112133990878
8 0.2746681192067012 0.2524822993714073 0.06250130642076393 0.0678965720082724
8 0.2720437737482634 0.6674078653723619 0.05654224715020835 0.08032384667409058
8 0.25127145317545063 0.9555254833704527 0.04520470364722229 0.06300907733927233
8 0.18408787243774244 0.7531266420273625 0.04872974715020843 0.08023294000636341
8 0.11360398584795121 0.2224755313494538 0.04386040919430564 0.07236589600572704
8 0.10366267534312468 0.38099655601527205 0.05021951196784728 0.07712612133990877
8 0.908518401976111 0.14810880812376703 0.05668771751493047 0.08657384667409058
8 0.03350021818052072 0.13870851133831794 0.04578658510611119 0.08800907733927246
8 0.02809445825470472 0.37540908000477247 0.05618891650940944 0.07411020934118148
8 0.022756207828194056 0.9657431786680455 0.04551241565638811 0.06851364266390902
8 0.9024761561570827 0.6763065334579489 0.04847517401194423 0.06929544000636341
8 0.020395907058558708 0.8105653300047726 0.040791814117117416 0.0911704400063634
8 0.8973184903132634 0.5621531267902216 0.045568379559027504 0.0786340773392725
8 0.8911697545622215 0.9606269894573124 0.049928571238402955 0.0646261213399086
8 0.8888662914156938 0.757420173456358 0.04869337955902786 0.0786704400063634
8 0.8887006776242355 0.8652599454566762 0.053453614741388836 0.08184998400699968
8 0.784628813832777 0.9693618113860432 0.06246493882958326 0.06127637722791377
8 0.7851028989388882 0.8843724774426768 0.07271276101791671 0.10394316000954511
8 0.7846626746775346 0.1646412327736769 0.06649912860909737 0.10543293467536322
8 0.7824442516155207 0.2599537327736769 0.0680252610179167 0.10388861600890867
8 0.7807402005130902 0.06456850743949512 0.06958776101791689 0.10390679734245412
8 0.7666821668906592 0.7692832794398133 0.056614982332569494 0.08344884667409058
8 0.7623116299402775 0.3527133974379043 0.0564695119678472 0.07719884667409058
8 0.7587638301690273 0.6058656694382225 0.05654224715020835 0.08032384667409058
8 0.7467015476839579 0.5197645374363135 0.06726154160312507 0.07107611600890866
8 0.6839566666063186 0.963692793045816 0.06428201196784737 0.07261441390836794
8 0.6812148327344785 0.8823821687619049 0.06322865824437507 0.09914657200827222
8 0.6836469949660069 0.07281626475967753 0.0675524823325695 0.08357611600890869
8 0.6822098219039929 0.16813785542645027 0.0628649823325695 0.08352157200827234
8 0.6737413988419789 0.2633776300922685 0.0630104526972918 0.08977157200827239
8 0.6706975196642008 0.7634776274267685 0.04912979065319458 0.0974204400063634
8 0.6679206246219439 0.6141861520925866 0.049928571238402775 0.06462612133990878
8 0.6670699054914927 0.4492878580919504 0.03419446846486114 0.059756808004454244
8 0.6629986949104163 0.5234793360916321 0.04840243882958326 0.0661704400063634
8 0.540298892005034 0.8932458487428147 0.04869337955902786 0.0786704400063634
8 0.5395625013311802 0.45483732940799654 0.05341724715020853 0.08028748400699967
8 0.5422030709540624 0.13993903540736025 0.059667247150208345 0.08036020934118145
8 0.5360166611910759 0.6071810794079966 0.06293771751493064 0.08664657200827239
8 0.5371856497919094 0.28835835407381477 0.056687717514930645 0.08657384667409058
8 0.4562862614960756 0.9438447380649062 0.04527743882958344 0.06613407733927232
8 0.4565999584937842 0.695343603397497 0.05668771751493047 0.08657384667409058
8 0.458038437976562 0.5328163313971789 0.0502195119678472 0.07712612133990877
8 0.4566590823532287 0.45777996873008797 0.05657861474138883 0.08188634667409059
8 0.455644709062465 0.29991292472945164 0.05657861474138901 0.08188634667409059
8 0.45231380841753416 0.6108958780633152 0.059594511967847194 0.07723520934118148
8 0.45522844139503454 0.2170731527291335 0.056324041603125076 0.07094884667409058