8 0.4109375 0.62734375 0.06484375 0.0359375
8 0.3484375 0.62890625 0.06484375 0.0359375
8 0.284375 0.62890625 0.0625 0.0359375
8 0.20625 0.6359375 0.06953125 0.03828125
8 0.5875 0.6421875 0.07421875 0.03359375
8 0.828125 0.6578125 0.07421875 0.03828125
8 0.65078125 0.7234375 0.0890625 0.03828125
8 0.1765625 0.790625 0.071875 0.02890625
8 0.25234375 0.790625 0.0765625 0.03359375
8 0.0984375 0.79375 0.07421875 0.03359375
8 0.3203125 0.79453125 0.071875 0.0359375
8 0.48359375 0.79765625 0.0765625 0.0453125
8 0.559375 0.7984375 0.08203125 0.03828125
8 0.1796875 0.859375 0.06484375 0.040625
8 0.10546875 0.8640625 0.0765625 0.04296875
8 0.92734375 0.865625 0.0765625 0.03828125
8 0.2484375 0.865625 0.071875 0.03828125
8 0.8578125 0.86640625 0.08203125 0.0453125
8 0.784375 0.86875 0.071875 0.04296875
8 0.321875 0.8671875 0.07421875 0.03828125
8 0.396875 0.87109375 0.07421875 0.0484375
8 0.4828125 0.87109375 0.08671875 0.0453125
8 0.5546875 0.871875 0.06953125 0.03828125
8 0.7125 0.8734375 0.071875 0.040625
8 0.634375 0.8765625 0.08203125 0.040625
8 0.1203125 0.165625 0.09140625 0.04296875
8 0.7890625 0.1671875 0.08671875 0.04296875
8 0.040625 0.1671875 0.08125 0.04375
8 0.87421875 0.1671875 0.0796875 0.03828125
8 0.95859375 0.1671875 0.0828125 0.0375
8 0.21015625 0.1703125 0.0890625 0.04296875
8 0.52890625 0.1921875 0.0671875 0.03125
8 0.678125 0.1921875 0.0625 0.040625
8 0.3046875 0.19453125 0.09375 0.0453125
8 0.603125 0.19375 0.0625 0.03828125
8 0.45 0.20625 0.0625 0.03828125
8 0.38046875 0.20625 0.0671875 0.03828125
8 0.19453125 0.0265625 0.0890625 0.05078125
8 0.871875 0.2640625 0.08203125 0.040625
8 0.95625 0.26796875 0.08203125 0.0484375
8 0.7859375 0.26875 0.084375 0.040625
8 0.040625 0.2703125 0.08125 0.040625
8 0.12734375 0.27109375 0.0796875 0.0484375
8 0.21171875 0.27109375 0.0890625 0.0359375
8 0.67890625 0.2734375 0.0671875 0.03828125
8 0.52890625 0.2796875 0.0796875 0.03359375
8 0.60390625 0.2796875 0.0671875 0.03359375
8 0.384375 0.284375 0.071875 0.03359375
8 0.4546875 0.2875 0.06953125 0.040625
8 0.371875 0.0390625 0.09375 0.05078125
8 0.53359375 0.39296875 0.0765625 0.0359375
8 0.0953125 0.39375 0.084375 0.03828125
8 0.61484375 0.396875 0.0796875 0.03359375
8 0.1703125 0.396875 0.084375 0.04296875
8 0.46328125 0.396875 0.0796875 0.04296875
8 0.39296875 0.396875 0.0765625 0.04296875
8 0.7890625 0.3984375 0.06953125 0.03828125
8 0.23984375 0.3984375 0.0796875 0.03828125
8 0.53828125 0.47421875 0.0765625 0.0359375
8 0.92109375 0.4734375 0.0765625 0.03828125
8 0.3265625 0.475 0.071875 0.040625
8 0.1734375 0.475 0.06953125 0.04296875
8 0.84453125 0.4765625 0.0765625 0.04296875
8 0.46328125 0.47578125 0.0765625 0.0484375
8 0.24375 0.478125 0.084375 0.040625
8 0.6078125 0.478125 0.06953125 0.03359375
8 0.3953125 0.47890625 0.071875 0.0453125
8 0.1140625 0.053125 0.084375 0.04296875
8 0.0359375 0.05859375 0.06484375 0.0359375
8 0.8265625 0.590625 0.07421875 0.02890625
8 0.90703125 0.5921875 0.0765625 0.02890625
8 0.5921875 0.059375 0.084375 0.03828125
8 0.47109375 0.6234375 0.0671875 0.03359375