8 0.9291902321311408 0.8806132967316639 0.07400518577927465 0.09103406615858275
8 0.1277616081754955 0.278152791958086 0.16702035672980178 0.11188289734428025
8 0.27937052912602256 0.2587175116092691 0.1748965237259962 0.1134908491396783
8 0.4309794500765497 0.2392822312604522 0.17789418973360735 0.11038402985783753
8 0.5716190375289796 0.220564568398078 0.1590168557412186 0.10714994554888213
8 0.030253891293031854 0.29786078307929137 0.06050778258606371 0.11447156615858275
8 0.8730515449433532 0.1871536673413646 0.15263952174882994 0.10398858411256366
8 0.7300363739928264 0.2066389446651194 0.17971135771838503 0.11664312021691714
8 0.7182897435742094 0.034654860356163955 0.18529551285158127 0.06200107201231527
8 0.5694065746008486 0.044728776243600284 0.15493685079830274 0.08369426483072293
8 0.1328643077577536 0.5173016503693424 0.16207818874502422 0.10560562626704133
8 0.26872089471589194 0.5009004664297293 0.16714769072219057 0.11500789734428025
8 0.8724188280608898 0.030081510725506307 0.13328734387822044 0.05076359016268789
8 0.038159268004461885 0.6636175932859458 0.07631853600892377 0.08800906010845858
8 0.16538369460216118 0.658930614166793 0.14243685079830276 0.083621541958086
8 0.7096867929290059 0.5909866735878806 0.14112901878308043 0.08986245159900648
8 0.2947356135755219 0.6487430687908614 0.16150518577927472 0.09154312626704134
8 0.42974728353746583 0.6338998396717086 0.15263952174882983 0.10398858411256366
8 0.5735118709898958 0.6152003575274936 0.15382001977166357 0.09462267447164337
8 0.8546318784042695 0.5816712818027451 0.1538200197716634 0.09462267447164337