8 0.31726077267663594 0.08817435793893612 0.08721019334818117 0.11337760339082215
8 0.3038442573599533 0.2101392491714305 0.09207950668363551 0.1292209272121397
8 0.2166924394095874 0.5715069346557378 0.08713746801399935 0.10712760339082213
8 0.27254080804422526 0.3382984824222075 0.08721019334818117 0.11337760339082212
8 0.24809588605981542 0.45194145140496084 0.09667610001590835 0.1216267510334573
8 0.517715306015272 0.13655200764848588 0.06369996801399935 0.1060359842842343
8 0.544077264003818 0.05345056327283837 0.06315452800763595 0.05916098428423431
8 0.43940268606776967 0.5194137034718753 0.07936133068109026 0.10988873035529281
8 0.4730317040499522 0.38980113213175727 0.07627269334818117 0.11286818114108117
8 0.5043078813653621 0.25929814888098024 0.07792610001590834 0.12075345574818697
8 0.4142765114178598 0.6416140351510758 0.07941587468172666 0.11457623035529281
8 0.6390635946849083 0.16406703969918982 0.06831474267981755 0.10000430810555186
8 0.6630363493395907 0.07695018341288354 0.05370680267345414 0.05247433664159915
8 0.5983226053866794 0.4206231007002258 0.06844201201463562 0.11094180810555195
8 0.5426105967536323 0.6655503029337562 0.08581132535009015 0.12736732878371626
8 0.6319788953691802 0.2933542793601076 0.08268632535009016 0.12722177956950462
8 0.4652514021323576 0.9848609592628437 0.06151930267345414 0.030278081474312657
8 0.5182111281030861 0.7830995219165094 0.07788973734881743 0.11762845574818712
8 0.5764032467377239 0.550000231593638 0.0843033693507266 0.1319820541766104
8 0.635482086131403 0.9815776015287954 0.0804329346753633 0.036844796942409275
8 0.6880241887730405 0.815214316787495 0.06057496801399935 0.10589043507002253
8 0.6635610854550853 0.9272947857702484 0.06504429201145392 0.08735875889134022
8 0.751566878739633 0.572213487589494 0.06849655601527208 0.11562930810555194
8 0.809686272040089 0.3328641972666224 0.07154883068109008 0.10952485731976358
8 0.7256049100890868 0.6896899319651414 0.07647268801718106 0.13005568114108107
8 0.8441329026893627 0.20641301323005715 0.0716215560152719 0.11577485731976359
8 0.7845237347230883 0.45193952894582284 0.0746556493475449 0.1081079065339754
8 0.18180453067313607 0.05609810442427946 0.08235906134627213 0.0990967795695046
8 0.8069469114417224 0.8355889369275402 0.08413973734881744 0.11791955417661049
8 0.7818298274585851 0.9550290449734294 0.07140338001272681 0.08994191005314107
8 0.9271464920432706 0.3617597927995617 0.07948860001590816 0.1208262303552928
8 0.15962154268777176 0.16281898531769162 0.09507723734881743 0.11842897642635145
8 0.8989589520607699 0.48928332526455043 0.0857567813494537 0.12267982878371626
8 0.8439645587603138 0.7287781648016336 0.0794158746817267 0.11457623035529281
8 0.8730151647437692 0.6083222696401979 0.08428518801718106 0.13041955417661058
8 0.9594402766947713 0.25160569685233763 0.07154883068109044 0.10952485731976358
8 0.13928286537236184 0.2938313908182096 0.09046246268299925 0.12446065260503385
8 0.10797941605663375 0.42199062406898663 0.0967306440165447 0.1263142510334573
8 0.08430665340545122 0.5348887303552928 0.08557496801399936 0.10705482878371626