8 0.6058269388554892 0.6433910852562308 0.07791216837349921 0.05087270401018138
8 0.6665901336079348 0.6262666725811858 0.07340667889684287 0.05394316000954511
8 0.7329130836220522 0.6106411252387316 0.07487817363517095 0.052398841343090474
8 0.7962020388978416 0.5966144405633684 0.07340667889684287 0.05394316000954493
8 0.49096007302812145 0.6845984352721391 0.07644067363517096 0.05241702267663584
8 0.8762612652203181 0.5886468518857779 0.08314569994353035 0.06030224801081765
8 0.18677237294341675 0.7772608393141373 0.09399219468185845 0.05886701734563591
8 0.33558930454168273 0.7552029312937746 0.09426521046687393 0.06355451734563573
8 0.7832220236775234 0.0027495459500477526 0.09456904735504672 0.005499091900095505
8 0.4390629150367916 0.7868336446133206 0.10051521046687388 0.06362724267981754
8 0.6324712807935722 0.8189814312540037 0.1007882262518894 0.06831474267981755
8 0.553322107087814 0.8425740199315941 0.10060621572854593 0.06518974267981754
8 0.7118934702843459 0.8000763425764132 0.10235072625188942 0.06833292401336308
8 0.7997729018826119 0.7787275065643229 0.0879242052052021 0.06191929201145392
8 0.951627473338705 0.7433428952100967 0.09674505332259002 0.055778380012726815
8 0.8755163545275654 0.7637741212205962 0.0910492052052021 0.061955654678545004
8 0.9918429496611816 0.7293253012015061 0.016314100677636743 0.05692270934118149
8 0.2072423095915931 0.9810670919796373 0.08950211575678066 0.03539315467854465
8 0.2795345385449057 0.9739716599697742 0.07616765785015547 0.04772952267663584
8 0.3501277596057105 0.9645506592934563 0.08608868942018652 0.05721361067790838
8 0.30709841041040425 0.11838418395927461 0.09371917889684286 0.05417951734563581
8 0.42301922803567943 0.9543211366168205 0.10850972099021768 0.0668431493475449
8 0.5732243543863909 0.9158297065961396 0.09582771046687384 0.06357269867918128
8 0.49871717804979687 0.9385865012730937 0.08756018415851478 0.055669292011453916
8 0.8923391044569782 0.8378474205522325 0.10235072625188942 0.06833292401336308
8 0.6529195596621802 0.9016121179185493 0.09904371572854576 0.065171561346272
8 0.7361569938912821 0.8810990759070952 0.10235072625188942 0.06833292401336308
8 0.817005175489548 0.8598320558959592 0.0926117052052021 0.06197383601209054
8 0.9631183456725754 0.8189332412078695 0.07376330865484917 0.06197383601209046
8 0.9992683127871264 0.802699166534097 0.0014633744257473325 0.06929544000636341
8 0.41239285516284985 0.10074160327818435 0.085815673635171 0.05252611067790856
8 0.07704616033981707 0.19533013399109134 0.08416216837349917 0.0509454293443631
8 0.8739905078219206 0.06644458788195998 0.08939569994353036 0.06037497334499946
8 0.7919438472703421 0.09397978922664127 0.10225972099021767 0.06677042401336301
8 0.7098061814570917 0.11995249057132255 0.10051521046687384 0.06362724267981755
8 0.02697681285771351 0.31552500266550004 0.02009966837349917 0.050199994668999895
8 0.07744724971765132 0.2961750186585004 0.09399219468185842 0.05886701734563582
8 0.6272890840455753 0.16625587324954932 0.09693518415851479 0.05577838001272668
8 0.19703170762427652 0.2822750559755011 0.08737817363517104 0.05254429201145401
8 0.41126153661994136 0.2289666006126843 0.084253173635171 0.0525079293443631
8 0.2650081629000658 0.2681938272995016 0.08765118942018653 0.05723179201145401
8 0.33666335502167544 0.25016089528963836 0.0879242052052021 0.061919292011454005
8 0.4933914971574026 0.21628423993477575 0.08608868942018652 0.057213610677908554
8 0.5611859419098482 0.19907801125877614 0.07295165258848364 0.04613066000954502
8 0.04599909961882929 0.4005176206635911 0.04867969468185842 0.05833975867281786
8 0.10202929174043893 0.3826665019891823 0.09877069994353026 0.060484061346272086
8 0.9057781050922626 0.16926959587846013 0.08921368942018652 0.05724997334499946
8 0.8189984419098482 0.19607809122377778 0.09877069994353035 0.060484061346272135
8 0.18765597860037675 0.3629074379774101 0.0939921946818584 0.05886701734563573
8 0.7334627603115822 0.21739965523555 0.09693518415851479 0.055778380012726655
8 0.2915244312453301 0.3476267886298653 0.08737817363517095 0.05254429201145401
8 0.43400806285771354 0.3107887652769117 0.0856336631118273 0.049401110677908554
8 0.3647876259977757 0.3303569252864567 0.08121917889684287 0.054034066677272286
8 0.5823699681476202 0.280918357256549 0.07920165258848363 0.04620338534372674
8 0.5131950339185183 0.30126776726609406 0.08425317363517096 0.05250792934436319
8 0.3902720153614926 0.4457637492839114 0.08921368942018652 0.05724997334499946
8 0.6035385838338138 0.38933938458786727 0.08608868942018652 0.057213610677908554
8 0.4681772074831022 0.42765809193986637 0.0894867052052021 0.06193747334499946
8 0.830822149675299 0.33197013788991414 0.0926117052052021 0.06197383601209037
8 0.23565240479579655 0.48899722330522855 0.0910492052052021 0.061955654678545004
8 0.5374886496047118 0.40965243193032136 0.0879242052052021 0.061919292011454095
8 0.6791455285862593 0.3720422492441405 0.0879242052052021 0.061919292011454005
8 0.9070738365352369 0.31232016187941464 0.09877069994353035 0.060484061346272176
8 0.757005218077033 0.3531553419000955 0.09270271046687384 0.06353633601209037
8 0.6770630289391952 0.004930211290592875 0.09475105787839037 0.00986042258118575
8 0.5924528105092263 0.014805197963092607 0.09740562101845249 0.029610395926185213
8 0.256753131047686 0.5559847286362286 0.07791216837349921 0.05087270401018138
8 0.4143080258142491 0.5228802326145934 0.0926117052052021 0.06197383601209037
8 0.18794221786527154 0.5825841386457736 0.08921368942018656 0.05724997334499946
8 0.3450420863234753 0.5416671426241384 0.09242969468185844 0.058848836012090365
8 0.48839797319753053 0.5063825286044119 0.08939569994353036 0.06037497334499946
8 0.6987215521931954 0.45311952657545873 0.08287268415851479 0.05561474801081765
8 0.6294556127024217 0.47190643658500375 0.07873121572854594 0.06493520401018138
8 0.560970923211648 0.49068425592777604 0.08627069994353036 0.06033861067790856
8 0.7757544890531333 0.4334604598981865 0.08939569994353018 0.06037497334499946
8 0.8512249259130712 0.4138195745544597 0.08939569994353036 0.06037497334499946
8 0.16116615721487096 0.7134528779837735 0.09390118942018652 0.05730451734563573
8 0.51417589206514 0.03623311326386683 0.10097023677523324 0.07143974267981758