8 0.6140625 0.6452111439027137 0.06875 0.04575042069139794
8 0.678125 0.6416064222742437 0.06875 0.04575042069139812
8 0.74296875 0.6364619326990849 0.0671875 0.045704956584775226
8 0.82109375 0.6387351380302189 0.075 0.04905727711788863
8 0.434375 0.6735765216411054 0.078125 0.04446070533113407
8 0.19140625 0.7086943530612784 0.0796875 0.049193669437756785
8 0.38125 0.7618744920159342 0.09375 0.05116534639736088
8 0.8703125 0.7932922573888334 0.0765625 0.03972774122451135
8 0.79140625 0.7988088200043879 0.08125 0.0445516335443795
8 0.94765625 0.7900739806666561 0.078125 0.04446070533113407
8 0.72421875 0.8085726134196127 0.0765625 0.04754024122451135
8 0.559375 0.8240886501709198 0.0828125 0.05709709765100222
8 0.47890625 0.8311222486798517 0.0875 0.05098348997087001
8 0.87421875 0.8637184176553901 0.06875 0.04887542069139812
8 0.95078125 0.8620399088799016 0.0828125 0.05397209765100186
8 0.11484375 0.927560361836767 0.08125 0.0492391335443795
8 0.8046875 0.8757577649106807 0.0765625 0.049102741224511706
8 0.184375 0.9233335145814763 0.0890625 0.05727895407749273
8 0.26015625 0.9192885237526764 0.078125 0.05383570533113406
8 0.73046875 0.8829732198461034 0.078125 0.049148205331134065
8 0.653125 0.8924414965682808 0.0796875 0.06013116943775678
8 0.5671875 0.8993159707040332 0.0921875 0.05893238229073816
8 0.49296875 0.9057501756394559 0.0765625 0.049102741224511345
8 0.334375 0.9191043188172537 0.0765625 0.05066524122451135
8 0.4125 0.9159087741483878 0.0875 0.05254598997087001
8 0.8578125 0.15074104453585194 0.0984375 0.0559892387172289
8 0.1796875 0.20444712226160835 0.0921875 0.05580738229073816
8 0.9296875 0.14814489344049528 0.0703125 0.05204588479802066
8 0.09453125 0.21134432845067225 0.084375 0.04933006175762478
8 0.02421875 0.21867344365265157 0.0484375 0.046721887305303134
8 0.76875 0.16299334045835911 0.0953125 0.05589831050398355
8 0.44609375 0.20985500244077543 0.071875 0.03959134890464335
8 0.29453125 0.22106998409837536 0.0671875 0.04882995658477525
8 0.6765625 0.19468595816762094 0.1015625 0.059205166930474284
8 0.37109375 0.21782897532288675 0.0671875 0.04726745658477531
8 0.5296875 0.21853733214508891 0.0671875 0.04726745658477525
8 0.60078125 0.2127934489964209 0.071875 0.04740384890464329
8 0.7703125 0.03413255456498179 0.096875 0.026256274610606235
8 0.10390625 0.31005461309040827 0.0890625 0.052591454077492904
8 0.03125 0.31887803213245364 0.0625 0.05650606426490725
8 0.19296875 0.3087398171679011 0.0890625 0.052591454077492814
8 0.940625 0.253150642186854 0.06875 0.04887542069139794
8 0.86484375 0.259539383015654 0.0859375 0.06031302586424747
8 0.77734375 0.2663683930447839 0.09375 0.04960284639736088
8 0.30234375 0.3048910546314888 0.071875 0.04740384890464337
8 0.45546875 0.2984090370805116 0.084375 0.04464256175762475
8 0.38125 0.3040619920159342 0.071875 0.042716348904643375
8 0.60546875 0.2926173413162889 0.0765625 0.04441524122451135
8 0.53125 0.3013952962517116 0.075 0.050619777117888634
8 0.59140625 0.044551914356684805 0.1015625 0.057642666930474276
8 0.46328125 0.415042607613625 0.08125 0.04767663354437932
8 0.909375 0.3827101100544004 0.0890625 0.0510289540774929
8 0.3828125 0.4252012061225569 0.084375 0.04464256175762493
8 0.83515625 0.39070681498982307 0.090625 0.055761918184115536
8 0.53671875 0.413273170624891 0.0859375 0.05406302586424747
8 0.6078125 0.408310537476223 0.0828125 0.05397209765100204
8 0.20234375 0.4410438518076372 0.075 0.04905727711788863
8 0.7640625 0.39879444813849113 0.084375 0.049330061757624756
8 0.4671875 0.4979687678801817 0.08125 0.047676633544379496
8 0.07890625 0.5272959373844455 0.08125 0.0492391335443795
8 0.68359375 0.483171796647423 0.0765625 0.05066524122451135
8 0.83671875 0.47122102909644575 0.0765625 0.05379024122451135
8 0.15703125 0.5241003927155795 0.0828125 0.053972097651002214
8 0.54453125 0.4947504911580044 0.0828125 0.06022209765100204
8 0.7671875 0.48013537635173636 0.0890625 0.05259145407749273
8 0.396875 0.507641633082161 0.0765625 0.04441524122451135
8 0.6140625 0.49286739390271367 0.078125 0.056960705331134065
8 0.8546875 0.04361886632260657 0.090625 0.04013691818411551
8 0.925 0.04253975112062723 0.053125 0.03279577962517116
8 0.1875 0.6398306927947217 0.078125 0.039773205331134064
8 0.10703125 0.6476455413036536 0.08125 0.039864133544379496
8 0.36796875 0.08023804710964141 0.0890625 0.05102895407749284
8 0.5515625 0.6449550796378064 0.071875 0.042716348904643375