8 0.775 0.6359375 0.053125 0.01953125
8 0.38828125 0.65 0.0453125 0.02421875
8 0.2828125 0.6859375 0.06015625 0.02421875
8 0.3921875 0.6859375 0.053125 0.02421875
8 0.5015625 0.721875 0.04296875 0.02421875
8 0.284375 0.7234375 0.053125 0.02421875
8 0.33984375 0.72578125 0.0578125 0.0265625
8 0.04609375 0.1109375 0.0578125 0.03828125
8 0.18125 0.1140625 0.06015625 0.040625
8 0.24375 0.11484375 0.0625 0.0359375
8 0.109375 0.11640625 0.06953125 0.0359375
8 0.7125 0.1296875 0.06484375 0.03828125
8 0.77734375 0.13125 0.0578125 0.03828125
8 0.11875 0.16796875 0.08671875 0.0359375
8 0.0484375 0.1671875 0.05078125 0.03828125
8 0.1859375 0.1734375 0.05546875 0.03359375
8 0.6453125 0.18359375 0.0625 0.0359375
8 0.459375 0.1828125 0.08203125 0.03828125
8 0.528125 0.18359375 0.06015625 0.0359375
8 0.5875 0.1859375 0.05078125 0.04296875
8 0.7109375 0.1859375 0.06015625 0.03359375
8 0.7703125 0.18671875 0.05546875 0.0359375
8 0.82734375 0.1859375 0.0578125 0.02890625
8 0.8859375 0.1875 0.05546875 0.03125
8 0.984375 0.19375 0.03125 0.02890625
8 0.465625 0.2734375 0.04296875 0.021875
8 0.928125 0.2796875 0.05078125 0.02421875
8 0.8140625 0.28125 0.05546875 0.03359375
8 0.26875 0.315625 0.05546875 0.02421875
8 0.534375 0.31953125 0.06484375 0.0265625
8 0.4515625 0.31875 0.053125 0.02890625
8 0.89296875 0.325 0.0578125 0.03359375
8 0.8328125 0.3265625 0.06015625 0.03125
8 0.0296875 0.403125 0.053125 0.02890625
8 0.83984375 0.4046875 0.0484375 0.03359375
8 0.9453125 0.403125 0.05078125 0.02890625
8 0.6234375 0.40546875 0.05546875 0.0359375
8 0.784375 0.4046875 0.053125 0.03125
8 0.89296875 0.40625 0.0484375 0.03359375
8 0.1515625 0.40625 0.0625 0.02890625
8 0.0921875 0.40625 0.0625 0.03359375
8 0.725 0.4078125 0.05078125 0.03125
8 0.6734375 0.4078125 0.05078125 0.03125
8 0.6765625 0.446875 0.05078125 0.02890625
8 0.88203125 0.4484375 0.0484375 0.03125
8 0.7765625 0.44921875 0.05078125 0.0265625
8 0.5625 0.4484375 0.06015625 0.02890625
8 0.83203125 0.45 0.0484375 0.02421875
8 0.7265625 0.4484375 0.053125 0.02890625
8 0.9421875 0.4484375 0.053125 0.02890625
8 0.275 0.4515625 0.05546875 0.03359375
8 0.33671875 0.4515625 0.0671875 0.02890625
8 0.5125 0.4515625 0.053125 0.02890625
8 0.4015625 0.4515625 0.053125 0.02890625
8 0.4515625 0.4515625 0.05546875 0.02890625
8 0.0359375 0.45546875 0.06484375 0.0265625
8 0.61875 0.4546875 0.053125 0.03359375
8 0.0953125 0.4546875 0.06484375 0.02421875
8 0.16328125 0.45546875 0.0765625 0.0265625
8 0.771875 0.521875 0.053125 0.03359375
8 0.9796875 0.5234375 0.03828125 0.03359375
8 0.6125 0.525 0.05546875 0.03359375
8 0.5078125 0.5265625 0.053125 0.03359375
8 0.4546875 0.5296875 0.053125 0.03359375
8 0.4 0.53046875 0.053125 0.0265625
8 0.3375 0.53125 0.0625 0.03359375
8 0.15 0.534375 0.053125 0.02421875
8 0.090625 0.5359375 0.06484375 0.03125
8 0.0296875 0.53671875 0.059375 0.0328125
8 0.8140625 0.5578125 0.05078125 0.02421875
8 0.97109375 0.55859375 0.0578125 0.0265625
8 0.71953125 0.5625 0.0484375 0.02421875
8 0.6625 0.5640625 0.05078125 0.02421875
8 0.5578125 0.565625 0.053125 0.02421875
8 0.4515625 0.56640625 0.053125 0.0265625
8 0.509375 0.5671875 0.04296875 0.021875
8 0.609375 0.56640625 0.05078125 0.0265625
8 0.3953125 0.57109375 0.05078125 0.0265625
8 0.340625 0.571875 0.053125 0.01953125
8 0.21640625 0.5734375 0.0578125 0.03125
8 0.1546875 0.5734375 0.05546875 0.021875
8 0.0328125 0.5765625 0.06015625 0.02890625
8 0.09375 0.58046875 0.0625 0.0265625