8 0.824826911286977 0.6961724379466337 0.04640411910658813 0.023701120413308983
8 0.6090368598009629 0.10664282621572777 0.05272689371369381 0.025299981849627385
8 0.7919777923897862 0.1251150493829523 0.04171661910658795 0.023673849336070064
8 0.831894316996892 0.12644574522642205 0.04960189371369381 0.025281801131468117
8 0.8718472289075507 0.1285576910698918 0.049747442927905186 0.028406801131468117
8 0.5691610306029619 0.1732990610904172 0.036810795285270356 0.01895907825883123
8 0.8275921147633618 0.1850804018422803 0.05912244292790527 0.02846134328594587
8 0.5623502584770554 0.21163030806535513 0.058976893713693815 0.025336343285945872
8 0.6556828815125847 0.2189019317001179 0.05428939371369381 0.02530907220870695
8 0.6133862196019259 0.2168036213952676 0.052872442927905536 0.02842498184962743
8 0.6987607934232434 0.22099569682542838 0.040299668320799495 0.02678975897699045
8 0.7434375926374551 0.2238616215916593 0.046331344499482084 0.022138620413308895
8 0.8232706418516669 0.22652301327859875 0.052872442927905536 0.02842498184962743
8 0.9787136590151746 0.2342031821910972 0.042572681969650715 0.026826120413308896
8 0.7873331418516669 0.22673209153742996 0.04015411910658777 0.023664758976990365
8 0.8712907648871961 0.23405825732667043 0.04171661910658777 0.023673849336070064
8 0.9344671610820893 0.29855202850210516 0.05080052067816432 0.01747839149054773
8 0.8578318864749834 0.29743495609700643 0.05272689371369381 0.02529998184962743
8 0.2966567919755014 0.2788188498270494 0.054434942927905364 0.028434072208706952
8 0.06173598242220747 0.26846365368899205 0.04669521753501129 0.029951120413308895
8 0.12995944354707797 0.27353697306902863 0.065590766749223 0.033185204722264314
8 0.1957299927612897 0.2762801779876847 0.062465766749222995 0.033167024004105095
8 0.8506936286171005 0.32873495307194434 0.04320634449948173 0.022120439695149673
8 0.9321619524384183 0.33294975439980423 0.057341619106588124 0.02376475292686626
8 0.6921362659206535 0.3304388745185255 0.05890411910658777 0.023773843285945874
8 0.3018558682780183 0.32333191910889014 0.0465496683207995 0.026826120413308896
8 0.07560158333183026 0.3144892259958949 0.04974744292790543 0.028406801131468117
8 0.13999156906380664 0.3211477712736306 0.06708049214211717 0.03163179508134393
8 0.6163229367226524 0.39730418765204617 0.04171661910658777 0.023673849336070064
8 0.9242831399896401 0.4322412272724412 0.036810795285270356 0.01895907825883114
8 0.8843666153825342 0.4309105314289714 0.040081344499482086 0.022102258976990363
8 0.7406893899896401 0.43330934446429625 0.04447774607105863 0.015879530054229284
8 0.126425682793711 0.41578356040304615 0.07496576674922299 0.03323974687674212
8 0.9019394131490038 0.489417923017715 0.03993579528527036 0.01897725897699054
8 0.8006316242738742 0.4954775463578901 0.03368579528527036 0.018940897540672096
8 0.7616055115774273 0.49648605533488066 0.04306079528527036 0.018995439695149587
8 0.8772904776646964 0.5809923446606879 0.049529119106588124 0.02371930113146803