8 0.11515372122231696 0.8853187873170008 0.08968973477649361 0.1088488360120902
8 0.1274088024080144 0.7929949273154099 0.10216246369925477 0.10430678668045382
8 0.18133882006740767 0.5197296026416376 0.08954428903121973 0.08384883601209037
8 0.13493547697785355 0.7077568613144554 0.09433178298109554 0.10109088001272663
8 0.14877578406125003 0.6115085699793191 0.1021897347764936 0.10899428668045381
8 0.18184788017586628 0.43222960264163757 0.0896897347764936 0.10884883601209036
8 0.19556144311299523 0.22349040197327397 0.09914654800821018 0.123020424013363
8 0.1985460634281083 0.11330687997295578 0.11480790944452864 0.12945223734881747
8 0.21621989763886784 0.031076729988864148 0.10506020472226432 0.062153459977728295
8 0.7849480707547787 0.966581495226005 0.08778180113146802 0.049455654678545
8 0.8131644952264221 0.8162633218889598 0.09756586729005087 0.11987724267981754
8 0.7954815706565828 0.9016195665579595 0.08807269262201593 0.09945565467854464
8 0.826237187848438 0.7176803712205961 0.09131586729005088 0.11980451734563573
8 0.8570609827333902 0.5220224258832327 0.0865556444174139 0.10724997334499946
8 0.8354309015476927 0.6144553738860962 0.06463519262201593 0.0991829346753633
8 0.8998307865953329 0.28716562054427835 0.09283291549465318 0.11201019867918127
8 0.8670086753554059 0.42347583788195997 0.10378859621281222 0.11526246801399935
8 0.9121767713718263 0.17921676054268754 0.11482609016268767 0.13257723734881743
8 0.9433610553348807 0.7272542712046877 0.05227154800821019 0.12247498400699967
8 0.6278905914392341 0.7043644005808676 0.09266019867214012 0.08232269867918127
8 0.6515604164766116 0.5298820212444586 0.10215337334017516 0.10274428668045381
8 0.629930335290914 0.6223149692473221 0.10218973477649378 0.10899428668045381
8 0.6631160608940255 0.4235047519096405 0.11632495764913049 0.12165791868236293
8 0.6873444221339522 0.28729453190645887 0.11019313231716552 0.14189769334818117
8 0.7221971868664794 0.07049738323523178 0.09434087334017516 0.10265338001272668
8 0.6981824490649237 0.16998885323841345 0.10997496369925486 0.10439769334818116
8 0.9193872241491832 0.8197144912078695 0.0600113251355733 0.11006589067472694
8 0.44352818521615933 0.9728978666056847 0.09556703005422928 0.044859061346272
8 0.459684971222317 0.8813098032702303 0.10056360226293641 0.09803860534690827
8 0.46958266686939504 0.7913569652689575 0.10696813836728972 0.12467383068109025
8 0.48189683538910993 0.6888768552673666 0.09434087334017516 0.10265338001272664
8 0.5079331363241864 0.5104609539306395 0.09909200585373235 0.11364542401336308
8 0.5249257144848217 0.40948879992841236 0.09288745764913067 0.12138519867918127
8 0.5311989612633679 0.27114391526100334 0.10854881908544911 0.12781701201463563
8 0.5505807412194013 0.162331989258458 0.11316359621281205 0.11537155601527198
8 0.5668875181503725 0.04858985196531977 0.11309996369925486 0.09717970393063954
8 0.2746883233870574 0.7217546319621382 0.08658291549465283 0.11193747334499946
8 0.3184620910464507 0.4486074859564111 0.09751132513557322 0.11050224267981754
8 0.28228772082953346 0.6240165659611836 0.09751132513557322 0.11050224267981754
8 0.33072171741168793 0.35550237595482026 0.08807269262201593 0.09945565467854492
8 0.3274745184449602 0.24226657928868386 0.10686814441741399 0.10748633068109026
8 0.3445625453759315 0.12488817528645671 0.10068177693097127 0.11835110534690844
8 0.35526421692070864 0.03336538864577369 0.09572156615858277 0.06673077729154737