8 0.9322502103456991 0.07607378341080992 0.13549957930860188 0.08448910580511533
8 0.15978342392359626 0.8147842078972156 0.15746081050398356 0.10071430653075453
8 0.3144709239235962 0.8093824013664609 0.1668358105039836 0.10104168874473984
8 0.47003060213684156 0.8070783129845406 0.16835284639736087 0.0995337524470707
8 0.6122862982967756 0.8044567660724328 0.15116534639736087 0.09893355172143145
8 0.053351567497105526 0.8122445396557136 0.06242109514371963 0.10676092068857264
8 0.9200306021368416 0.7913639667132542 0.14477895407749272 0.09402779691210786
8 0.7730874059769076 0.7941492047323546 0.17005173871722884 0.10427581614940173
8 0.7842247974388459 0.9618996999230311 0.17724446159934004 0.029603198363386696
8 0.6317673871722891 0.9633134109002895 0.14465928213245363 0.036269860614438446
8 0.1378700053437693 0.5723338130693587 0.1525914540774928 0.09430061542376222
8 0.27615125534376933 0.567504925413078 0.15755173871722894 0.10383930653075471
8 0.9390029448397857 0.949111979327126 0.12199411032042846 0.04241073320977691
8 0.0354316639609734 0.43827132631620264 0.04758570533113406 0.0797073473675948
8 0.15544864726792598 0.4239136712367267 0.13793792069139799 0.07349704210278443
8 0.7102498075344827 0.4084498069092729 0.13504024122451136 0.08120041469812271
8 0.2865395228947466 0.41386157024093484 0.15530727711788872 0.0803472428284238
8 0.4232355408414352 0.40830599628698494 0.14473348997087018 0.09246529691210785
8 0.5709372549480579 0.404712226416719 0.14763116943775678 0.08476192431676957
8 0.8569429511079919 0.3970708188901725 0.14763116943775678 0.08476192431676957