8 0.06997778735677165 0.17226081938003662 0.05719542934436313 0.08157725292686627
8 0.06825965133672711 0.024884097921734873 0.056831802673454224 0.04976819584346975
8 0.06798003003658923 0.2691540000981959 0.061846566677272244 0.0784795240041051
8 0.06885273404677057 0.34415400009819586 0.04607611600890869 0.06588862041330898
8 0.06686406739336087 0.44182843081635514 0.05101815467854491 0.08779089149054772
8 0.060042450071587615 0.5270301326117532 0.05094542934436312 0.08154089149054773
8 0.04976911608845048 0.6513170603048504 0.05087270401018135 0.07529089149054773
8 0.04499235144808563 0.8451079669207087 0.04778406667727224 0.07839771077238851
8 0.041494086767949884 0.745902852459328 0.041497704010181345 0.07523634933607007
8 0.03819800612663054 0.9326534187161066 0.05552384134309046 0.07219316256778682
8 0.85055507801559 0.10990313984022777 0.06217383068109043 0.1066045240041051
8 0.8517823180299079 0.21537188984022776 0.06386360001590816 0.1175511143631847
8 0.8485311433799978 0.3388366609174666 0.06693405601527189 0.11288179508134392
8 0.8481777020607699 0.4427520012765463 0.06382723734881743 0.11442611436318476
8 0.8447810767424965 0.553716772353785 0.06671588001272681 0.09413179508134384
8 0.8408941027609502 0.6896860886105637 0.08889996268299924 0.12082156010845857
8 0.8243991354630396 0.950737218099059 0.09009883601209046 0.08958065046753809
8 0.9937340080362711 0.5770492123435224 0.012531983927457802 0.09698408430895533
8 0.987777265336568 0.0840986430616816 0.024445469326864 0.08452044574527387
8 0.9922476840189309 0.32001796234352237 0.01550463196213805 0.09385908430895543
8 0.9905448260264078 0.43643784788214185 0.01891034794718429 0.10638635538619426
8 0.984511907344045 0.20052761895938068 0.030976185311909887 0.09706589754067194
8 0.6192645507638137 0.7120706695998695 0.06675224267981754 0.09725679508134384
8 0.6141599747771768 0.810544531036188 0.06035679201145392 0.08472043364502539
8 0.6122258521244033 0.9129064617543472 0.054306786680453814 0.10187157220870695
8 0.6139161688016757 0.9910269165748072 0.06106476933481808 0.011292024004104917
8 0.49607304610913133 0.801074603146699 0.06678860534690845 0.10038179508134411
8 0.49405710745540343 0.8964052838648584 0.06675224267981754 0.09725679508134419
8 0.49267696813331197 0.9792314194034777 0.06135567067154533 0.03629202400410492
8 0.48776910276095026 0.6917405097625574 0.06206474267981754 0.09722952400410509
8 0.3573323366884081 0.15808819330938695 0.03853633601209037 0.08928066861791084
8 0.35395225067631775 0.0690393288480064 0.04480451734563582 0.0908795300542293
8 0.3505834447008166 0.24953989510478505 0.038445429344363104 0.08146816861791084
8 0.33607024275935937 0.6809035245932803 0.04462270401018138 0.07525453005422929
8 0.3298491567870399 0.8848597715682182 0.04169769867918127 0.09242384933607006
8 0.32169066410722236 0.7880256781840764 0.04602157200827239 0.06120112041330898
8 0.26275727538190685 0.35630804557232326 0.04149770401018138 0.07523634933607007
8 0.25616128270208927 0.25946486182910194 0.04778406667727229 0.07839771077238851
8 0.25204540002386255 0.1743267925472612 0.05083634134309047 0.07216589149054772
8 0.24937383867759041 0.07902338290634078 0.04774770401018138 0.07527271077238853
8 0.24339020472627002 0.4376762202403583 0.04774770401018138 0.07527271077238851