8 0.1238137155129752 0.16230964947960164 0.1040943577564876 0.08336577792830413
8 0.21312187697836443 0.17166471732199748 0.0969369549975256 0.09545634215265535
8 0.4793986521931351 0.2128883401164904 0.07769563206674715 0.08509869629109834
8 0.29749687697836447 0.1760866236990041 0.09340251922187681 0.08748006784239584
8 0.38988909486618883 0.18482421585165945 0.10162445499752551 0.09570200361804462
8 0.5648857728399215 0.20879838364862677 0.10096935775648745 0.08320200361804461
8 0.7615151113745322 0.21442866519497553 0.11708568068726617 0.09339587516934218
8 0.8666153691764483 0.21292479816623375 0.12399077792830404 0.10622342378986113
8 0.9596073733603199 0.22433368893940814 0.08078525327936034 0.09677318068726615
8 0.10639815920208173 0.8111698733603199 0.09463747060135787 0.0813119549975255
8 0.05335836838347883 0.7951454036634732 0.027286196291098342 0.07466580732694635
8 0.2780241757104251 0.8302927668470277 0.11387879353213633 0.09166960085908257
8 0.1939391027796466 0.816536804047586 0.09151247060135784 0.081148180687266
8 0.37119764359824947 0.8390713025772479 0.1119887449116174 0.085337713703953
8 0.5632180472617226 0.8608212290806424 0.10236808344622812 0.0801588907731741
8 0.47041639359824944 0.8442711369279872 0.09513543758467122 0.06108134215265544
8 0.7892416367008446 0.8921442294193268 0.10425813206674697 0.08649077792830404
8 0.6570499344168523 0.8672969583884276 0.10943695499752568 0.09611143939369349
8 0.8948332174335392 0.9000153623905849 0.12555327792830404 0.10630531094499104
8 0.3749102210515837 0.9643618113972465 0.12424308344622811 0.07127637720550695
8 0.3604261606724197 0.648405358999683 0.07629690637700666 0.08814180913596861
8 0.5295037092929388 0.6634991717536962 0.09685506784239592 0.09389384215265544
8 0.8106773026887895 0.9979859571452323 0.06471095318850324 0.0040280857095353895
8 0.4374423620519007 0.6462087731786058 0.10162445499752555 0.09570200361804453
8 0.6295855964480686 0.6703024496820003 0.11477955223856355 0.10885710085908258
8 0.7630531936891065 0.6897628578680293 0.13476450361804454 0.10367163387576941
8 0.9619986688708206 0.7140988738105458 0.0760026622583588 0.09101450361804453
8 0.8755531936891066 0.6956587330373714 0.09882700361804453 0.10178822930778501
8 0.2849879059227214 0.9483024604245924 0.11050813206674714 0.08681832654882307
8 0.06255746946970407 0.48009029172311407 0.07991322930778513 0.09768058344622813
8 0.17160159882291773 0.4943751990046318 0.09068695499752559 0.09512879353213641
8 0.2591425424004826 0.4997421296918979 0.11593261646291486 0.1011264880142125
8 0.3553591231331772 0.5071219397323776 0.09652751922187681 0.08764384215265544
8 0.5285066960639557 0.5255454703742153 0.10614818068726599 0.09282266508343398
8 0.6281348818396044 0.5385578047249545 0.11355124491161739 0.08541960085908258
8 0.7605788896415205 0.5384869629109834 0.12218261646291495 0.10145403663473136
8 0.8657167689947343 0.5525671523046768 0.10844766508343398 0.10696705223856355
8 0.9645039925367682 0.5655352210515838 0.07099201492646365 0.10812011646291494
8 0.29907042231952313 0.31017501865604996 0.10705558344622812 0.08040455223856355
8 0.5640746246035153 0.341982697872978 0.10294129353213641 0.09109639077317437
8 0.39430103516439335 0.31360763511896483 0.10450379353213642 0.09117827792830405
8 0.6564258989137748 0.34993904002563336 0.09151247060135788 0.08114818068726608
8 0.761157664517607 0.3414039229968916 0.10195200361804453 0.10195200361804461
8 0.8740261567156908 0.3543310481662338 0.11248006784239592 0.09471271370395291
8 0.9663763517635939 0.3604349632496676 0.06724729647281222 0.09019563206674715