8 0.7981997303278973 0.9875039182691043 0.08765713025772488 0.02499216346179125
8 0.9395617147240649 0.9847715198088445 0.02343085594746519 0.03045696038231114
8 0.6977084073971188 0.9905765328889811 0.08445024310259512 0.01884693422203796
8 0.6174476973112105 0.9968928584784129 0.07145892017181658 0.006214283043174262
8 0.516956374380432 0.998929555113512 0.09341580732694617 0.0021408897729759957
8 0.8325181716421545 0.18894034395258263 0.12103619629109837 0.07821252471457937
8 0.7202671551338111 0.19454440372468365 0.12736808344622813 0.08002969269935693
8 0.5936670335825136 0.2050442105310351 0.12596935775648746 0.08309102570316255
8 0.4813750734966054 0.21142952030313614 0.12736808344622813 0.08002969269935693
8 0.3673158955228727 0.22165741307904274 0.10713747060135788 0.08076452174882984
8 0.22414574966131573 0.23461371642535309 0.13813516508343388 0.10697419467652329
8 0.001340092718482245 0.2659115014828748 0.00268018543696449 0.09744800296574958
8 0.020892354138442978 0.057922587946721484 0.041784708276885955 0.04084517589344296
8 0.3371790954320157 0.04975323817418296 0.1059910504295413 0.058889521748829846
8 0.8509483463365267 0.046417262925943364 0.09497830732694652 0.027257519771663498
8 0.6028826605608781 0.044138544029132316 0.10360967887824372 0.04320085475263545
8 0.4829419747852294 0.04708051882026136 0.11849105042954129 0.05939885771838497
8 0.7293223298281835 0.051639320720878026 0.10698034034363317 0.048015688745024224
8 0.2111223699694178 0.46817563292725595 0.11182497060135785 0.08095552273741298
8 0.1071784984181203 0.4795986111784261 0.09743492198083885 0.0741325197716634
8 0.02797011250618598 0.485998508402957 0.05594022501237196 0.065747016805914
8 0.12266630031799966 0.6023649491251476 0.11511374491161734 0.08420785672980173
8 0.03896184418882028 0.610885761862998 0.07792368837764056 0.08076452174882984
8 0.23841413105069428 0.6047325568435326 0.11009869629109836 0.0777668557412186
8 0.802165692561512 0.7083442599601938 0.09628850180902226 0.052257519771663395
8 0.8953801040269014 0.7074449462337602 0.10278416327441171 0.05719968775644109
8 0.7075149338550848 0.7217117401885303 0.09003850180902226 0.052002851786885886
8 0.2551844719601542 0.7627824787826427 0.08551477611928178 0.05493685079830275
8 0.0470620706137298 0.7815311842963999 0.0941241412274596 0.05407468775644109
8 0.14207364032294845 0.7847927885547438 0.07153416327441157 0.05592634783255317
8 0.598245075194086 0.8198216349416032 0.08535100180902226 0.05181185079830266
8 0.7015338495043456 0.8208986566904333 0.08888543758467105 0.059751684790691595
8 0.7892385673921699 0.8205577584773192 0.08279921189493056 0.06262201680591409
8 0.8880855031678188 0.8167562792375657 0.08732293758467122 0.05968801779449713
8 0.5123961064017506 0.8445086171471061 0.08732293758467122 0.05968801779449713