8 0.6677621872215506 0.8076721492232286 0.023964758672817867 0.04585801386770818
8 0.08141779658659459 0.5877889810982986 0.024037484006999676 0.05210801386770836
8 0.08627637722791394 0.7743440769379861 0.02232953333863612 0.03957164627652787
8 0.08502241255573237 0.8149872607335762 0.02398294000636334 0.047420513867708444
8 0.08298719788355081 0.8556486283247569 0.02710794000636334 0.047493249050069505
8 0.15219392059200343 0.5463086894951734 0.019149989337999784 0.03481141109416672
8 0.14443377522282325 0.8104802922687151 0.02723520934118149 0.05843074905006951
8 0.19211039592618523 0.5391313159200692 0.024110209341181486 0.05835801386770836
8 0.19255474391314037 0.6351886983288887 0.02405566534054513 0.05367051386770836
8 0.19383598058564008 0.5922017645332984 0.027144302673454225 0.05061824905006951
8 0.1912644165738679 0.678956882124479 0.02543635200509069 0.03808188145888884
8 0.19073715790105 0.724269382124479 0.02240225867281791 0.04582164627652787
8 0.18743888788991417 0.8063551835112499 0.027162484006999676 0.05218074905006951
8 0.18244121053473333 0.967365418693611 0.02708975867281791 0.04593074905006951
8 0.1902008085614594 0.770363132124479 0.02231135200509069 0.03800914627652787
8 0.19155367588323263 0.8554648307377082 0.02234771467218155 0.04113414627652787
8 0.25171846920755125 0.9204527446816664 0.017769302673454224 0.050400043502986235
8 0.25653378588482345 0.8422368257037149 0.024019302673454222 0.05054551386770854
8 0.2811750852960017 0.26838109840513863 0.02718066534054513 0.05374324905006951
8 0.2894437606620002 0.0276288118360067 0.030214758672817865 0.04600348423243058
8 0.2886165099856825 0.09872256183600671 0.03353975334181776 0.0632637194147917
8 0.28628130331000107 0.16516517942718725 0.03350339067472685 0.06013871941479172
8 0.29020935188577796 0.8344236724933332 0.02080339600572696 0.042660278685347205
8 0.2876741505410967 0.9180537900845136 0.022529528007636034 0.05675914627652787
8 0.3030195292409588 0.6732315993550693 0.02254770934118149 0.058321646276527875
8 0.3271961099618199 0.27355825446531223 0.027089758672817866 0.04593074905006951
8 0.3353556973265458 0.042180967896180276 0.027107940006363407 0.047493249050069464
8 0.33692674065086436 0.10853266650940945 0.030451116008908662 0.06631598423243057
8 0.37891950525145834 0.5941422049784025 0.022347714672181596 0.04113414627652787
8 0.39009062587527843 0.9094217128621871 0.019168170671545238 0.036373911094166544
8 0.39212584054746 0.8687603452710067 0.02074885200509069 0.03797277868534721
8 0.40477238590073183 0.7216307721327426 0.017714758672817865 0.04571254350298624
8 0.4339471913192279 0.09377787585621492 0.0336488413430903 0.07263871941479169
8 0.4505014145449147 0.8861465606017358 0.01918635200509069 0.037936411094166546
8 0.4634292232256868 0.7819675536678815 0.019131808004454243 0.03324891109416672
8 0.4677809158975501 0.7435953846899301 0.019240896005727138 0.04262391109416672
8 0.5460775438813237 0.8612718875397217 0.022420440006363406 0.04738414627652787