8 0.977555852602601 0.06604897162146997 0.0448882947947979 0.11503850180902231
8 0.22243685715840122 0.7649245578927731 0.12214655773721601 0.17152087516934209
8 0.23695584151456 0.6105712505658268 0.12407307878390342 0.17785276232447184
8 0.24991232587071882 0.45629983039401034 0.12260158404557524 0.17933337516934209
8 0.2620343523202524 0.3146102973773236 0.11847552616718496 0.16198210085908257
8 0.2159277938771647 0.895349042288941 0.12419490514873237 0.12645403663473154
8 0.29431841837349915 0.0436946890550091 0.10738683674699834 0.0873893781100182
8 0.2817490708913956 0.15528288500742318 0.12590859456891898 0.1826221494796016
8 0.09054794724210717 0.12847248077812315 0.10596011561560634 0.18780761646291486
8 0.08062545762427653 0.28101762663968016 0.10423101564384121 0.15812011646291485
8 0.46294003079357215 0.8040402103130508 0.11387903142885669 0.1632989393936935
8 0.4760708203972854 0.6662159837187993 0.123618052475544 0.17004026232447203
8 0.11225707629424182 0.021059450474969838 0.10263915258848363 0.042118900949939676
8 0.5862549754048435 0.9300118108334493 0.0939767841302798 0.08904256784239592
8 0.6106872860552441 0.7978643741532894 0.09100297355046649 0.1449650192218769
8 0.6616479444700969 0.24664935493141246 0.10037797355046649 0.14545634215265535
8 0.6297873545981524 0.6683472925160835 0.1013790314288567 0.16264384215265543
8 0.6438359020943734 0.532825872344267 0.11195251038216938 0.15696705223856355
8 0.6565116653897274 0.38718914575001534 0.10423101564384112 0.15812011646291485
8 0.6830084630271227 0.10212474898394719 0.10423101564384112 0.15812011646291485