8 0.09665591474474959 0.11983629564616352 0.07843261646291486 0.09787699400955022
8 0.0710616932388806 0.2213268737764646 0.08451884215265534 0.09497024881887361
8 0.05208264190482814 0.30075147894860776 0.06346935775648758 0.08019842068857255
8 0.03172143289277316 0.4022420570789089 0.06344286578554632 0.10083830290255769
8 0.016497023971575233 0.4896428533580446 0.032994047943150466 0.09571429328391083
8 0.918015258367743 0.17537437896430622 0.09076219810012062 0.12482143992586625
8 0.8934922139310956 0.2861853933922765 0.09454229534115868 0.13743056733052797
8 0.8594746607880207 0.4144840081830664 0.09742163387576923 0.13285219473518967
8 0.8319085035065029 0.5238416500156984 0.09429663387576959 0.13274306733052796
8 0.8008897976044661 0.6395584192529922 0.09175148801421225 0.11393850362819702
8 0.7630512036427886 0.7812474114484438 0.1183073439616777 0.1444990228654909
8 0.5280963495043455 0.770736530500403 0.09347776232447202 0.11711806733052796
8 0.4985549344209117 0.8731447678865314 0.08172139077317446 0.10111112141421189
8 0.4765327702419889 0.9511160004633361 0.07038109905006032 0.06328373920022656
8 0.3791808146786365 0.8445609548171726 0.0935596494796016 0.11868056733052797
8 0.35494105325867575 0.9350867510963085 0.08764384215265535 0.09507937622353566
8 0.3969182705806732 0.7293079770496912 0.08870837516934209 0.1153918762235353
8 0.39691154228894093 0.14912196924514293 0.06149077792830422 0.10196429328391084
8 0.41580538444159637 0.05644339592416522 0.0663420522385636 0.10525298439090339
8 0.3669573694035909 0.24452623848243657 0.05951884215265535 0.09409722958157991
8 0.2443188930364819 0.694866033580446 0.06396068068726608 0.08957342068857255
8 0.18803351424909515 0.9058233809480407 0.06297139077317437 0.1004563569862416
8 0.202731179332529 0.8039334987340556 0.06322369629109834 0.07551092068857272
8 0.2494622529406761 0.34376732505025825 0.06239818068726608 0.0895188569862416
8 0.2673668051792397 0.2402058154316114 0.06881195499752568 0.09286211179556506
8 0.2837940665992004 0.14995283766412998 0.06996501922187681 0.08510417549789598
8 0.3053592073723748 0.050942418789655976 0.06873006784239584 0.09129961179556509
8 0.21012975802905873 0.4246825083527025 0.06873006784239584 0.09129961179556503