8 0.16044561283007833 0.7890625 0.03683752678536125 0.0515625
8 0.8242956530081201 0.71171875 0.038509120941162676 0.0578125
8 0.763964304795129 0.90078125 0.03519320616851011 0.046875
8 0.7530989427824202 0.94140625 0.03689207386326192 0.0546875
8 0.7407529013865624 0.97734375 0.03829093262955983 0.0453125
8 0.7643945474882331 0.65234375 0.027271612012708956 0.040625
8 0.6924887252498243 0.92265625 0.0417704886359143 0.065625
8 0.7256320564166868 0.63515625 0.04020798863591431 0.065625
8 0.6965837102322905 0.7328125 0.03856366801906326 0.0609375
8 0.7090661193229001 0.6890625 0.0400716209411625 0.0578125
8 0.6856501643722058 0.77734375 0.036728432629559826 0.0453125
8 0.6723455949731708 0.8234375 0.03368525324641105 0.05
8 0.6505739606393277 0.90703125 0.04007162094116268 0.0578125
8 0.6582461388046607 0.8703125 0.035138659090609536 0.04375
8 0.6309648441623918 0.95625 0.03519320616851011 0.046875
8 0.5499233498444348 0.9890625 0.028506829545304768 0.021875
8 0.5689830414024485 0.9265625 0.038509120941162676 0.0578125
8 0.7167378920477762 0.3390625 0.040126168019063255 0.0609375
8 0.7811897244324548 0.09296875 0.03996252678536116 0.0515625
8 0.7611851416407391 0.16484375 0.04812958279171564 0.071875
8 0.7428112426963993 0.2328125 0.04651253571381488 0.06875
8 0.537238163561427 0.91015625 0.032095479707460586 0.0484375
8 0.5164523307697113 0.98203125 0.03343979139585791 0.0359375
8 0.5729689322291133 0.74296875 0.037055715096963836 0.0640625
8 0.6683958494341024 0.33359375 0.03840002678536116 0.0515625
8 0.7303539273545541 0.09609375 0.03845457386326192 0.0546875
8 0.7088686651796895 0.16328125 0.045031856330665934 0.0734375
8 0.5199860284135095 0.6453125 0.03519320616851011 0.046875
8 0.41369552354554084 0.9609375 0.027271612012708956 0.040625
8 0.42301202232772495 0.91953125 0.03204093262955983 0.0453125
8 0.45459107914485825 0.76640625 0.027435253246410874 0.05
8 0.6142243668839729 0.125 0.049855724025417734 0.08125
8 0.3581137252498242 0.92265625 0.028888659090609538 0.04375
8 0.3771967362068729 0.8140625 0.0272170649348082 0.0375
8 0.3833609614501065 0.77421875 0.028943206168510115 0.046875
8 0.26912909172676 0.8734375 0.03373980032431154 0.053125