51 0.20681229897204817 0.6262892683467643 0.16758804250907655 0.20248971662612103
51 0.07650271646253416 0.6309545633299124 0.10932987353571574 0.19121587334017515
51 0.9368672831175363 0.4039616911680876 0.12626543376492733 0.191434041958086
51 0.7460936803792483 0.4559246878484379 0.16739704152049323 0.19780221662612102
51 0.5186981922422463 0.5135109706331418 0.15971187551288218 0.2008817648307229
51 0.3987822816718426 0.5431217234618122 0.15971187551288207 0.2008817648307229
51 0.15727391950483338 0.4077756176828344 0.14724636760421675 0.1633181323171657
51 0.7694343853987139 0.24245708548730577 0.15276153855474384 0.18365790339440444
51 0.6768794708739774 0.25315421185254305 0.15582287155854946 0.18211358411256368
51 0.8724983769957568 0.2020042814289714 0.16369903855474383 0.1837215359079618
51 0.5684913093149905 0.2780092869881163 0.15269787155854947 0.18209540339440444
51 0.34568782068369697 0.3332245486955812 0.15301620653952136 0.18990790339440444
51 0.23648657562661288 0.3573029190106943 0.15776737353571574 0.19149767447164337
51 0.055679586006736184 0.4075852410230095 0.08576503954332697 0.1879545179539809
51 0.49975194368794007 0.12524790135130098 0.12065469269935694 0.1241101865718917
51 0.3310629520908971 0.16608250049097933 0.1189011917107738 0.11941359621281208
51 0.7961375123572897 0.05648478669352869 0.14227502471457942 0.11296957338705738
51 0.7004894313306504 0.06769954264545704 0.1416038626613009 0.13539908529091407
51 0.6010306007983027 0.0812762293155446 0.1458112015966055 0.1625524586310892
51 0.04443704399195127 0.20838467174116876 0.0785600346004111 0.16448065651766244
51 0.21893036661563353 0.15657621116517198 0.14606586958138304 0.172684041958086
51 0.11357170456235502 0.17906935558258602 0.15113537155854942 0.18208631303532483
51 0.13726243881938632 0.8947261718393648 0.0911528765014653 0.20516928903121973
51 0.2111482663859845 0.8669460846035429 0.1589133794672148 0.21962267447164335
51 0.3084397604544854 0.8382483919815271 0.15403487847863168 0.21490790339440444
51 0.5564833296181266 0.7696018893492484 0.13177787650146514 0.2054056383672897
51 0.7201983197322949 0.7217633112868089 0.14909271049385406 0.20863063231716553
51 0.9745821418245045 0.6483020436274156 0.050835716350990975 0.19886474687674216
51 0.9978286408359214 0.6380094382412214 0.004342718328157247 0.19702953610435364
51 0.8059302312912818 0.6970400463578901 0.1474665434976597 0.207059041958086
51 0.4749295820895846 0.7817978832009284 0.13095020555093823 0.18509313836728988
51 0.3968510030401116 0.8025694463344489 0.11513420456235499 0.1803147347764935