49 0.5001325286044119 0.4850842446844747 0.1197874306969986 0.22957903663473136
49 0.44135532324159515 0.6993238070998037 0.13873742536599848 0.24774918249628844
49 0.3545167525461873 0.8999667797373265 0.1383374360279987 0.20006644052534703
49 0.4508063326305017 0.29019446856519293 0.26686242536599847 0.25446392921692806
49 0.47781536998727336 0.11884841304726897 0.2724942600254533 0.20166647783744707
49 0.38435298726927564 0.4923058452048731 0.1858851453691802 0.27364329715018093
49 0.20949898528009334 0.40340604025277604 0.1591226507001803 0.25506371551297524
49 0.11836162388609614 0.8457772467206397 0.16206583736472582 0.2396024898232348
49 0.12088882924891298 0.6285897467206396 0.18715674403245303 0.2487251843053107
49 0.16017278930618306 0.2085162641334942 0.2526362933640895 0.23966444482076027
49 0.11181546327977518 0.4006318430571666 0.15870448002863502 0.21912621551297523
49 0.1813039966581822 0.0720398535726161 0.2498920066836356 0.13802005766563055
49 0.016858593968819616 0.5588360894391219 0.03371718793763923 0.19892217887824373
49 0.9515704959818645 0.18354491462914865 0.09544086401972648 0.1502257293077851
49 0.8607496658975501 0.8002577018297069 0.1304522106938169 0.20671474672063966
49 0.8710979145846857 0.6499268311829205 0.10052835335772628 0.18484639077317447
49 0.8997603586091845 0.47085016282012637 0.09594994135899881 0.19397572930778506
49 0.9095455332988653 0.30172834859577513 0.14413290268936266 0.17463923111680746
49 0.7729849418762329 0.930982703244274 0.0989294906906352 0.13803459351145192
49 0.7365860072406406 0.7218317294193268 0.10741470003181668 0.23986143939369348
49 0.6961684505490509 0.901139733999683 0.10541584802672617 0.1977205320006341
49 0.8042778726527734 0.1445565784693871 0.22205790802036277 0.161546088873295
49 0.6904120832670485 0.5247619776103045 0.17194991470399829 0.28384381275401327
49 0.6392110205681408 0.7597234758012822 0.1388101507001803 0.25399918249628844
49 0.6018639198759148 0.9283518085701417 0.13637494668999892 0.1432963828597167