15 0.355699351459128 0.37672743781181367 0.15683533175849823 0.11427494120271567
70 0.3606918639881818 0.7250454291053864 0.2533333642426358 0.24254378335537102
23 0.38459318857510383 0.4648925011316537 0.1597420769491748 0.10818871551297526
15 0.39594486162592907 0.5641145731579211 0.19062997840045365 0.14411957146044047
70 0.4103495796899456 0.8885446850982802 0.2874156983633867 0.1913021879233554
23 0.5501933959241653 0.3899290434205947 0.1425545769491748 0.10728795680654786
48 0.6084398832254754 0.6871072585948855 0.2327281983633867 0.1884361374938141
15 0.6107514060909662 0.5762516457500154 0.19391866950744613 0.14897084577069997
70 0.6603867852249085 0.8520461838550848 0.2342014183263199 0.23062363749381412
23 0.7236780251429253 0.334827706356322 0.16579366950744615 0.14749687697836436
15 0.7560788081752172 0.4118914953659026 0.21557541469812272 0.14386726594251656
75 0.8087970364908529 0.599404783470972 0.2786805938242157 0.29845959068231737
75 0.8620881836809625 0.7705118215760415 0.22911710344286257 0.30833920171816515
70 0.08898184937095242 0.7718982541838715 0.17796369874190485 0.213360894391219
70 0.10140123185901465 0.9232593583223145 0.2028024637180293 0.15217108887329472
15 0.133387874957591 0.1552120431934521 0.1517658858421822 0.10309177973732639
15 0.14221474873405565 0.23741038952997898 0.1564533858421822 0.10333744120271574
15 0.1459771218775481 0.44230592944407066 0.1873958509957919 0.14083079715018093
70 0.17785706053746994 0.6012781377209566 0.19931549763774728 0.16952900723608924
16 0.3219940179713493 0.20303431026762234 0.14331846878180682 0.12916295680654793