22 0.6378423174153459 0.44517297489677105 0.07355160580511537 0.1411030348257091
22 0.5980035126986898 0.3315708203287867 0.0661557680561673 0.10796298620519007
70 0.6745338186812904 0.6919594436891066 0.1386309687818068 0.12891729534115867
22 0.6424157447273404 0.5538076684743359 0.0611954495445131 0.09990482473980081
22 0.5430307813030113 0.2312122942095049 0.097480179126093 0.15639384215265534
22 0.8897197536281972 0.13240846053613417 0.11693950725639439 0.17768898801421237
22 0.9106994309401916 0.24190296924256147 0.11552085099579194 0.13706398801421235
70 0.633598827751783 0.9042646918800843 0.1288740228654909 0.11748847241038014
22 0.5703894665043721 0.6350333350281078 0.09013890507947586 0.12481629353213641
53 0.4372842343909033 0.0837430727036359 0.16519346878180668 0.13030937697836445
70 0.5769718271188108 0.7788652221832375 0.13000001324684404 0.10507035956550972
70 0.5390055464487717 0.6965540111928181 0.1416468413771451 0.1259560696514182
22 0.4929316106992568 0.4937255823145743 0.09290180653075471 0.15927318068726617
22 0.45622524046617113 0.3358378392119793 0.09997026206571746 0.18303822930778518
22 0.9252654171451935 0.34638242932846974 0.12138890507947586 0.12645403663473137
22 0.42929075135076233 0.591766934643995 0.08561509618646852 0.12925813206674713
22 0.3748983733131285 0.46336529567984286 0.09068454210278451 0.14044129353213636
22 0.35103923266162285 0.3607382626631562 0.10943454210278443 0.1414239393936934
22 0.9334623522617364 0.4247940343714238 0.12424108656782167 0.11880531094499087
22 0.2888889183263198 0.2334896879233553 0.12168157095872498 0.17949714947960163
53 0.1802728317584982 0.11550324852966196 0.12117065027015243 0.1202040366347314
22 0.9485466936388814 0.5441172444573321 0.09675100362819719 0.09085072930778519
22 0.9511657513507623 0.6191172444573321 0.08855655771188112 0.07950379353213641
53 0.029930580577371847 0.18716580732694627 0.05080358656782162 0.11495661465389255
53 0.720295141832632 0.05958403493725073 0.10934028366526398 0.049400213703952874
22 0.7775273215916971 0.33630034316870816 0.09337303248413775 0.12810506784239592
22 0.8131721888295578 0.5307840055386086 0.06528274881887378 0.08296298620519008
22 0.7893676118803832 0.42971947252192183 0.05376489546082901 0.11043288896415202
22 0.8285367832019277 0.6134703527796466 0.05990576805616747 0.10763543758467105
30 0.8325794755748648 0.8632246913142574 0.06651786660488845 0.07366987336031983
30 0.7940650686812903 0.6982238110565325 0.06969743030721923 0.07539614767057934
30 0.8146355182258034 0.7959995697629598 0.07158731252120454 0.08485303482570909
30 0.8398215459006174 0.9142925463572116 0.06769842068857272 0.0628142605154494
30 0.8499430795658816 0.958492925710425 0.0582688569862416 0.06076043758467122
53 0.5819146881117676 0.07182732813070283 0.11382937622353531 0.08862648801421238