45 0.4002415077106377 0.06091633674484233 0.2346398271096728 0.10604196350286303
45 0.41439155681713336 0.15552030961747926 0.23447618587597074 0.09666696350286301
45 0.42985468993316045 0.28059757766965604 0.2645727889602259 0.12027718032537571
45 0.4534536513766764 0.468997002337691 0.27046823295387146 0.10000104176169415
45 0.462109451293951 0.6963680234149299 0.2938511858759707 0.09701239714788841
45 0.468080987414803 0.590944725210328 0.2705773271096728 0.10625104176169416
45 0.49238906087102785 0.8199691498783629 0.29708528003177215 0.10328057786604754
45 0.5077021895228281 0.9364526679305399 0.2849398360381265 0.12352035499341056
45 0.6476113855516592 0.04595090865896174 0.2045977711033183 0.0855567466803503
45 0.6606256286518003 0.12023783635205887 0.19727619480442443 0.11363629488495222
45 0.6933950385531887 0.2969730531745716 0.20347164772652385 0.1105476563212707
45 0.707842916797952 0.5876525953290492 0.18137845941492117 0.09792039129415606
45 0.7051331538123085 0.3876571405085891 0.21887845941492118 0.09813855991206691
45 0.7262053587630026 0.4760520199970843 0.2061602711033185 0.08556583703942984
45 0.7600969379012703 0.6723230319991369 0.24108074188232537 0.11701582493918146
45 0.7862930194751699 0.7857451825648709 0.16580800649282174 0.10095448770335977
45 0.8034004732080483 0.9140456214839585 0.24677736282348767 0.17190875703208305
45 0.8518585547885383 0.06666845051885184 0.15684210957707673 0.12433744554888215
45 0.8684887215897857 0.16909855893010822 0.1506193831160271 0.12586358411256365
45 0.9098285620921391 0.2997945679070987 0.17216710064862326 0.10724084913967831
45 0.9371485872526473 0.567113878113753 0.1256193831160271 0.1257181383672897
45 0.9260606010540127 0.42568035703651425 0.14787879789197475 0.15089085518980258
45 0.944989653406919 0.695288875088691 0.11002069318616207 0.11160109621281222
45 0.11030189488385471 0.3670107588787946 0.20996710957707684 0.12464651775758914
45 0.13571850080748363 0.6147897287263694 0.25086484496658024 0.1405078670936593