52 0.5366618295658816 0.9400395810713789 0.1041468413771451 0.1199208378572422
52 0.5783507886442234 0.7290289964934971 0.10436509618646853 0.13024077792830405
52 0.5546628067003907 0.8322834712787264 0.11094247840045365 0.13994332654882308
52 0.7118502139724834 0.1527198812737776 0.12582343393541642 0.16411781094499087
52 0.6782887242241024 0.28586989597309864 0.11935517912609299 0.15754026232447185
52 0.6444271341129018 0.4104261606724197 0.12818454210278443 0.14240658525525038
52 0.4537774076961826 0.9455592407277458 0.1122867235911301 0.10888151854450853
52 0.465074517044677 0.8572215162812007 0.11735616950744614 0.1449583751693421
52 0.4879266852861788 0.7523635979184065 0.11913692431676956 0.15129026232447185
52 0.5419420295737307 0.5126703341235966 0.13843256134007814 0.16789790818602893
52 0.5143031576113646 0.6367728974434368 0.127167679126093 0.15794969810012063
52 0.58798118275429 0.26788013455313797 0.14506450725639403 0.17916295680654795
52 0.6203794765863551 0.12375167627625201 0.1324553798517325 0.1753828595655099
52 0.3651414936310321 0.942444206806548 0.11324902286549073 0.11511158638690411
52 0.37458592630050414 0.8563783112836753 0.12565974282842385 0.15943031094499097
52 0.399000594542006 0.7516022800760107 0.1304018065307547 0.16123847241038014
52 0.4200447261230189 0.6396312245580867 0.13525299763774737 0.16617163387576941
52 0.44059778438305414 0.5135976690401628 0.13983137023308564 0.1632922953411587
52 0.9446577686891395 0.5951850995002863 0.11068446262172102 0.1894453595655099
52 0.4631399285779388 0.3775306942549334 0.14484625244707067 0.17291295680654795
52 0.4917683816658309 0.2371037680902231 0.1496428798517325 0.17628361827193711
52 0.5190253077118812 0.102063704770383 0.14742561542376223 0.1574517311168074
52 0.8411533119730503 0.327157716529028 0.1831101442797028 0.19675324852966192
52 0.8691914880191005 0.1921585967867528 0.16650299763774717 0.16780937697836446
52 0.7971999592479779 0.47535952114244073 0.16872026206571747 0.18664126413349424
52 0.6987501125981733 0.8718073959730986 0.14413692431676955 0.15260045680654777
52 0.724799202709374 0.7468416954981288 0.1546031983633867 0.1843417797373263