49 0.45813016678091445 0.5120552032659725 0.10275094301173801 0.20370818787965278
49 0.4534891751486575 0.7200131736306948 0.11927670171816533 0.22125936379145833
49 0.47405290140422485 0.9179187710859029 0.12167136137453234 0.16416245782819416
49 0.5541873744919735 0.3508105383720838 0.24049660447712712 0.21159603590354187
49 0.5842820675037116 0.14970263326184077 0.2544705732694627 0.24001197663298632
49 0.5585905122129302 0.5503747804882991 0.16384557326946272 0.23790265634451407
49 0.7362551667809145 0.5185286344961118 0.1398348631835546 0.22641964247680554
49 0.6991757321369196 0.9180843848773614 0.14066702283992144 0.16383123024527713
49 0.7548502792871006 0.7458003025241327 0.16582415309764614 0.21610039152687505
49 0.8314901809144087 0.35804703580663266 0.22882212008095948 0.19727896276527793
49 0.823349053031533 0.5432396533978132 0.14099457146044045 0.18899237765916688
49 0.8711269702626737 0.16889427003906324 0.2538154760284249 0.22751197663298633
49 0.9072692723896957 0.7180597750730563 0.10982645861557003 0.18982752583555573
49 0.9357229002725711 0.533339936167223 0.08613665309764613 0.21424564437666688
49 0.8896779014042249 0.9229374986688198 0.09042136137453198 0.15412500266236046
49 0.12518370646786364 0.08895601006798622 0.1308825870642727 0.17471167211208344
49 0.05763327905995789 0.6943695554708335 0.11526655811991578 0.18059799620027786
49 0.08733630992893808 0.5573968855429514 0.08812187697836445 0.1627922471502085
49 0.11028356626051616 0.38819294386357645 0.0793200870642727 0.17351154160312507
49 0.1473375881959265 0.23339699430041677 0.12965427973732643 0.15127417211208344
49 0.09357086329915547 0.8563435318194793 0.0864774898232347 0.16119337955902785
49 0.18686491915576373 0.6582710141520488 0.09090604025277597 0.21591724715020852
49 0.1745685577812315 0.8331982789696877 0.09222952283992147 0.1816149823325695
49 0.28447681931273394 0.09422800436840302 0.21229636137453217 0.1797277868534724
49 0.27987901402195253 0.4953911140757989 0.15052005766563054 0.251637848023889
49 0.2626185136832683 0.7202638275066668 0.12116675033868426 0.227545731382639
49 0.24181361149013317 0.9082905043684031 0.11854636137453226 0.17754573138263902