49 0.29948650214770656 0.26514030054136073 0.1414925384437537 0.1694894490629279
49 0.3430428296010408 0.3945406440357277 0.14067366689245625 0.1538644490629279
49 0.3943707134768103 0.5229324169969812 0.14420810266810494 0.16176787727617317
49 0.44627180743848793 0.6622616899582349 0.14955069990914288 0.17440426959604133
49 0.4972278770899061 0.7984886949727998 0.14749687697836436 0.1649838054894186
49 0.3537977866347314 0.10707173627645346 0.1396024898232347 0.1631939849563052
49 0.414418783355371 0.23362822459797092 0.14881371551297523 0.1603417695960413
49 0.4570300864984458 0.3599263001456493 0.1515292797373265 0.15262019780928665
49 0.547431515715374 0.6217610589211379 0.14116498982323478 0.16323944906292792
49 0.5102070754171694 0.49374135900028016 0.13450555404758582 0.1552450926364372
49 0.6028327459276701 0.7382976895625234 0.1339323439616777 0.14430759263643722
49 0.6460648467867528 0.8465815510035792 0.14223616689245625 0.15390991316955072
49 0.07333119515944457 0.4735906126946968 0.1053912641334942 0.16531877461060626
49 0.05012831128367516 0.344380485814235 0.07225121551297517 0.15811402837152996
49 0.4715241971956095 0.08408521417312968 0.13738489258219672 0.15064852084968253
49 0.5630786906368888 0.3380620088419956 0.14067366689245625 0.1538644490629279
49 0.5286926452957301 0.20448263070789255 0.1558006999091429 0.174586126022532
49 0.6105445901164904 0.4524822100164945 0.13664126413349428 0.1662280567430599
49 0.6627765547249546 0.5831950009244368 0.14626192559888337 0.17118834138279587
49 0.7473916514001656 0.7943394379131709 0.1498030054270668 0.14944973370266404
49 0.7163286798942966 0.694308345672445 0.15416295680654796 0.143336126022532
49 0.1057043611473896 0.5986217049354227 0.15415631275401323 0.17297816191590928
49 0.6711058746035152 0.29423178932509664 0.12167800542706697 0.14863137978345575
49 0.6346217407277458 0.16540810735092754 0.1323698439616777 0.14426212852981446
49 0.7756550130018404 0.5423533890876697 0.1229948439616777 0.1439893438900784
49 0.7390071048158116 0.4104047071135007 0.12496677973732648 0.1518473079967011
49 0.8329462918346557 0.6650945556224326 0.1399300384437537 0.1694439849563052
49 0.19939456467457717 0.863490535497666 0.1610614099950512 0.18566001834239998
49 0.6881860747398008 0.04881060688870914 0.1388721494796016 0.09762121377741828
49 0.7701265507682256 0.25770560444793367 0.13821040818602892 0.1366314849563052
49 0.7358633361597615 0.12646997631383058 0.12957239258219672 0.1504212003165691
49 0.8657134469684669 0.4990460067969316 0.12529432835784532 0.1580973079967011
49 0.8259814823600028 0.36796950303600784 0.14001192559888348 0.1710064849563052
49 0.14988929387082062 0.3070503188837607 0.1622963613745322 0.1794554824490227
49 0.1066638370642727 0.16903349333608242 0.14634381275401323 0.17275084138279598
49 0.20084536352223878 0.44327732389832575 0.14585248982323468 0.16337584138279587
49 0.26319263455313796 0.5729133481132205 0.16163462008095947 0.19659751834239997
49 0.31394066429046436 0.7201005851810967 0.16682008706427265 0.17646687476889084
49 0.36637734678675277 0.854719626089039 0.16213258706427264 0.1763304824490227
49 0.41179274536184324 0.9449438093168492 0.15935506784239592 0.09356344655564541
49 0.24351206184950205 0.13766616989997515 0.1382037641334942 0.16627352084968253