32 0.7546875 0.359375 0.17265625 0.12421875
32 0.19296875 0.40390625 0.3296875 0.1734375
32 0.8640625 0.440625 0.109375 0.075
32 0.91796875 0.453125 0.1203125 0.09140625
32 0.621875 0.4859375 0.15390625 0.11953125
32 0.9515625 0.5171875 0.09453125 0.09296875
32 0.74296875 0.52421875 0.1359375 0.1140625
32 0.45859375 0.5390625 0.1890625 0.13125
32 0.8046875 0.546875 0.13984375 0.11015625
32 0.165625 0.56328125 0.24921875 0.1421875
32 0.85390625 0.609375 0.1359375 0.128125
32 0.175 0.6171875 0.24296875 0.13125
32 0.234375 0.7015625 0.31015625 0.21953125
32 0.31875 0.865625 0.228125 0.18984375
32 0.353125 0.91875 0.22109375 0.16171875
32 0.8375 0.12734375 0.14375 0.0703125
32 0.7109375 0.16171875 0.17578125 0.1046875
32 0.3640625 0.165625 0.28046875 0.11796875
32 0.096875 0.22109375 0.19375 0.1203125
32 0.359375 0.2390625 0.26953125 0.12265625
32 0.10703125 0.29296875 0.2140625 0.1296875
32 0.8625 0.303125 0.10703125 0.08125
32 0.4515625 0.30859375 0.25234375 0.1421875