51 0.790625 0.421875 0.109375 0.16171875
51 0.9390625 0.446875 0.11953125 0.16640625
51 0.0671875 0.4484375 0.12421875 0.153125
51 0.271875 0.44921875 0.109375 0.1578125
51 0.48671875 0.45 0.1015625 0.16171875
51 0.6 0.4515625 0.103125 0.16171875
51 0.778125 0.6234375 0.1 0.12578125
51 0.196875 0.63046875 0.09921875 0.1453125
51 0.28125 0.64140625 0.103125 0.1453125
51 0.0953125 0.6421875 0.11015625 0.14375
51 0.3828125 0.64453125 0.09921875 0.1453125
51 0.5921875 0.646875 0.09765625 0.15234375
51 0.69609375 0.65 0.1015625 0.15390625
51 0.90703125 0.653125 0.1171875 0.15390625
51 0.4046875 0.79375 0.084375 0.09375
51 0.56328125 0.7953125 0.0828125 0.09140625
51 0.11953125 0.8109375 0.0953125 0.13359375
51 0.209375 0.8125 0.09296875 0.13515625
51 0.30234375 0.8140625 0.0953125 0.13828125
51 0.840625 0.8265625 0.06171875 0.1375
51 0.659375 0.8296875 0.09765625 0.13671875
51 0.7578125 0.83359375 0.09765625 0.1453125
51 0.9515625 0.203125 0.09453125 0.184375
51 0.8484375 0.21015625 0.09453125 0.1828125
51 0.75546875 0.2140625 0.0921875 0.17734375
51 0.51875 0.21796875 0.07265625 0.1734375
51 0.3625 0.221875 0.08828125 0.17265625
51 0.090625 0.221875 0.05703125 0.171875
51 0.0390625 0.221875 0.075 0.17265625
51 0.28125 0.225 0.0875 0.171875
51 0.59375 0.225 0.07578125 0.15390625
51 0.66875 0.225 0.06171875 0.15390625