71 0.2609375 0.5515625 0.12421875 0.203125
71 0.57421875 0.5546875 0.1234375 0.159375
71 0.3640625 0.5671875 0.13359375 0.190625
71 0.796875 0.58359375 0.13671875 0.2046875
71 0.93046875 0.5953125 0.1390625 0.2
71 0.1765625 0.728125 0.10546875 0.14921875
71 0.26640625 0.7421875 0.0859375 0.11875
71 0.3390625 0.7484375 0.1 0.13359375
71 0.428125 0.75859375 0.08671875 0.1359375
71 0.5203125 0.765625 0.11015625 0.15
71 0.7984375 0.7875 0.09296875 0.15234375
71 0.7015625 0.7953125 0.10234375 0.13125
71 0.8171875 0.2453125 0.175 0.27734375
71 0.525 0.25625 0.14765625 0.26328125
71 0.4171875 0.259375 0.14765625 0.27578125
71 0.640625 0.2796875 0.15703125 0.30390625
71 0.0875 0.2890625 0.175 0.24375
71 0.2703125 0.2921875 0.165625 0.259375