45 0.6716921510567133 0.3 0.11526242739850953 0.20625
45 0.5396264803956992 0.97734375 0.172138620413309 0.0453125
45 0.5392952031701401 0.9 0.16655221662612102 0.159375
45 0.6284380965073997 0.08046875 0.08805451190385653 0.0953125
45 0.558622961852543 0.66640625 0.1539158612399268 0.1359375
45 0.5423207301011115 0.7828125 0.15560562626704133 0.1578125
45 0.5638195219610017 0.57890625 0.14456813231716553 0.140625
45 0.5940716659856322 0.21328125 0.11944995764913066 0.1203125
45 0.6000131146577723 0.13203125 0.11338176483072289 0.1515625
45 0.9194609887835143 0.54921875 0.1558601563212708 0.2015625
45 0.9145649314055302 0.45078125 0.16688855991206708 0.2171875
45 0.9111131993595112 0.37265625 0.17464651775758924 0.2078125
45 0.8998580576725719 0.29296875 0.19817492134838516 0.2234375
45 0.9025836027539157 0.22734375 0.19345105991206707 0.2171875
45 0.9044960815784808 0.1671875 0.19020788524403187 0.196875
45 0.7234172357584523 0.540625 0.14128859621281223 0.1140625
45 0.6703724863476275 0.9296875 0.14613063231716553 0.140625
45 0.6726531247149172 0.80625 0.13046018052176755 0.1328125
45 0.6764189950300302 0.69609375 0.11941359621281222 0.1140625
45 0.6808979376520462 0.59765625 0.11627041549465282 0.1109375
45 0.6992580939733168 0.39609375 0.16205561416679296 0.1921875