18 0.440625 0.48359375 0.21875 0.1796875
18 0.225 0.490625 0.22109375 0.175
18 0.6515625 0.5015625 0.18046875 0.20234375
18 0.83125 0.50625 0.22890625 0.190625
18 0.18125 0.75 0.24140625 0.19921875
18 0.4109375 0.75625 0.18515625 0.21796875
18 0.6125 0.76875 0.21640625 0.221875
18 0.3609375 0.896875 0.20625 0.20625
18 0.74375 0.91015625 0.20703125 0.1796875
18 0.540625 0.915625 0.20703125 0.16640625
18 0.19375 0.91875 0.16640625 0.15625
18 0.371875 0.10546875 0.215625 0.2109375
18 0.56328125 0.1125 0.2109375 0.225
18 0.1875 0.1171875 0.196875 0.18203125
18 0.7734375 0.12578125 0.20390625 0.1859375