45 0.6050570794371816 0.7244564984171543 0.11211924668035031 0.2063529515702104
45 0.6161744458434697 0.03134496790079988 0.1723204275949012 0.06268993580159976
45 0.5968835694782324 0.11542247921682447 0.1633999455488823 0.15941576708875882
45 0.519486697218212 0.9323803101747792 0.08647383118569749 0.0946880258642473
45 0.5689711511549091 0.34822661902941004 0.15078177088084707 0.13873955423577744
45 0.5766796329063408 0.23161578054960796 0.1524624455488821 0.15909751834240007
45 0.5567524314055303 0.43450509982908014 0.142996541958086 0.14319973370266403
45 0.5124605132785988 0.7974513807078926 0.11630677693097127 0.12055184389007838
45 0.5018406549655383 0.87743439740094 0.11023858411256367 0.15161998746358768
45 0.9093183743221338 0.5203239617323542 0.1761635659621909 0.2050919799417404
45 0.8923394317001179 0.6192388348518924 0.2028169695529872 0.22148986975432586
45 0.876282639643836 0.6939122259181192 0.21995901775758925 0.21417747492717537
45 0.8492747120489348 0.7712476157307048 0.24191583098930564 0.2288764724198927
45 0.8317145073266705 0.8358102209035543 0.21687037919390767 0.22033654671392994
45 0.8103298658361228 0.8864239863429605 0.19479539129415607 0.18532504922121226
45 0.704013250785567 0.4981774917532368 0.13970791549465283 0.1149838054894186
45 0.7320898164531704 0.10289608399396255 0.14147949375348415 0.15096676959604133
45 0.7087063377268009 0.22855531353999145 0.12732609016268803 0.1349325926364372
45 0.6901012625912277 0.33845315076615223 0.11471700585373253 0.11581887978345566
45 0.6747030006873711 0.4341975597790677 0.1146988251355733 0.1126938797834558
45 0.65322693472518 0.6347885931651626 0.15891243344863373 0.19365437476889086