83 0.915625 0.3546875 0.065625 0.05390625
83 0.7546875 0.3640625 0.06953125 0.05546875
83 0.65 0.36875 0.06328125 0.04453125
83 0.4546875 0.37265625 0.09765625 0.0640625
83 0.553125 0.39453125 0.07890625 0.0453125
83 0.1640625 0.39921875 0.10625 0.0453125
83 0.45 0.4046875 0.075 0.05
83 0.37265625 0.40625 0.0796875 0.04765625
83 0.08359375 0.409375 0.0953125 0.040625
83 0.721875 0.4515625 0.12109375 0.1
83 0.50703125 0.478125 0.1609375 0.08828125
83 0.903125 0.4921875 0.12890625 0.078125
83 0.37265625 0.5015625 0.1546875 0.08671875
83 0.715625 0.515625 0.13515625 0.08046875
83 0.2390625 0.52578125 0.1625 0.0734375
83 0.6015625 0.525 0.140625 0.08046875
83 0.10625 0.5484375 0.15546875 0.08671875
83 0.2515625 0.5828125 0.16875 0.08671875
83 0.6375 0.646875 0.08515625 0.109375
83 0.83515625 0.653125 0.0890625 0.11328125
83 0.56953125 0.6578125 0.0796875 0.10625
83 0.73046875 0.6734375 0.0890625 0.11328125
83 0.34296875 0.703125 0.1078125 0.09609375
83 0.65859375 0.75546875 0.0890625 0.0921875
83 0.2703125 0.7640625 0.08984375 0.11796875
83 0.346875 0.78203125 0.08828125 0.1109375
83 0.51640625 0.7875 0.1046875 0.11484375
83 0.4328125 0.803125 0.09296875 0.115625
83 0.1328125 0.85 0.10390625 0.11640625
83 0.91328125 0.12109375 0.0765625 0.0578125
83 0.8921875 0.16015625 0.08125 0.0640625
83 0.465625 0.1734375 0.08984375 0.05
83 0.6046875 0.175 0.09140625 0.05078125
83 0.0875 0.2015625 0.08984375 0.05703125
83 0.890625 0.20234375 0.08515625 0.0515625
83 0.7203125 0.20390625 0.06953125 0.0578125
83 0.66875 0.2078125 0.06640625 0.059375
83 0.39140625 0.2140625 0.0703125 0.05
83 0.5984375 0.215625 0.09765625 0.04765625
83 0.471875 0.2171875 0.090625 0.05703125
83 0.325 0.221875 0.06328125 0.04609375
83 0.25390625 0.225 0.0828125 0.05546875
83 0.1765625 0.225 0.075 0.05078125
83 0.109375 0.24375 0.09609375 0.04609375
83 0.5421875 0.2578125 0.09609375 0.05625
83 0.40625 0.2609375 0.07578125 0.059375
83 0.4703125 0.2625 0.06640625 0.05546875
83 0.103125 0.2828125 0.08828125 0.05234375