49 0.4223805552267212 0.9413639707823022 0.1592051669304743 0.10428985389503395
49 0.4738186862638182 0.8373934910748415 0.2095066953020041 0.16919783360249455
49 0.5414561303121811 0.659740049516828 0.14189329796757127 0.20706029788867966
49 0.5955301456850803 0.17624135146269732 0.24331470862983942 0.35248270292539463
49 0.5830228193459792 0.4388138948904453 0.17579693652651543 0.24513304220663668
49 0.6338014400247418 0.8673968165629565 0.10814277210332382 0.1205773271096728
49 0.67428535068701 0.7105195251670986 0.11970004922121244 0.1957409683433749
49 0.7196336399455996 0.8963518851512127 0.0958246285298145 0.12660913879807012
49 0.7752785155059131 0.4331154995995535 0.21306961599340218 0.23797510714144482
49 0.8165162470970062 0.1161501420510715 0.2024838054894186 0.1425262394466932
49 0.8049756903539462 0.24441150974582318 0.21396687476889084 0.16146715421934557
49 0.8466735130651377 0.8777364784962352 0.12654108260730723 0.21616256249917604
49 0.8962345585254266 0.6504239561751007 0.16752979546028895 0.229371674511885
49 0.956430541765872 0.1917932500065906 0.08532035220334855 0.35599662986961633
49 0.12306016831712951 0.8427351505691929 0.14291022868809905 0.18833757142762977
49 0.24296508683044943 0.13286131858825614 0.15469482633910117 0.2657226371765123
49 0.27302437905853993 0.6534935982162864 0.147035439033798 0.22276711850553071
49 0.29926158478538534 0.42268392897940715 0.15401286473976095 0.24787621266133192
49 0.33422057264468447 0.16397890503341975 0.13155885471063106 0.3279578100668395