70 0.5443821580887962 0.9766002631173176 0.06132838544042354 0.04679947376536475
70 0.503744043431024 0.8543173572612744 0.08209540339440444 0.14862318380210837
70 0.486624200243274 0.9742664654367699 0.05968407220870695 0.05146706912646017
70 0.46625767896964343 0.850445599352609 0.08048745159900647 0.1407470168059141
70 0.4048843626146688 0.7885557530029306 0.11475336729005096 0.12339769072219049
70 0.37708661554153505 0.7311597470714315 0.1384817587805987 0.17435269566510653
70 0.33285989257070225 0.6770014876798914 0.16052038524403187 0.20336903361182798
70 0.2922263230924698 0.5425018122807399 0.1778169695529872 0.2228193705699663
70 0.2388927657144857 0.4418678009120335 0.21079309601642038 0.2522813774900484
70 0.11279946096878027 0.2991471072240934 0.22559892193756054 0.26704421444818677
70 0.07881989158874363 0.16649643330781677 0.15763978317748725 0.27361786661563353