48 0.5462733008713508 0.5732553318885975 0.17384853060296201 0.1842766083532208
48 0.5519734148061429 0.09348128753208593 0.22799237510244375 0.18696257506417185
48 0.531284117453958 0.2925340248165028 0.22439649420903188 0.23184512117350256
48 0.5227821811455904 0.8432960041383385 0.22934085938667828 0.27105317038771437
48 0.3829664338316775 0.41403665136668877 0.17068929735218497 0.2168707845319034
48 0.37323390715765703 0.6062605386702418 0.22068929735218487 0.21919957195929082
48 0.3690966406133218 0.2431804958661708 0.18344185442427943 0.18940075599585607
48 0.3486918637344136 0.8319155101341945 0.23071926881613755 0.23369871960192584
48 0.8801023755212378 0.8539379818075442 0.16469185442427942 0.1885274607105857
48 0.8825532491759397 0.6004683794501793 0.18991879445670073 0.32846325599585596
48 0.8887691317219815 0.2828998897892615 0.20547101984959476 0.32762850206691463
48 0.8898009005381192 0.0829322005809005 0.19852319892376152 0.165864401161801