52 0.16328125 0.36171875 0.0953125 0.0703125
52 0.365625 0.36875 0.1 0.06875
52 0.26640625 0.36875 0.1078125 0.07109375
52 0.91875 0.37109375 0.128125 0.0796875
52 0.790625 0.3734375 0.12421875 0.075
52 0.66953125 0.3765625 0.1046875 0.08828125
52 0.121875 0.4296875 0.11171875 0.07578125
52 0.21875 0.44140625 0.11171875 0.0765625
52 0.31875 0.44296875 0.11796875 0.0765625
52 0.54921875 0.4453125 0.1296875 0.090625
52 0.4296875 0.44375 0.121875 0.08203125
52 0.090625 0.0453125 0.12265625 0.090625
52 0.78125 0.45546875 0.13671875 0.0953125
52 0.9234375 0.4578125 0.14765625 0.08359375
52 0.09765625 0.5109375 0.1140625 0.08203125
52 0.19375 0.5203125 0.12265625 0.08125
52 0.29375 0.521875 0.12265625 0.08671875
52 0.4015625 0.525 0.12734375 0.08828125
52 0.51875 0.53359375 0.12265625 0.0953125
52 0.59375 0.05390625 0.146875 0.1078125
52 0.646875 0.5421875 0.13125 0.09609375
52 0.78046875 0.546875 0.1328125 0.09921875
52 0.92578125 0.553125 0.1484375 0.09921875
52 0.08046875 0.21328125 0.1015625 0.0921875
52 0.8 0.221875 0.14296875 0.12890625
52 0.934375 0.2265625 0.13046875 0.12109375
52 0.6546875 0.2296875 0.1375 0.11640625
52 0.271875 0.234375 0.11015625 0.103125
52 0.390625 0.2375 0.140625 0.10234375