26 0.47423167431665564 0.21508807172024763 0.29849327377853635 0.311399467405328
26 0.5309869042576637 0.4453355128656167 0.27363882299274794 0.313797041699365
26 0.561888109591566 0.6732702962517115 0.25543247849326606 0.2914219365265156
26 0.6722282185684686 0.1443904414745735 0.1261773180303493 0.2299268438900784
26 0.7438914727022977 0.527208953153056 0.12581344499482014 0.2221143438900784
26 0.7805867597154006 0.728785825018953 0.11836481803034929 0.22969952335696497
26 0.8174083252645504 0.9040930842566599 0.1395848465663967 0.1918138314866802
26 0.8652954760120666 0.26937738426929525 0.15063366252983137 0.2524838054894186
26 0.8950879456139926 0.4902581856020788 0.18119445781510138 0.2720976235152496
26 0.927180122930831 0.7303663600544004 0.14563975413833816 0.285978267088759
26 0.95091626054397 0.9180395754811712 0.09816747891205999 0.1639208490376575
26 0.17679374813797316 0.2111146594086269 0.3236773643490769 0.3495814290046682
26 0.226391449542934 0.45519728002088256 0.3548931310982999 0.3832577470304992
26 0.2260276923042237 0.7321545851145899 0.4032963978475229 0.4174341702291796