83 0.33125 0.3671875 0.10390625 0.13671875
83 0.1265625 0.4171875 0.13515625 0.13046875
83 0.9515625 0.05625 0.09609375 0.084375
49 0.703125 0.6015625 0.59296875 0.55703125
83 0.85625 0.071875 0.11171875 0.08203125
83 0.7390625 0.075 0.10859375 0.08359375
83 0.6328125 0.1421875 0.10859375 0.15703125
83 0.3890625 0.16796875 0.1 0.0734375
83 0.9015625 0.1890625 0.13203125 0.16484375
83 0.78359375 0.19375 0.1234375 0.165625
83 0.671875 0.2234375 0.12265625 0.165625
83 0.08046875 0.259375 0.1296875 0.15234375
83 0.3265625 0.259375 0.09921875 0.075
83 0.440625 0.26953125 0.115625 0.1546875
83 0.2078125 0.3203125 0.14296875 0.1625