83 0.3087154172311405 0.36827199563159696 0.13655937697836446 0.16391964247680563
83 0.09702100067736855 0.4482907232145138 0.15506371551297518 0.1596685535709724
83 0.9255732100859083 0.0005727365135412929 0.06989642017181659 0.0011454730270825859
49 0.6897319646084641 0.5833261126540966 0.6205360707830719 0.6850777420193062
83 0.8426755009045112 0.01518140359163162 0.13222600180902228 0.03036280718326324
83 0.712575243102595 0.02370372483003445 0.12827548620519008 0.0474074496600689
83 0.6058991971956095 0.08871210880591993 0.1440376843053107 0.17742421761183985
83 0.3414139733148913 0.1414542692829511 0.12193695499752559 0.09335256933854177
83 0.9056468916776856 0.10172670127558951 0.16475962008095948 0.1957878915268751
83 0.7799851503841128 0.12185997616121465 0.16336089439121898 0.19887652393569458
83 0.6611842407277458 0.1684284644777078 0.16179839439121899 0.198840156344514
83 0.05437872003553096 0.2764163764248958 0.08894074852966197 0.17841724715020837
83 0.2860857434412793 0.24990385533899281 0.1205382293077851 0.09644120174736122
83 0.4134704370188442 0.24772114665777742 0.15176829715018095 0.18612195079743066
83 0.16448073835289664 0.33251894642902763 0.18515400723608924 0.19782317021222245