17 0.1546875 0.48515625 0.203125 0.2421875
17 0.3078125 0.4984375 0.14453125 0.22734375
17 0.4265625 0.5125 0.13359375 0.22734375
17 0.5390625 0.528125 0.14296875 0.22109375
17 0.1125 0.715625 0.165625 0.24375
17 0.2578125 0.74375 0.165625 0.275
17 0.38125 0.7484375 0.16875 0.27890625
17 0.5 0.75234375 0.13828125 0.2296875
17 0.340625 0.08515625 0.140625 0.1703125
17 0.4859375 0.0921875 0.146875 0.18359375
17 0.19375 0.26328125 0.175 0.2359375
17 0.325 0.2796875 0.12109375 0.246875
17 0.4515625 0.29765625 0.13828125 0.2359375
17 0.571875 0.309375 0.14296875 0.23046875