53 0.49118456903701857 0.64765625 0.13778696828879458 0.1390625
53 0.25056727431280784 0.6609375 0.1307333314853265 0.0984375
53 0.5805530929968905 0.9375 0.19634292093374786 0.125
53 0.3473806321064936 0.5546875 0.1423078683170294 0.109375
53 0.7930333083019134 0.428125 0.14478042093374804 0.125
53 0.5279774556993123 0.45859375 0.13284186305535747 0.1078125
53 0.2838942557557821 0.51796875 0.14239887357870132 0.1109375
53 0.4071721320359064 0.48046875 0.15388240514873247 0.1203125
53 0.3313299688534919 0.4546875 0.16729245776545082 0.1359375
53 0.4712416082877959 0.41328125 0.15746243145709168 0.128125
53 0.6049487503529358 0.37109375 0.1543374314570915 0.128125
53 0.27055646671676614 0.975 0.10759966837349921 0.05
53 0.3921302319370844 0.3765625 0.1769404735504664 0.140625
53 0.6861525186982002 0.29140625 0.15359397881213824 0.1421875
53 0.5441701450489116 0.328125 0.18190098933548207 0.1453125
53 0.4610160108056924 0.29375 0.1858450366905286 0.159375
53 0.6400734502258789 0.2375 0.19255006299888783 0.1671875
53 0.7609756113421549 0.8578125 0.26477367349399683 0.2
53 0.5412411080760344 0.190625 0.207158594568919 0.1765625
53 0.8705773954724346 0.7734375 0.18494893657758915 0.278125
53 0.3957909561228353 0.90390625 0.13393392619541977 0.1265625
53 0.5368548428557162 0.7890625 0.15441302616718494 0.15625
53 0.2524728666038267 0.85625 0.0891828683170294 0.109375
53 0.6688020638459339 0.7234375 0.15248650512049763 0.15
53 0.3104442612998025 0.81328125 0.09101838410204496 0.1140625
53 0.7771297743128078 0.6609375 0.19218604195220051 0.1609375
53 0.3611036849349736 0.76171875 0.11629139988706054 0.11875