49 0.35155021958441496 0.9057168089778255 0.15142363466105593 0.18007442431676957
49 0.43022331269084046 0.7453819989036917 0.24962801088459124 0.2662153101589517
49 0.4524753133238127 0.8686657314804964 0.22082839908902616 0.20122522721932726
49 0.5235318246717401 0.6019445121505356 0.24573911905195925 0.24423118275429018
49 0.6133110541685021 0.3350968072485449 0.3569742633316618 0.4353869508104574
49 0.09449912221682014 0.8514831436467304 0.13541668874473986 0.1685912872934609
49 0.1415501930907271 0.7017485276748141 0.24174109981466554 0.2191220553496283
49 0.16918906505309322 0.5770858335725968 0.25936510943331237 0.2322222560752678
49 0.22887156678237375 0.2974826683263198 0.29557542794496666 0.24128972122887743
49 0.30135914727492763 0.16112107159169717 0.21052581614940155 0.17433534500534212
49 0.3638740162420688 0.07435024708959312 0.20899803248413756 0.1305853450053421