49 0.9669799464425621 0.47835083879690304 0.06604010711487582 0.28219542934436315
49 0.5981742884608447 0.15219413474695084 0.26607457195929063 0.21391923870145296
49 0.5646297342842344 0.0690361894095874 0.2386344685684687 0.12770901869827128
49 0.6659484092200625 0.5176287780871778 0.18108744995721865 0.30038290268936263
49 0.6109204991714305 0.3085077694143599 0.26124152274507895 0.21073969470081666
49 0.6591163281600345 0.7900577614178598 0.17726893713693723 0.25192722135581713
49 0.6719353134777262 0.9466138337046346 0.14252144789030402 0.1067723325907309
49 0.4852998767550737 0.5451981527291334 0.11996585938667828 0.2621920120146356
49 0.5099681987143645 0.7563083753978151 0.11876292431665547 0.20283519334818118
49 0.5368325674066676 0.9275544773631349 0.11636136228216235 0.14489104527373015
49 0.33774190260503384 0.09294421471195247 0.22646410835322098 0.16817038669636228
49 0.3623502584770554 0.2189436407144978 0.23834767824559702 0.18861015603118042
49 0.3853233397419711 0.34336238538349767 0.23613020678164426 0.17452947469763505
49 0.4172219648444149 0.5420635147199067 0.12279976095825482 0.2559783746817267
49 0.41146007816003455 0.7871760200509067 0.1765411910658786 0.2363022213558171
49 0.44299267617417326 0.9417618806890445 0.14466614474715098 0.11647623862191096
49 0.34841846091547357 0.5568794453771344 0.1406422324222074 0.27024086935072644
49 0.9737115975998538 0.7463195887969031 0.052576804800292365 0.24000792934436319
49 0.15918671712072655 0.18222324868713544 0.17878858767505648 0.15043744668999892
49 0.2021148875084407 0.39979255669158975 0.1694135876750565 0.1503283586887262
49 0.17365593961813658 0.2917073366884081 0.17529971463952715 0.14258858402290803
49 0.21044327191650952 0.5115476693586807 0.17239303846084475 0.14723972135581712
49 0.2290177975570727 0.6085863013605897 0.18630998924663303 0.1442783533577261
49 0.2565713709641055 0.7642914086966804 0.19129289578060832 0.21773403469127145
49 0.25689035628179707 0.9203494100095451 0.15437078453190337 0.15930117998090979
49 0.8835167830841613 0.22656961545190363 0.20513707195929065 0.21321016669318063
49 0.8483519168730576 0.09185826078131291 0.2060788337461151 0.1663715293602715
49 0.937129896399781 0.47237301145763066 0.1119735769216895 0.29177042401336306
49 0.025770595532939304 0.1174238573360908 0.04455482878371629 0.08484771467218158
49 0.08831786889719087 0.571811912675045 0.13428091645877277 0.23424882535009015
49 0.03466406017246647 0.25807612933640894 0.052298862282162316 0.15052725867281788
49 0.8824787837033338 0.47251791478354005 0.13425099131354762 0.3341942813494539
49 0.9270549214211716 0.7792042667886308 0.14589015715765682 0.28920904535327185
49 0.7571878010717293 0.7498151167647682 0.11756429735218496 0.21062951201463562