45 0.9328125 0.41015625 0.09765625 0.2265625
45 0.83984375 0.42109375 0.0890625 0.2265625
45 0.7171875 0.43125 0.1125 0.25703125
45 0.53125 0.4484375 0.09296875 0.26328125
45 0.30703125 0.45 0.0890625 0.28671875
45 0.4109375 0.4578125 0.09921875 0.26328125
45 0.1859375 0.475 0.09609375 0.28984375
45 0.0703125 0.48515625 0.115625 0.2765625
45 0.9515625 0.65390625 0.09453125 0.1984375
45 0.871875 0.6640625 0.10859375 0.19140625
45 0.69765625 0.690625 0.1046875 0.196875
45 0.4109375 0.6953125 0.09140625 0.17421875
45 0.6078125 0.6984375 0.09140625 0.21328125
45 0.52109375 0.7171875 0.0796875 0.2
45 0.3265625 0.74375 0.109375 0.23359375
45 0.215625 0.765625 0.09609375 0.159375
45 0.08515625 0.778125 0.1703125 0.23671875
45 0.9296875 0.85625 0.13046875 0.15078125
45 0.82109375 0.8671875 0.1203125 0.14375
45 0.6921875 0.90390625 0.10078125 0.1671875
45 0.428125 0.92109375 0.121875 0.1203125
45 0.56875 0.92265625 0.14453125 0.1546875
45 0.3015625 0.928125 0.10703125 0.11171875
45 0.634375 0.1078125 0.11875 0.215625
45 0.39140625 0.1265625 0.1328125 0.253125