45 0.378125 0.16768330845860008 0.225 0.19929175033868426
45 0.22109375 0.9110692175491402 0.1375 0.08533106965141819
45 0.2515625 0.8235349180241099 0.159375 0.18178998982323477
45 0.28828125 0.6966105698785607 0.14375 0.17784611827193722
45 0.3890625 0.2897663483726918 0.1421875 0.17307673111680746
45 0.328125 0.5648349474227521 0.128125 0.15515224672063965
45 0.36015625 0.43268751074259215 0.140625 0.1683073439616777
45 0.36875 0.8658308813893786 0.171875 0.17775758706427275
45 0.41796875 0.7398139360027913 0.1828125 0.19083079715018095
45 0.4890625 0.45718182044438765 0.1859375 0.17068207146044045
45 0.45703125 0.6018292571245476 0.16875 0.1650938127540133
45 0.53671875 0.33202801221293027 0.1796875 0.18597952283992142
45 0.58046875 0.18286017186929718 0.159375 0.1708524898232347
45 0.6125 0.06981623614941926 0.1734375 0.13963247229883852
45 0.0421875 0.7040390468114968 0.084375 0.19192190637700648
45 0.06015625 0.5570035945275046 0.1203125 0.18599281094499087
45 0.084375 0.38776559362299345 0.16875 0.17290631275401314
45 0.1234375 0.24040591474474962 0.190625 0.22405273292582972
45 0.1609375 0.09597756331984009 0.19375 0.19195512663968017
45 0.121875 0.8748628018998794 0.14375 0.12159611827193721
45 0.14453125 0.778362938150498 0.134375 0.1554797953411587
45 0.24453125 0.4067159102221939 0.1359375 0.14462418249628844
45 0.221875 0.5391532739715752 0.125 0.12998847241038014
45 0.28984375 0.280122432723431 0.125 0.14561347241038014