84 0.40407317021222233 0.15870124897423576 0.08310605357097245 0.15012201680591394
76 0.5627558795590278 0.05930540338458522 0.08256053970326391 0.11861080676917043
76 0.5581794419637154 0.1610237998490882 0.0645729526972918 0.09160917984777565
76 0.6052538105048265 0.13408195646515927 0.07002417211208342 0.12461268083635883
15 0.7123558360560417 0.03455809482962265 0.06104790919430556 0.0691161896592453
15 0.8127558795590278 0.045081828975110816 0.08935474715020852 0.08325285178688593
15 0.8263852345167709 0.19388674349984727 0.09106271751493074 0.0895665187830803
23 0.8415589056789239 0.3418467410283893 0.13917421561506949 0.14460152866891204
15 0.8858154391139239 0.22743673114255758 0.104108231382639 0.11351335475263546
23 0.9122376944322574 0.4891090601920305 0.14407992116215312 0.15416752965749528
23 0.9404646118915974 0.36651913578146234 0.11907077621680529 0.1707820266917457
23 0.9843795724726739 0.5077688768842138 0.031240855054652173 0.15640650889724855
84 0.351964503134132 0.10373917635055349 0.05236389342673622 0.10359984387822055
84 0.36815320079743064 0.12732125638860958 0.05745143692972228 0.12097834486680373
84 0.3875733883927431 0.029365211939547785 0.053271776785486134 0.05873042387909557
84 0.387902656344514 0.1359004189361797 0.06221167211208343 0.1242943458553869
84 0.4041978439398264 0.03845371045667302 0.05839568787965281 0.07690742091334604