17 0.5201412644088181 0.8359972344936313 0.2667258794672147 0.23075781017246655
17 0.5324608977931845 0.677311439208361 0.24542919961943924 0.1673845148871962
17 0.5454954555881193 0.5553807812266436 0.24498353064607842 0.1564470148871962
17 0.5619096813678315 0.4395545740307146 0.23911553262324467 0.16553091645877274
17 0.7573666917851358 0.8758259061241997 0.26357170456235507 0.19162253556536077
17 0.7857251606447658 0.7265686147678709 0.2963842045623551 0.19315080231458345
17 0.7899431339530201 0.5995694671252357 0.30119903855474384 0.19649412613590123
17 0.7935390247517604 0.4765129567861536 0.24829953163466154 0.1612800641014079
17 0.11173722091115845 0.6483775339127307 0.17648819863085596 0.15949493217453856
17 0.11431443977078844 0.5003210235736486 0.19386669961943914 0.16498295285270287
17 0.2915732540286948 0.7973308025239806 0.257640039543327 0.19914393713693707
17 0.30722347585407433 0.6627545953280516 0.26328786167271767 0.14638281017246654
17 0.32534478167184266 0.5311942262214637 0.25454953163466154 0.16157116252983136
17 0.3360037559686801 0.40859148015040503 0.24849053262324466 0.16596756410140792