37 0.3771418213249442 0.6541118810982999 0.07777151775758914 0.21137845574818712
37 0.4009464391059745 0.4498075248119936 0.06672493344863373 0.19211903349844608
37 0.4176698099120669 0.236581932793711 0.0871919695529872 0.21962760339082213
37 0.46083556527482 0.6751928225784634 0.07162151170746504 0.22827485731976366
37 0.47285780054229304 0.45940515673886306 0.08091469847574828 0.21464900496239867
37 0.49184310811666876 0.23222622663123924 0.06848742134838534 0.22656680810555185
37 0.4856684353935414 0.9040112196019259 0.08092378883482816 0.19197756079614833
37 0.540371511707465 0.2501072394515208 0.06218287919390768 0.2169007096771285
37 0.6060980682998821 0.673367111039308 0.06825107201231528 0.18594180810555194
37 0.6057400408779314 0.8803255864322022 0.06058401775758924 0.21057793507002245
37 0.6214180203898678 0.48741249441391954 0.057359023807713426 0.1932448858558109
37 0.6527846324153614 0.10616464846669546 0.05239881303532492 0.1461515620344933
37 0.6584736345566607 0.6812738103773542 0.07609993344863372 0.19255568114108107
37 0.6738208577238853 0.5000066937519657 0.07606357201231528 0.1863056811410811
37 0.6997141745698391 0.11772288667987119 0.05248062626704133 0.16021406203449332
37 0.7172476290957117 0.31223702005448273 0.08553856596219109 0.20392982878371627
37 0.7113496914436656 0.8966321940638066 0.12631810206654456 0.20673561187238682
37 0.8653513902140016 0.9139888220617347 0.08401242739850971 0.1720223558765305
37 0.8727497579950318 0.7279626815508567 0.07610902380771342 0.1941181811410811
37 0.9290163760706497 0.3306917293173264 0.08542948165323558 0.18517982878371625
37 0.9145655950344617 0.9125280026860871 0.0731294695529872 0.1749439946278258
37 0.9399099869177931 0.7264044896564086 0.09504992134838516 0.22780397642635145
37 0.9754681534926004 0.31338010483405504 0.04906369301479927 0.21639128742738745
37 0.9645974112912403 0.9193066956139926 0.06056583703942984 0.16138660877201474
37 0.1741031797362006 0.6594949321745384 0.07649081888905732 0.2597431811410811
37 0.23185204722264324 0.6512500926374551 0.0779987767345796 0.25044095574818714
37 0.2651897045258726 0.20604890860088992 0.08913626463433122 0.285325377997928
37 0.26718608010554296 0.817694883993784 0.08985336123992678 0.14008565260503394
37 0.2687172847296114 0.9427033844080688 0.08037836729005096 0.11459323118386244
37 0.2810435261454044 0.6488549927612898 0.07318401170746495 0.22834763192686935
37 0.3230703822189697 0.22046031906380664 0.0766089935570923 0.28005568114108115