83 0.4013324966184113 0.37435376054397 0.12302042401336308 0.1041139193542568
83 0.14534612595482027 0.33976247497860934 0.16459085335772614 0.18725605913900917
83 0.6358796719446389 0.4376500889134015 0.14514996268299923 0.12700776385373888
83 0.7708359272756391 0.46113259242805815 0.1466942813494539 0.12551803846084475
83 0.9053467399347757 0.522896345942715 0.15454314401654443 0.1290069114963739
83 0.08560914131127374 0.427512877997928 0.17121828262254749 0.205025755995856
83 0.3443728772676848 0.49989526199171214 0.1584863040260897 0.19946496071058561
83 0.6193905112587762 0.5783649801458959 0.15686926002545326 0.19470468610347993
83 0.7613416539226854 0.6052999693925288 0.166353348026726 0.2045163337461151
83 0.22032630259391245 0.5464898180303492 0.14571358402290802 0.17544526385373888
83 0.9051638319144131 0.6729691205498207 0.17431129869508943 0.21738020678164424