26 0.7359375 0.41875 0.25703125 0.23671875
26 0.53046875 0.4828125 0.2640625 0.21328125
26 0.3234375 0.5234375 0.24375 0.2
26 0.8265625 0.596875 0.20078125 0.08671875
26 0.48125 0.6828125 0.19296875 0.08671875
26 0.3 0.72734375 0.20234375 0.0796875
26 0.1234375 0.7734375 0.20234375 0.1
26 0.73515625 0.7796875 0.2203125 0.10703125
26 0.534375 0.8203125 0.234375 0.13359375
26 0.3171875 0.87578125 0.24765625 0.1234375
26 0.109375 0.93203125 0.21796875 0.1296875
26 0.703125 0.13671875 0.290625 0.2734375
26 0.48359375 0.20390625 0.3171875 0.2796875
26 0.2265625 0.21796875 0.34375 0.3234375