49 0.86796875 0.453125 0.2453125 0.146875
49 0.6390625 0.4984375 0.29296875 0.121875
49 0.359375 0.5390625 0.30390625 0.13203125
49 0.69375 0.6046875 0.29609375 0.11796875
49 0.4140625 0.628125 0.309375 0.14140625
49 0.125 0.69765625 0.25 0.1796875
49 0.6734375 0.73203125 0.290625 0.1203125
49 0.8828125 0.78125 0.234375 0.2
49 0.40625 0.809375 0.290625 0.14765625
49 0.7046875 0.859375 0.27421875 0.15625
49 0.4484375 0.9125 0.32578125 0.17265625
49 0.1515625 0.93046875 0.27109375 0.1390625
49 0.8015625 0.165625 0.27265625 0.10546875
49 0.871875 0.25546875 0.25390625 0.1296875
49 0.3984375 0.2578125 0.22109375 0.23671875
49 0.54140625 0.2828125 0.1515625 0.18125
49 0.68125 0.2828125 0.2 0.184375