49 0.5 0.48515625 0.190625 0.0765625
49 0.3 0.5046875 0.20546875 0.09140625
49 0.0953125 0.55 0.18203125 0.096875
49 0.66328125 0.5578125 0.1859375 0.21015625
49 0.859375 0.56328125 0.2125 0.2203125
49 0.471875 0.5859375 0.21875 0.13203125
49 0.51875 0.753125 0.20859375 0.11015625
49 0.1078125 0.7671875 0.19375 0.11640625
49 0.3015625 0.7984375 0.196875 0.13671875
49 0.68203125 0.8265625 0.1734375 0.2
49 0.50234375 0.840625 0.1734375 0.11484375
49 0.865625 0.8484375 0.20078125 0.23203125
49 0.3421875 0.95 0.17578125 0.1
49 0.5234375 0.96015625 0.20234375 0.0796875
49 0.11953125 0.96015625 0.1890625 0.0796875
49 0.8796875 0.1140625 0.165625 0.10703125
49 0.2875 0.1203125 0.16640625 0.08984375
49 0.4234375 0.1328125 0.15234375 0.06640625
49 0.5875 0.1359375 0.16328125 0.05859375
49 0.73984375 0.153125 0.1359375 0.10859375
49 0.1359375 0.175 0.15 0.06484375
49 0.334375 0.240625 0.20390625 0.06328125
49 0.165625 0.25 0.16875 0.06796875
49 0.903125 0.26875 0.19296875 0.18515625
49 0.5 0.3109375 0.23203125 0.11640625
49 0.2828125 0.321875 0.21171875 0.08984375
49 0.0921875 0.32421875 0.17890625 0.0953125