18 0.45502040142456107 0.5688871645967459 0.2788310083132702 0.25172528163641916
18 0.22575645025006214 0.599559160048632 0.2818650801000248 0.24874583085063087
18 0.6726194268930972 0.5127057468951188 0.24491064937949697 0.26574924028009034
18 0.8576259465556454 0.4754904989620335 0.28474810688870916 0.2664427531003719
18 0.13675482007089498 0.32936863047912734 0.26241639812585577 0.2774872609582547
18 0.3538226481258558 0.2817445754739474 0.25326871865896916 0.28486311331561964
18 0.5638364941275051 0.2330117847367911 0.2879619674053281 0.29740165467194846
18 0.26815426959604133 0.15292390860088992 0.2663764724198929 0.25270558477957233
18 0.668543063011266 0.1044758699306482 0.258961126022532 0.15873726095825474
18 0.4533727040774928 0.11005797415003986 0.25674540815498564 0.18984171174404302
18 0.0958844645023341 0.15816356451569266 0.1881318004748537 0.19132712903138532
18 0.47193173442757985 0.9221575980141387 0.2674555876218722 0.15568480397172274
18 0.6726531484550602 0.897963503824243 0.2675752595669113 0.20407299235151405
18 0.27730119602692005 0.9412650088913402 0.24734166442319178 0.11746998221731957
18 0.8825136009497074 0.8819417061579626 0.23497279810058522 0.2321019863511488