48 0.3552662292168245 0.59765625 0.055063236209946534 0.1203125
48 0.6007833176966265 0.590625 0.11869983887551357 0.159375
48 0.5103856382297399 0.5828125 0.08506898495630519 0.13125
18 0.3588040693459792 0.44921875 0.11885295157021032 0.1109375
18 0.5805343168386967 0.42734375 0.12473923871722885 0.0984375
18 0.46189797710525343 0.4234375 0.13006323620994636 0.1203125
18 0.6893781194251215 0.41875 0.1125574874635877 0.109375
18 0.7946255605704906 0.37265625 0.136631484956305 0.13125
18 0.6333076273426803 0.33203125 0.10915970282385175 0.1
18 0.7292338927820865 0.3109375 0.12786423871722885 0.0984375
48 0.21018574676780172 0.75078125 0.07543792069139796 0.06875
48 0.10411760319429245 0.74453125 0.08628449247815259 0.065625
48 0.2797624608744244 0.74921875 0.07847199247815269 0.065625