22 0.55625 0.346875 0.12578125 0.040625
22 0.6671875 0.359375 0.09375 0.040625
70 0.321875 0.365625 0.096875 0.11171875
22 0.4546875 0.365625 0.08671875 0.03828125
22 0.7671875 0.390625 0.13515625 0.0625
22 0.815625 0.040625 0.15390625 0.08046875
22 0.709375 0.04375 0.109375 0.0875
70 0.1296875 0.44921875 0.0875 0.1046875
22 0.3875 0.4515625 0.10390625 0.0625
53 0.9359375 0.4578125 0.128125 0.1375
70 0.253125 0.4765625 0.075 0.10859375
70 0.33515625 0.49375 0.0921875 0.11640625
22 0.5296875 0.49453125 0.13828125 0.0578125
22 0.68203125 0.4953125 0.1609375 0.059375
22 0.609375 0.05390625 0.09765625 0.0953125
22 0.44765625 0.57578125 0.1109375 0.0578125
22 0.57421875 0.6 0.1203125 0.05859375
22 0.6734375 0.6 0.115625 0.07890625
22 0.5359375 0.0625 0.08828125 0.1
22 0.8 0.63125 0.15234375 0.084375
53 0.92421875 0.709375 0.0921875 0.09609375
22 0.4234375 0.0734375 0.06875 0.078125
22 0.353125 0.0875 0.05859375 0.07109375
53 0.88046875 0.8875 0.0953125 0.071875
53 0.96015625 0.93125 0.0796875 0.07109375
53 0.85234375 0.9421875 0.1109375 0.07890625
53 0.95234375 0.96875 0.0953125 0.06171875
53 0.94375 0.1796875 0.109375 0.08828125
22 0.6390625 0.190625 0.10703125 0.065625
22 0.453125 0.1984375 0.06796875 0.04765625
22 0.55078125 0.2 0.0984375 0.03046875
22 0.37421875 0.20234375 0.0953125 0.0359375
30 0.140625 0.25234375 0.05703125 0.0515625
30 0.3 0.253125 0.059375 0.053125
30 0.20625 0.2546875 0.06953125 0.053125
30 0.0921875 0.25625 0.046875 0.05546875
30 0.05 0.25625 0.04765625 0.04375
53 0.93125 0.31640625 0.10546875 0.0890625