53 0.2430056323171656 0.1363976014626973 0.1542158430895541 0.19017280681713328
22 0.29024022238165764 0.3316867820636623 0.08363063231716561 0.14207049756436801
30 0.4252394746211528 0.8395384180223585 0.0802147408266178 0.09201595048646745
22 0.3455458667990716 0.43698220820040035 0.0616556383672898 0.12450116801906326
22 0.3813066256778662 0.5402748035740177 0.08349427693097136 0.11863299756436803
30 0.4772928540114522 0.9230133912369973 0.07386474687674216 0.07471935633066593
48 0.5161730259490127 0.7566929159937636 0.12899767447164337 0.15223643019392802
22 0.4276947705862595 0.3214742106360323 0.11524424668035031 0.2051159683433749
22 0.5021140293668582 0.4889423543053663 0.10725902985783761 0.17529210064862327
22 0.5560707972226433 0.6309838039810549 0.09913745764913066 0.12203073295387128
48 0.624234989942855 0.6633911550367151 0.13676472267624523 0.14456029788867966
22 0.5717856590517452 0.37755879505260104 0.09624880698520073 0.1626011858759707
48 0.654377007896836 0.7409979577966586 0.12884313836728972 0.12567393019392786
48 0.6927224112912403 0.8856558928618504 0.13523858411256368 0.15078302434972918
22 0.6288356106507516 0.5140769476503888 0.08997153590796181 0.15780459172016936
22 0.078899764045156 0.6690033701303836 0.11948631908544904 0.12863528896022594
76 0.7458690954272452 0.6198575689985886 0.06762383723582169 0.0761727621748646
76 0.7810531373853312 0.758320051141681 0.07554542154477702 0.09505912986961622
76 0.7427026679305397 0.47849222930701407 0.1131181444174139 0.10821369480442442
76 0.6632454094445286 0.11656101948505584 0.1272988190854491 0.12877165665497756
76 0.7719179901392468 0.5311126688364327 0.0754545179539809 0.0794341298696164
76 0.8621991191367627 0.8733217138857385 0.10050906010845857 0.08924550649282174
76 0.8444707427715255 0.7806529728141923 0.09609427088084707 0.1360386858759707
76 0.7545481620768073 0.3657740409954113 0.12246587334017515 0.10368983603812651
76 0.7208175358097659 0.20853428531336843 0.14128859621281223 0.11651711850553062
76 0.7472351109453391 0.31745927192068785 0.1288249576491305 0.12254893019392785
53 0.02203057786604775 0.2949579439936456 0.04126132513557324 0.11008411201270878
76 0.7221345961146162 0.16631951177441812 0.12253859621281205 0.11618983603812652
76 0.8375480561996337 0.6651370669699936 0.07543633723582169 0.0763091298696164
76 0.814219119627742 0.5499075332847736 0.06766019867214013 0.08242276217486459
22 0.11601394466511938 0.7363311919650506 0.11776019262201594 0.10048301542127547
22 0.17745595959403815 0.8219862739459873 0.1255363311856975 0.09436938311602736
22 0.11326917710392195 0.39884482873452587 0.12624537919390763 0.2162443831160271
22 0.1586958274732643 0.5519737828744412 0.1494192587805987 0.17134098620028232
22 0.23330195949584231 0.8858618133132504 0.12250223477649361 0.10993983603812651
53 0.12244366832332323 0.22991755073134867 0.1118010841125637 0.15037392126547414
22 0.24587364060678496 0.6293663514626973 0.1115920058537325 0.1144364212654743
22 0.3459696102579681 0.7784157317393507 0.09930108411256366 0.15015573295387127