45 0.27631459577069994 0.18441236160896707 0.21616498982323468 0.16300238068039521
45 0.35710192333557594 0.9649668863657332 0.14061171189493055 0.061775071427629766
45 0.3607415004502259 0.8702856319015065 0.14733310266810493 0.16023984496658022
45 0.3567423179539375 0.7342935848236058 0.13014560266810485 0.1599398360381265
45 0.32715115671569084 0.3039475657488823 0.12989994120271575 0.15525233603812652
45 0.35323778041469495 0.59281915097623 0.11814356965141819 0.13943642126547412
45 0.34360607360814704 0.45379756128465554 0.12973616689245615 0.1521273360381265
45 0.4921110091566533 0.885195791399153 0.1626305540475858 0.15426258035608384
45 0.500529939505235 0.7474230560096498 0.17249687697836436 0.16380122158978558
45 0.4817235492978876 0.4482588530875504 0.1792448439616777 0.14362508928453738
45 0.49595754692303834 0.600493508931749 0.16181168249628844 0.13863758035608367
45 0.48940217322403423 0.31128100446752216 0.16920810266810501 0.160621674511885
45 0.4857371834007996 0.15182418385067115 0.14980300542706698 0.14779439204448092
45 0.4767163082314575 0.04419251055330682 0.1596826164629149 0.08838502110661364
45 0.09714598993477634 0.8092016761367381 0.1027575870642727 0.17351141233702058
45 0.08505102442180115 0.6530198599841139 0.1053912641334942 0.16419095941492118
45 0.07637430800431481 0.47253747321463874 0.11065861827193717 0.1455500535707225
45 0.07052934249133963 0.3162465629062133 0.11813028154634872 0.19875687418757346
45 0.060740505427066924 0.14438519967568844 0.11656778154634875 0.19872960064862313
45 0.24526366462914867 0.9497158076312076 0.13928822930778512 0.09609552434972919
45 0.23846038670084452 0.8497430811701578 0.12431168249628843 0.13798301542127547
45 0.2193054364530173 0.45440330763120745 0.12834408525525037 0.12556483603812651
45 0.2390524496820003 0.5924663693196048 0.1182321008590826 0.11133869480442442
45 0.223859060379164 0.31748000608907995 0.11748847241038014 0.12693642126547414