49 0.09435615178700886 0.4676136666534097 0.18871230357401772 0.18352266669318062
49 0.3016565884770538 0.43858759595800195 0.33729326866768633 0.17107830537872512
49 0.6112634135581316 0.42170644191600387 0.351573956979289 0.1837419373806341
49 0.2561276745151803 0.31726712663113804 0.3403364480508354 0.16642716804581603
49 0.5646259671288542 0.31914506325591263 0.35801487175194147 0.19475216271481594
49 0.8685009894499884 0.27264913454809636 0.25705238960884885 0.22794537603436202
49 0.2952464959428102 0.17933986529282003 0.33570349512873604 0.1694976240451797
49 0.11988403165662517 0.11389886799809099 0.19148193668674965 0.22779773599618197
49 0.5969823198060722 0.12115245858532193 0.33934669236879245 0.19922148671227063
49 0.2776789407472347 0.06960342799172765 0.3165171185055306 0.1392068559834553
49 0.5598601952114616 0.05951880864100119 0.3677796095770768 0.11903761728200238
49 0.8675363275167098 0.0594224285487327 0.2641636858759707 0.09836696403563475
49 0.11795947281089698 0.7876170839831371 0.23591894562179397 0.14664083203372585
49 0.08066007021310921 0.6849375266550005 0.16132014042621842 0.16449994668999893
49 0.5325075734628154 0.7272484645926397 0.27368651055001153 0.28593968936981645
49 0.37937861932290007 0.684508075946866 0.18970124837514693 0.2177885786919079
49 0.22653999148187864 0.6698835966343196 0.24455238960884892 0.2277999253659985