53 0.6124211693052819 0.4020956028704509 0.14922836123992678 0.13939242116215295
53 0.5004989279876847 0.17113850323104124 0.10546927088084708 0.1368116286090973
53 0.9369308107958296 0.34454932770048535 0.12304765632127079 0.20439917211208342
53 0.44733250049097933 0.3137630675355899 0.11647040339440444 0.14800370174736122
53 0.5531355102535367 0.7909230199485412 0.13366699375348395 0.14996624525034719
53 0.4468638261175319 0.5285886337399995 0.1164249515990063 0.1401912017473613
53 0.37883248536566877 0.27239449154753437 0.11803290339440445 0.1480400693385418
53 0.4046177596643615 0.40536999249746497 0.13061471662612104 0.16239351006798622
53 0.34090069330938694 0.34748606373586777 0.1463215298578376 0.17681968597979178
53 0.3728268832991242 0.4990660943210761 0.13686471662612104 0.1625389804327085
53 0.4016689799047198 0.6436876100886455 0.13685562626704137 0.1609764804327085
53 0.8450352440480717 0.03849161702249967 0.11617951190385663 0.07698323404499934
53 0.29660527176460993 0.4422543562889234 0.1510544816532356 0.18474128875333343
53 0.36506788369190774 0.7585865646857982 0.1524624455488821 0.15821515634451408
53 0.32766385334309084 0.608696320669722 0.1557692527304745 0.18953789152687506
53 0.2514695128858153 0.5471970826375692 0.17141243344863372 0.19302656743868063
53 0.2886099228213233 0.7423998266536456 0.17927038524403188 0.2010209053945836
53 0.92323088339732 0.5510902684299298 0.14844763212077366 0.27373105357097244
53 0.19137637451852552 0.6720165511024303 0.18716469847574838 0.2152652433504862
53 0.9033354981532883 0.7484016795240964 0.18612943930236625 0.3058538757593057
53 0.812072232242411 0.18888316879052017 0.13515677088084707 0.1375026128415279
53 0.7734950246914761 0.3749122409788535 0.1680874455488821 0.15857883225631958
53 0.692423328455223 0.07762097331142304 0.11613406010845857 0.09019120174736121
53 0.7780547387835144 0.5310349544097216 0.1633999455488823 0.15846972948277785
53 0.6794915363989411 0.15213066404086747 0.1223931504675381 0.09189917211208343
53 0.7733894438003663 0.6615946233876729 0.17458288524403187 0.20091180262104177
53 0.6564125847017388 0.22531424411298556 0.12878859621281222 0.11704464247680564