84 0.196875 0.3484375 0.1375 0.059375
76 0.0765625 0.49140625 0.11328125 0.0609375
76 0.18125 0.50078125 0.08203125 0.0484375
76 0.15 0.54296875 0.11484375 0.0484375
15 0.0359375 0.6359375 0.06875 0.04921875
15 0.0359375 0.73515625 0.071875 0.0765625
15 0.1828125 0.76796875 0.075 0.0765625
23 0.32578125 0.80234375 0.1203125 0.1171875
15 0.209375 0.83125 0.09609375 0.08671875
23 0.46171875 0.89140625 0.1296875 0.1203125
23 0.3375 0.928125 0.14609375 0.14375
23 0.4703125 0.98125 0.15 0.03671875
84 0.14921875 0.290625 0.0953125 0.03515625
84 0.1703125 0.3109375 0.1125 0.03671875
84 0.053125 0.3140625 0.09296875 0.03671875
84 0.1765625 0.3296875 0.115625 0.04140625
84 0.06953125 0.33125 0.0890625 0.04140625