49 0.028740428628274493 0.6209073976388678 0.05748085725654899 0.11131020472226431
49 0.13761051587368764 0.9296051658874364 0.14785679201145402 0.08522949375348396
49 0.749610529201188 0.9690104951282261 0.10061816534054521 0.053706782981095456
49 0.532338143300456 0.24144209055547136 0.5634487133990879 0.4828841811109427
49 0.9089491665340971 0.9712082785021051 0.06929544000636341 0.04727497579950324
49 0.4766730158736877 0.9276325579671593 0.12276588534372693 0.07727154800821019
49 0.3823508512094603 0.910213774691476 0.12118520401018137 0.07569995764913032
49 0.9220218785407784 0.9219168056294682 0.0535068080044546 0.03312157220870695
49 0.893978694541733 0.9150491820929012 0.06148294000636341 0.04722952400410492
49 0.5140917472151874 0.8672626845287883 0.12123974801081765 0.08038745764913031
49 0.4213684452180508 0.8467098108940256 0.13074201734563573 0.09137949980360816
49 0.3131201405554142 0.8176540908500589 0.13070565467854492 0.08825449980360815
49 0.18533149522600495 0.7894932502945876 0.14189769334818111 0.11019313231716552
49 0.8830508325509598 0.8471486097859984 0.0991829346753633 0.06463519262201559
49 0.8176440085535053 0.8287804048673424 0.08195907200827221 0.06141019867214013
49 0.7544809372215505 0.8189923144100669 0.0821590666772721 0.07859769867214013
49 0.4549991052275958 0.7762064133533535 0.07093066534054522 0.05353406615858276
49 0.4153189872295048 0.7623757175098838 0.06471702800763594 0.056622704722264314
49 0.5676627372295048 0.761489407499621 0.08526588534372692 0.07705337939029935
49 0.3804990919000955 0.7336740005891752 0.07096702800763603 0.05665906615858276
49 0.5327701165659138 0.7390376905789124 0.07414657200827239 0.06136474687674198
49 0.461213289902959 0.7121120970965749 0.0835579346753633 0.06454428903121964
49 0.28803941923936793 0.6904648769544124 0.12351132001909004 0.1413340480082102
49 0.24075588657704955 0.6587108829063407 0.08401246801399935 0.10360678903121964
49 0.1806996339115495 0.650467111730906 0.10630563868554459 0.13967155405833437