48 0.60390625 0.42421875 0.1703125 0.1578125
48 0.1203125 0.425 0.1875 0.20859375
48 0.32578125 0.4421875 0.2109375 0.20390625
48 0.871875 0.4453125 0.25390625 0.20546875
48 0.43359375 0.58671875 0.2015625 0.1515625
48 0.6234375 0.59453125 0.2 0.2015625
48 0.2640625 0.6015625 0.171875 0.16640625
48 0.84375 0.615625 0.21328125 0.21015625
48 0.91171875 0.0828125 0.1765625 0.165625
48 0.659375 0.08671875 0.309375 0.1734375
48 0.34453125 0.0890625 0.3078125 0.178125
48 0.1109375 0.08984375 0.221875 0.1796875