45 0.944372537293461 0.3515595898664573 0.11125492541307799 0.24256323620994644
45 0.8600074940943682 0.37381868626381815 0.11923118275429019 0.24072795157021032
45 0.7365526359270003 0.39930808274032137 0.14699408420556886 0.27587584138279586
45 0.5502257555271136 0.4383575255350431 0.1284077753125615 0.2800177721033237
45 0.3228100836574147 0.46530778510195453 0.12766373084752428 0.3034098079967011
45 0.4290873655085802 0.46299747585161216 0.1346577753125615 0.2801996285298145
45 0.20299858066218984 0.5055500033652123 0.13407742195451694 0.3082791644231918
45 0.08811019064365641 0.5300080972552907 0.14926591233587003 0.2962338054894186
45 0.9708308882892529 0.5985793423737398 0.058338223421494105 0.21160274122451134
45 0.9224529635091472 0.6167814245853357 0.13527284500534192 0.20841555674305995
45 0.7497347153232458 0.6648194224737647 0.1307490361123346 0.2129666644231918
45 0.4593378938163665 0.7022047283588947 0.11586808057737183 0.18911998746358769
45 0.6596553523465543 0.6830813406578802 0.1204117368379741 0.22983591567683312
45 0.5738641852861788 0.7121670985754389 0.10580359981466554 0.21380173871722885
45 0.37932550080260824 0.7624040939565855 0.1414881286706061 0.2523019490629279
45 0.26950655670039075 0.7976632955267957 0.11844744355406327 0.17358591567683312
45 0.14061023038418816 0.8240930663764783 0.19795638347992953 0.26018865690134446
45 0.9646850704105709 0.8051248590667871 0.07062985917885811 0.16531877461060632
45 0.8962525951749782 0.8294776528777235 0.13983137023308528 0.16015991316955072
45 0.7696553788402422 0.8769557096207832 0.12162700725639422 0.17523934389007856
45 0.5030780032496789 0.9245965539065729 0.13868553248413756 0.1273474131695508
45 0.6462823662263704 0.9047888560972863 0.16305061542376223 0.15459187476889086
45 0.3753622310171603 0.9400433606496328 0.12224207694917481 0.10345527210332364
45 0.6130853317584982 0.0984074416075875 0.1480456635169965 0.196814883215175
45 0.36813741950744616 0.13219089129733602 0.16714289309857638 0.26438178259467204