45 0.221875 0.334375 0.140625 0.18671875
45 0.95625 0.34609375 0.08515625 0.1234375
45 0.8515625 0.35546875 0.140625 0.1234375
45 0.728125 0.3625 0.140625 0.10703125
45 0.33359375 0.3703125 0.1359375 0.10703125
45 0.5984375 0.371875 0.12265625 0.096875
45 0.47109375 0.3734375 0.1328125 0.10703125
45 0.871875 0.475 0.134375 0.13671875
45 0.746875 0.49375 0.14375 0.146875
45 0.471875 0.5 0.12265625 0.153125
45 0.61171875 0.5015625 0.1203125 0.13671875
45 0.3484375 0.51875 0.140625 0.14296875
45 0.20234375 0.52734375 0.1296875 0.1265625
45 0.07421875 0.5296875 0.1328125 0.13984375
45 0.78359375 0.0796875 0.1546875 0.159375
45 0.63984375 0.08125 0.1484375 0.1625
45 0.4765625 0.08671875 0.13046875 0.1734375
45 0.33203125 0.09140625 0.1765625 0.1828125
45 0.1765625 0.09296875 0.175 0.1859375
45 0.9390625 0.24453125 0.11953125 0.1203125
45 0.828125 0.2453125 0.12109375 0.103125
45 0.465625 0.259375 0.109375 0.10703125
45 0.5921875 0.2671875 0.09765625 0.1
45 0.340625 0.275 0.1125 0.096875