83 0.304304156638647 0.9088344085506972 0.06633570533113406 0.07998902837152996
83 0.33133933274032135 0.7321271560434146 0.06959709765100204 0.0847674565847754
83 0.3487434445770884 0.6176925830030188 0.056824313011266 0.07502874373179384
83 0.3737674912910184 0.4026131522824909 0.08296091567683303 0.11481866943775679
83 0.38694578972080806 0.514028025402029 0.05888691818411553 0.09226170783841639
83 0.43538591904204527 0.08538619985435073 0.06135870031656907 0.1235571719450392
83 0.40977318745095237 0.4013150767348126 0.06500052586424747 0.08775606426490726
83 0.42008621331519985 0.315604897267926 0.062011918184115444 0.09235263605166182
83 0.45179818072052785 0.031911858867266184 0.049528638558944314 0.03890938730530311
83 0.43220315076615223 0.7053493588672662 0.12444973370266403 0.14568823620994636
83 0.4851165167595545 0.4723155500126353 0.11473976458147632 0.1875574874635877
83 0.456716102798581 0.9109234089464084 0.10123955423577727 0.1528187746106063
83 0.5245691248353979 0.3256822424116456 0.11455790815498564 0.18130748746358769
83 0.5025383828194636 0.7066139936652869 0.10454641066226814 0.15915970282385175
83 0.5662972867513071 0.18146088097058993 0.09911476458147632 0.18710284639736088
83 0.5249482434025895 0.5813783129447591 0.104728267088759 0.16540970282385156
83 0.6015110242148948 0.07301789515635491 0.10460859514371953 0.10764266693047427
83 0.627470467471835 0.20200671318218583 0.11501254922121244 0.19693248746358769
83 0.656328624043975 0.6344615120076869 0.13108016693047428 0.10529055674305994
83 0.6421511491167996 0.8529841914745735 0.13434155925034225 0.11006898495630538
83 0.6756984011618636 0.5599616171805364 0.1277733105039836 0.09894962852981451
83 0.6759615109535667 0.7390269915537158 0.13434155925034225 0.1100689849563052
83 0.7500692300082473 0.3150415737653117 0.11774509263643722 0.12988137978345565
83 0.77336535985821 0.6699253020576993 0.11242109514371953 0.1078699874635877
83 0.824907757126136 0.24215565472326633 0.1406824874635877 0.11337584138279597
83 0.8372509812618885 0.32852506373618184 0.13117109514371955 0.10841555674305985
83 0.8239827884671668 0.5157977432030684 0.1395746285298145 0.12895537727617318
83 0.8508611887045936 0.42509618685572 0.1376484156768331 0.11640991316955063
83 0.9320563305622432 0.10687503576036331 0.13443248746358769 0.1131939849563052
83 0.04630144002474187 0.8809975989046432 0.07290395407749281 0.09110838479802083
83 0.09220497341083674 0.8620035579967011 0.08089831050398355 0.09758570533113406
83 0.15354591950426374 0.3930777132486929 0.06550063103709695 0.10494356426490725
83 0.13969270500192965 0.5467111786089568 0.06554609514371963 0.10650606426490725
83 0.2215340192003299 0.018174653140420723 0.06630696159934021 0.025346992478152607
83 0.13825325930421403 0.8649072491420702 0.06531877461060623 0.09869356426490725
83 0.15933395209893578 0.677861890208297 0.07115959765100213 0.08481292069139794
83 0.16880589199066365 0.6210579607414104 0.07258570533113406 0.08017088479802066
83 0.20584185688870912 0.3156263146606187 0.06330163354437941 0.08302310015828454
83 0.18590011526848635 0.5441461197543258 0.06416545157021032 0.11271060015828453
83 0.2009066528112163 0.4046206185006846 0.07179609514371962 0.10668792069139794
83 0.2220184378466638 0.24337924162022279 0.056824313011266 0.07502874373179384
83 0.2329081252311092 0.16472304420664755 0.0715233105039836 0.09731292069139794
83 0.24163591904204532 0.07974865063313825 0.06500052586424747 0.08775606426490726
83 0.26563336018741446 0.03431413017916713 0.05623327962517113 0.05471624373179383
83 0.2376277513201482 0.48622597116625166 0.07354045157021041 0.11298338479802066
83 0.2568133235026143 0.3374391301791671 0.07446645407749282 0.09115384890464337
83 0.25007993870459366 0.4076152378592991 0.06946070533113406 0.08007995658477522
83 0.30947428840065977 0.0324621251646022 0.06230142319868044 0.048648100158284566