18 0.4551424218785322 0.5308992953930427 0.23358069279472177 0.19015447469763486
18 0.23216792313217344 0.5173709553628167 0.23666022868809905 0.18862833736472595
18 0.672701994918928 0.5193730914226322 0.1952456185006845 0.2146999413589988
18 0.8585712987589942 0.5191929201145402 0.24492736975432586 0.20434424403245294
18 0.1845270788463836 0.24893858135740796 0.259262654394062 0.21388287603436212
18 0.4219361506331382 0.2485771440563156 0.2019502595669115 0.23039766669318062
18 0.6294758659934022 0.24162026141785975 0.23485368778015675 0.23390447469763495
18 0.3678216489837856 0.10658909138286135 0.2231432979675712 0.20721470536281683
18 0.7629068284506723 0.10337646876985888 0.2224613363682309 0.18377720536281683
18 0.5516738117576248 0.09076573874122384 0.2220976235152495 0.17127720536281682
18 0.19441524122451137 0.07879880402608971 0.17945548244902274 0.1551613093570898
18 0.388732789521287 0.9034030863502492 0.23224551332783516 0.19319382729950157
18 0.5854486651481077 0.8987027713637714 0.2279217261808167 0.20259445727245726
18 0.19803959336135296 0.9012186966899989 0.2117966210079671 0.1930249360279987
18 0.8035538074679757 0.9054669413788844 0.21818301332783535 0.18906611724223127