49 0.7546875 0.340625 0.13828125 0.09375
49 0.6265625 0.34296875 0.12109375 0.0984375
49 0.49609375 0.3515625 0.1296875 0.1
49 0.3546875 0.3578125 0.14140625 0.10234375
49 0.21875 0.3640625 0.13046875 0.103125
49 0.88359375 0.4375 0.1328125 0.09375
49 0.75234375 0.45546875 0.1265625 0.1046875
49 0.6265625 0.45625 0.11796875 0.11015625
49 0.3640625 0.46171875 0.13203125 0.0953125
49 0.490625 0.465625 0.125 0.090625
49 0.24375 0.478125 0.1125 0.09453125
49 0.13359375 0.4859375 0.1203125 0.1
49 0.9046875 0.04921875 0.15078125 0.0984375
49 0.6328125 0.053125 0.134375 0.10546875
49 0.7609375 0.05390625 0.12734375 0.1078125
49 0.871875 0.5515625 0.11875 0.09609375
49 0.6171875 0.5609375 0.121875 0.09921875
49 0.74765625 0.5671875 0.1390625 0.10703125
49 0.50078125 0.56875 0.1359375 0.08828125
49 0.3671875 0.57890625 0.13828125 0.0984375
49 0.153125 0.59375 0.1125 0.109375
49 0.253125 0.59375 0.10546875 0.11640625
49 0.50625 0.065625 0.1375 0.10703125
49 0.628125 0.671875 0.121875 0.08046875
49 0.7546875 0.675 0.11484375 0.09140625
49 0.3734375 0.69375 0.11640625 0.084375
49 0.503125 0.6984375 0.12578125 0.08203125
49 0.246875 0.709375 0.13828125 0.09140625
49 0.240625 0.0734375 0.15 0.109375
49 0.871875 0.7671875 0.125 0.09765625
49 0.63359375 0.77265625 0.1046875 0.1015625
49 0.7625 0.7796875 0.12109375 0.0875
49 0.3890625 0.7890625 0.13125 0.08125
49 0.51875 0.79140625 0.13984375 0.0921875
49 0.7578125 0.1921875 0.14375 0.1125
49 0.8953125 0.19296875 0.13984375 0.0984375
49 0.62109375 0.1984375 0.1296875 0.10234375
49 0.4859375 0.2171875 0.16015625 0.10625
49 0.3390625 0.2203125 0.13671875 0.11875
49 0.20234375 0.228125 0.1390625 0.1125
49 0.07890625 0.2359375 0.1171875 0.12109375
49 0.8859375 0.32734375 0.13515625 0.0921875