32 0.24070134257641324 0.6720725429530063 0.18750109468490822 0.13978522868809903
32 0.8265393925843675 0.6305051008832004 0.3350306226925441 0.20030885471063123
32 0.12450472525463999 0.5835064849563052 0.11813292934436315 0.0846598079967011
32 0.06605642592300355 0.5693015809579547 0.13083292401336302 0.10221102084968266
32 0.38137289059518514 0.5378375984424248 0.16558973201781732 0.13602373119538153
32 0.04113188796945595 0.501272994985435 0.0822637759389119 0.10254598997087001
32 0.2529120832670485 0.4958055596460538 0.1467670066836356 0.12922816191590947
32 0.5547109406031392 0.4842676322242312 0.20479768268618095 0.14966033386094857
32 0.18677855327023019 0.47043583511458975 0.15139996268299924 0.12467705423577727
32 0.8636683172740481 0.46199679328221077 0.26429995202099904 0.16232546991261038
32 0.13440807861236612 0.4040463054894186 0.1484931386855446 0.143336126022532
32 0.8557472766152296 0.403934240695786 0.26419086401972647 0.15295046991261038
32 0.79115861262732 0.3129622482176334 0.33717492536599847 0.2503543188172538
32 0.7017523093173189 0.13842759798020648 0.2477124360279987 0.21338786473976096
32 0.6647522959898187 0.09436770942126216 0.23924540802036276 0.15691054420664755
32 0.15422585120946025 0.9172964632486929 0.15559656667727223 0.08262594655564541
32 0.28827413454809636 0.8821211443649322 0.19038973734881742 0.11956365690134448
32 0.6579326538829144 0.8819359055811962 0.3015090506842718 0.13841660847155488
32 0.9141468385582776 0.8253067870140045 0.1546522320178177 0.1357054824490227
32 0.6611945612269594 0.8030978517411302 0.2906442760184538 0.14434835972519586
32 0.9025377239020045 0.7483805741610231 0.17976132001909023 0.14580790815498545
32 0.1259297705681409 0.7296911631695506 0.11666133601209036 0.09242684389007856
32 0.5643746525700499 0.7283813450772126 0.273674952020999 0.1625982545523465