49 0.0953125 0.46015625 0.11484375 0.1390625
49 0.2078125 0.49765625 0.14140625 0.1796875
49 0.375 0.54375 0.18046875 0.11171875
49 0.8328125 0.55 0.33203125 0.19296875
49 0.5796875 0.56171875 0.21484375 0.1421875
49 0.18828125 0.646875 0.1046875 0.08828125
49 0.334375 0.6703125 0.171875 0.09375
49 0.165625 0.7296875 0.11015625 0.078125
49 0.59453125 0.73828125 0.2046875 0.1765625
49 0.8859375 0.746875 0.11640625 0.17578125
49 0.76875 0.7484375 0.13359375 0.18359375
49 0.1890625 0.8453125 0.19375 0.096875
49 0.4015625 0.8875 0.2 0.16953125
49 0.83125 0.9296875 0.33515625 0.13984375
49 0.1859375 0.175 0.16328125 0.115625
49 0.8625 0.21953125 0.275 0.1171875
49 0.3671875 0.2953125 0.196875 0.11640625
49 0.58125 0.2984375 0.21796875 0.121875
49 0.8359375 0.30625 0.328125 0.090625