49 0.876918783355371 0.575 0.24616243328925796 0.16875
49 0.639478495588986 0.5296875 0.3339323439616777 0.140625
49 0.3264119295556123 0.4890625 0.34864994120271564 0.153125
49 0.6910266282215598 0.41015625 0.3368935696514182 0.1375
49 0.37898365162730824 0.3890625 0.3553912641334941 0.1625
49 0.10490434249133965 0.3171875 0.18720783016686773 0.203125
49 0.6594380342598821 0.26953125 0.3308073439616777 0.140625
49 0.8752152235978048 0.2109375 0.24956955280439042 0.2265625
49 0.35670145861557023 0.1875 0.33548819990914297 0.1703125
49 0.6840175531430748 0.12734375 0.31714763568479165 0.178125
49 0.3958690999545715 0.08515625 0.372988199909143 0.1703125
49 0.10915367198083885 0.0703125 0.21781602103089917 0.13125
49 0.8453218422084262 0.89609375 0.3093563155831475 0.121875
49 0.8844999892574078 0.79453125 0.23100002148518434 0.1484375
49 0.3904456105815627 0.8015625 0.2640027035271876 0.2671875
49 0.5474425610565326 0.77109375 0.18260221732199752 0.2046875
49 0.702747536746273 0.76796875 0.23589099163225705 0.2078125