53 0.8665880503433797 0.5670811436627434 0.18882637254713258 0.1891012305182395
53 0.5033213877958097 0.5411951590873143 0.1983923735357159 0.1939523717519414
53 0.704279051331963 0.5595571956119081 0.1870092045623551 0.1828239569792892
53 0.31376413927868446 0.5308501741048479 0.2210950444862429 0.21464670129724617
53 0.10947649973426368 0.5146273360381265 0.21895299946852737 0.23364216314779931
53 0.8187196002296491 0.7249521448805595 0.11351335475263546 0.10347164772652384
53 0.5014538457810248 0.7405230032431156 0.137714858706968 0.12263075081077872
53 0.38576517878483035 0.7400672613607904 0.14016869665368964 0.1445330243497292
53 0.06945834754822638 0.724882997564368 0.13891669509645277 0.13882849512873605
53 0.8650295730436117 0.8547584216659206 0.10238485376405251 0.09859323295387128
53 0.6859031471501689 0.895412874995057 0.12208985870696817 0.12235801542127547
53 0.5639326466558773 0.8956292889569305 0.12301568874502422 0.10676028896022557
53 0.31973697768251647 0.9023121168806775 0.14303902866891205 0.13833757142762976
53 0.1891727271882249 0.9023785263783243 0.15066052768032887 0.13378643912238175
53 0.06787066053322272 0.9141227755675452 0.13574132106644543 0.13082508035608384
53 0.303480485665544 0.07331436363426665 0.21178902866891205 0.13953760714144486
53 0.4754363987074056 0.0935155896882792 0.16029019566510638 0.14020008035608367
53 0.6059542282511702 0.11377531696010776 0.1337913626613009 0.14129893019392786
53 0.7148198922816149 0.12818446468663156 0.16574169961943924 0.1590319009729347
53 0.606193014297275 0.3381577081938098 0.14377385771838505 0.11805234496658024
53 0.46748068277634414 0.3271366132272296 0.14728085969555132 0.127481892044481