49 0.35044549544737685 0.699289254757511 0.12195639081820957 0.14132282092583354
49 0.3403918294028888 0.3153316317219817 0.10182367328319834 0.11076202564056317
49 0.3643903331224333 0.8473992690255345 0.10131855913900915 0.16686647642635144
49 0.3309846344080688 0.09654524441842874 0.09869867328319834 0.11061647642635145
49 0.353088844290085 0.5543213571148758 0.1250086162111037 0.13990587014004524
49 0.35262646381095764 0.4267228959900053 0.11846751778268035 0.1333647717116218
49 0.34392774420903177 0.20633762138289943 0.09535534946188076 0.10578342721213971
49 0.44526761228216233 0.129586722706807 0.07936647642635145 0.09724318114108117
49 0.4575921379227255 0.22609784967127772 0.08031254631872749 0.1175556811410811
49 0.47153482154500603 0.3405413393321955 0.0864897717116218 0.11628427956950453
49 0.4901073089296122 0.6888696774215367 0.12457196856846853 0.13053087014004525
49 0.48615605541495555 0.5536042655108779 0.09107026385373888 0.14767982878371627
49 0.509030745033092 0.8430113678682428 0.09953773531769165 0.1621062018192454
49 0.5637587088485589 0.3370288875129499 0.11701202564056316 0.10211477171162171
49 0.5717596075246514 0.44157083829873817 0.10880141935425698 0.12667812406898663
49 0.5851393649682495 0.560738215263209 0.10553087014004525 0.1234075748547749
49 0.5978834216260592 0.6830669795312325 0.10604029238978611 0.1343450748547749
49 0.6160791116584805 0.8215836699779386 0.10124578453190339 0.16530397642635145
49 0.6531443864749834 0.27257893569370434 0.10684081306795061 0.1515325748547749
49 0.6880610037195444 0.5011384292835636 0.10723891935425697 0.12660534946188076
49 0.7109805810555188 0.6402180459089519 0.11687078453190339 0.16603172249741008
49 0.7404070235691393 0.8181418387130229 0.10866017824559701 0.1905950748547749
49 0.21751533312243326 0.8542400820934851 0.12824493217453847 0.17591614474715095
49 0.22482691128697704 0.6918299733259795 0.12431941149637397 0.1585830955329392
49 0.2275430347367911 0.5484245756833444 0.11563361621110371 0.13946922249741006
49 0.22949717886476959 0.422279452647815 0.11912248924663302 0.14742727171162176
49 0.22256001240599682 0.18928501613005047 0.1077825748547749 0.10480312406898662
49 0.2290711856891951 0.2954622415229446 0.09742727171162172 0.11679370181924557
49 0.22929370181924558 0.08170795657675653 0.09601032092583343 0.11984592721213971