83 0.6425539179125683 0.9143850174465751 0.06643058344622813 0.07609094155801373
83 0.6280011742441464 0.74444466436232 0.06980124491161739 0.0808329886359143
83 0.6173679686807938 0.6340020422033413 0.056809921980838854 0.07123980032431163
83 0.606343016735486 0.4265889626580367 0.08385710085908257 0.11073867694751698
83 0.5874934401866628 0.5326071375769588 0.06083568068726599 0.08848184740221221
83 0.5676644555633524 0.12016563879477478 0.0638721494796016 0.11663412094116259
83 0.5728720974681807 0.42365883157060436 0.06379690637700666 0.08541139448011296
83 0.5677552295349277 0.3422451903369023 0.062480067842395924 0.09007162094116258
83 0.5534215711217562 0.04875824309684586 0.055656857756487634 0.07902502678536122
83 0.532559199458917 0.7154099549473989 0.12439356965141819 0.13954551542127547
83 0.4958725062200364 0.49034572523993847 0.11722952283992143 0.1815693741875734
83 0.49650111149013315 0.9110536915547183 0.10128361827193721 0.14538641233702024
83 0.466523600181714 0.3490797970746054 0.11525758706427283 0.17372960064862308
83 0.46459044945891703 0.7142235560030591 0.10629866689245623 0.15171823295387146
83 0.435530306988262 0.20934909537032204 0.1015226356847918 0.1797341387980701
83 0.4506242039814728 0.5927752499967047 0.10662621551297527 0.15796823295387147
83 0.40778816655377187 0.08218657751341459 0.10917800542706697 0.14708528003177207
83 0.37599485470426985 0.2262950876596843 0.11763895861557021 0.18938187418757346
83 0.32140037143975586 0.6413473433417272 0.12867827792830405 0.10215460957707681
83 0.3221462426523691 0.8509268948838546 0.1336114393936933 0.10692393019392776
83 0.30719843057572443 0.5691586976437982 0.1236632293077851 0.09582278896022593
83 0.2958061499338869 0.7417740373353727 0.13352955223856364 0.10536143019392785
83 0.25159464100031703 0.33203479869945846 0.11896908525525038 0.1254011948044244
83 0.20644043475959598 0.6714012617678276 0.11001016508343382 0.10338982710967279
83 0.1834455065587207 0.2596864659077428 0.13838082654882317 0.1085682508107789
83 0.16738673733684384 0.3422944143656153 0.13196705223856364 0.10533415665497756
83 0.16812596449692238 0.5221591923687925 0.13763719810012068 0.12416597727182861
83 0.14849289518418846 0.43423645251506227 0.13550148801421238 0.11320120373287815
83 0.08670438263257398 0.12115402556754522 0.1391178109449909 0.1226307508107789
83 0.8915203623946443 0.8937078733702041 0.07325379353213642 0.08713753571381488
83 0.8487120646786366 0.8749754642795946 0.08147572930778538 0.09508640340856686
83 0.8184302589335699 0.4232532771858077 0.06617827792830404 0.10106366801906326
83 0.8224106727738082 0.5711140787279353 0.06626016508343388 0.10262616801906325
83 0.7734441440525347 0.04321517531936862 0.06873671189493055 0.060520488635914284
83 0.8040579839459419 0.8765419184195098 0.06749511646291495 0.09640344155801372
83 0.796328450363428 0.6957731594910561 0.0729262449116174 0.08088753571381488
83 0.7905598072154046 0.6417169050268292 0.07268058344622812 0.07620003571381488
83 0.773142092379798 0.3473941607088721 0.06355124491161739 0.08072389448011297
83 0.7787835035065029 0.5680066696373258 0.065025213703953 0.10884889448011296
83 0.7717632988476616 0.4333862077867727 0.07407266508343398 0.10276253571381488
83 0.762723570783072 0.277617448858319 0.06001680913596861 0.07285684740221221
83 0.7572791542293 0.2024538076246169 0.07201884215265544 0.09336026217486462
83 0.752984479873612 0.12027255316039005 0.06379690637700648 0.08541139448011292
83 0.7304377725012372 0.05810378976770945 0.0641244549975255 0.09166139448011293
83 0.7325536346687389 0.5101163031603901 0.074400213703953 0.10901253571381489
83 0.7236400593631112 0.3668611810014115 0.07325379353213642 0.08713753571381497
83 0.724765468114967 0.4349117516182625 0.06955558344622811 0.0761454886359143
83 0.6891952968114967 0.05425604098552543 0.06848440637700648 0.08549321509696392