49 0.6160875665513663 0.192653191836449 0.1876555778660478 0.2963942527304745
49 0.6153507265850701 0.45359523701598886 0.1686237767345796 0.24784766842151912
49 0.6101036486208266 0.6840412611182897 0.16410899355709246 0.2775078973442803
49 0.47130633167667674 0.23478108362158437 0.14997377068445542 0.2649260841125637
49 0.46456038622599055 0.45428051736480574 0.12630901170746506 0.2257272287263694
49 0.47497921487760514 0.6777861950579028 0.13274081888905725 0.25701359016268766
49 0.34774156664956213 0.2559379452542946 0.14210672852997774 0.2555056323171656
49 0.34889902478967205 0.459857830792914 0.1434510599120669 0.21801472267624522
49 0.31099398292978186 0.663550457354543 0.15451582493918145 0.2399533551898026
49 0.9221819886853184 0.4897564925751337 0.1515271803253757 0.26337267447164336
49 0.2055767925472612 0.25120447257804934 0.13593854176169423 0.2695317708808472
49 0.9010574641902341 0.22634343236847926 0.17679989109776423 0.31039312021691723
49 0.19501550068737106 0.45505618042357165 0.14484993344863373 0.1898988130353249
49 0.18283716667300323 0.6682737979100143 0.13423059601642037 0.24452268052176757
49 0.9206957149758012 0.7452252425751336 0.15160899355709248 0.27743517447164334
49 0.7614455183467642 0.18568609523085344 0.137555583916172 0.2789158612399268
49 0.7575336814055303 0.455203709692234 0.11428171037960518 0.3069045058537325
49 0.7443286576960129 0.7106042819991368 0.10322603571156996 0.28652837334017517