26 0.7152394706398925 0.672270257186636 0.3798845148871962 0.2605397417545564
26 0.4632745562480342 0.6998969153191402 0.2569564371369372 0.2642878260824803
26 0.24792138399829328 0.698321191839261 0.2817723465663966 0.22833491553090166
26 0.4401581956185018 0.5066250574548674 0.23529976095825483 0.2677012524190744
26 0.2642849003332315 0.5151824681476203 0.2327911910658786 0.24729774715740263
26 0.10581006337979146 0.5147288998870605 0.21162012675958292 0.21926375241907436
26 0.41739289950466196 0.22171943643641479 0.25815937220695984 0.3235718208208085
26 0.24262833995136807 0.22329109976000364 0.24434942927905431 0.2947187787274337
26 0.09036813482235356 0.2374005604386391 0.18073626964470713 0.3185511208772782
26 0.5194195866461083 0.9031459287556686 0.32574067038771415 0.1937081424886628
26 0.24027574214662634 0.9173764867752332 0.2924529813887502 0.1652470264495335
26 0.7875916978948133 0.8713638496894165 0.35917390860089 0.2572723006211671