26 0.7521581052673667 0.48152867584638537 0.3174987720400891 0.29713966217500315
26 0.5188910719287305 0.5219456393492485 0.320332870703362 0.27215784289316236
26 0.2890672119271397 0.5350006721339523 0.296695376034362 0.2548339875069681
26 0.8208519192393681 0.6873650645082627 0.23112382535009024 0.12477378278470379
26 0.4328882952339591 0.729463223560008 0.2232931440165446 0.12316583098930564
26 0.2295178472310956 0.7517387202403583 0.23261360001590833 0.1185328731437835
26 0.07398874661841132 0.7776704820460191 0.14797749323682263 0.1352840359079618
26 0.6905724312142327 0.8732667239527915 0.2564329080203628 0.15148172852997774
26 0.4677798212126419 0.8862808501216369 0.27554653469127166 0.18284081283893308
26 0.22459289521009657 0.9064444009585175 0.286174952020999 0.15634194535249044
26 0.058235929941139075 0.9090068404572754 0.11647185988227815 0.08511131908544911
26 0.761190396642274 0.17524685958960676 0.3585601240451798 0.3348760115110732
26 0.5146784759707286 0.21261609114464655 0.39002830004772515 0.3538078186926656
26 0.2344369926400467 0.19601648194782323 0.4248760147199066 0.39203296389564646