84 0.6947792205601868 0.8130569817855733 0.08143290802036277 0.15324701680591407
76 0.5649906285407785 0.9437473065963868 0.07956132535009015 0.11250538680722641
76 0.5412178685550961 0.844317616158523 0.06199201734563573 0.09310801285158128
76 0.5024911758832327 0.8810390247517603 0.06707950668363552 0.12767401384016425
15 0.4222395072008697 0.9840261260071739 0.05837612133990877 0.03194774798565234
15 0.32062246320023335 0.9863579471479813 0.08639203333863606 0.027284105704037387
15 0.26812526655000535 0.8707077253226018 0.08849997334499946 0.08950285178688588
23 0.2143019272358681 0.7270412969577007 0.1375556386855446 0.14460152866891213
15 0.20036560188577796 0.8499694609881457 0.10285337468172655 0.11507585475263546
23 0.10639052458627643 0.5968033572240934 0.14237040802036272 0.15573002965749527
23 0.08922920190168634 0.7281979372621494 0.16133858402290804 0.175244033611828
23 0.02199098929822889 0.5971124219391102 0.04398197859645778 0.15984984387822046
84 0.7591502558880052 0.8563241621276406 0.051199968013999356 0.10516234387822046
84 0.7374934318905505 0.8366828241809191 0.054524962682999244 0.12247717787060922
84 0.7494110818746421 0.9536495358547306 0.05107269867918127 0.0927009282905388
84 0.7164360445576413 0.8326983197322949 0.06081132535008997 0.1258568458553868
84 0.728453691876233 0.9418332391999471 0.057377242679817544 0.09916701186299832