52 0.8524410837849123 0.27078113740182674 0.11560506784239592 0.09293652286549073
52 0.6469214241285455 0.3217881098118306 0.12029256784239592 0.09310021397248339
52 0.7483234718445533 0.30024543730915954 0.12835072930778518 0.09806053248413757
52 0.08904472636710904 0.444583324502104 0.13681832654882314 0.11083335099579195
52 0.21372049977285737 0.4190971964644702 0.14742827792830412 0.10496529691210785
52 0.33777879748886525 0.3967633502780017 0.12925148801421243 0.11524803248413758
52 0.9111853199901023 0.3313441259690813 0.13484639077317412 0.102966287293461
52 0.8150849259375678 0.3644418573647598 0.13492827792830403 0.10452878729346109
52 0.7130244589542546 0.3883555617185963 0.14126016508343398 0.10630954210278443
52 0.47703604929788757 0.44042652632405177 0.15614153663473135 0.12242561542376222
52 0.5992861855485062 0.41345974383991424 0.14619332654882305 0.11116073320977696
52 0.2431014625722991 0.5018179272271764 0.16584408525525038 0.1290029976377472
52 0.10460885063194 0.5324826285857881 0.15893898801421238 0.11628474282842376
52 0.943439019391219 0.4104215015596445 0.11312196121756202 0.10927085099579195
52 0.8589820901164904 0.440394232955323 0.14611143939369348 0.10959823320977709
52 0.7560994295556123 0.4635539691603249 0.1480014880142125 0.11590279691210785
52 0.6479117933049937 0.4900296783234849 0.1544971494796016 0.12080855172143146
52 0.5292370364075888 0.5254810834029607 0.15005531094499086 0.1253323606144388
52 0.341143978403274 0.06041044918561796 0.17349281094499086 0.12082089837123593
52 0.4004060295101838 0.5612871525475871 0.15951219810012063 0.12722224282842376
52 0.26442094188008425 0.5949950083527025 0.16123847241038014 0.1304018065307547
52 0.12308993498267926 0.6312375871159758 0.16757035956550995 0.13218256134007814
52 0.899106964608464 0.10087537596908132 0.12152087516934244 0.11653771397248333
52 0.16737336499257682 0.2665277571715762 0.17858310266810493 0.16375994355406326
52 0.06251544662978262 0.2968005889300743 0.10144739258219668 0.1501488221398514
52 0.31799416270858466 0.24326632804548312 0.17011550542706697 0.150987125042409
52 0.7114299021931351 0.16378214765344573 0.1394453595655099 0.1312004146981227
52 0.5908241530976462 0.1922568664352525 0.1692966338757694 0.135362125042409