48 0.3625 0.4171875 0.04375 0.11328125
48 0.596875 0.4328125 0.10390625 0.15
48 0.51015625 0.4375 0.0734375 0.121875
18 0.3578125 0.559375 0.10859375 0.103125
18 0.5671875 0.58828125 0.11328125 0.0890625
18 0.4546875 0.5875 0.115625 0.11015625
18 0.6703125 0.6 0.10078125 0.10078125
18 0.76875 0.64765625 0.12265625 0.1203125
18 0.6125 0.68046875 0.09921875 0.0921875
18 0.70234375 0.70390625 0.1171875 0.0890625
48 0.2328125 0.2671875 0.06953125 0.0625
48 0.13125 0.26875 0.07890625 0.059375
48 0.3 0.2703125 0.07109375 0.06015625