71 0.62734375 0.2173676374387526 0.2375 0.19195779977412106
71 0.55078125 0.5429206452606732 0.19375 0.1769096524473092
71 0.6171875 0.3273341716396196 0.228125 0.19766176820408993
71 0.52421875 0.7772802347090947 0.24375 0.2063843208208084
71 0.503125 0.8964775557416645 0.2375 0.16227029977412108
71 0.82734375 0.1650939639447559 0.178125 0.1556870998305908
71 0.81953125 0.2608614902531151 0.14375 0.12712248407381013
71 0.8078125 0.33732527971565407 0.1625 0.14540204721387226
71 0.7953125 0.43102207180902885 0.1609375 0.13281104195220048
71 0.77890625 0.5280713770565832 0.1796875 0.16046560509226265
71 0.73046875 0.8183925401684107 0.178125 0.144749599830591
71 0.76328125 0.7203876796733018 0.159375 0.1467825366905286
71 0.1734375 0.7328671659544248 0.3265625 0.26745759968941646
71 0.26015625 0.4340663739316371 0.30625 0.23502453128768241
71 0.290625 0.32291677132903607 0.3171875 0.2387865681193854
71 0.25390625 0.5578678949783246 0.35 0.2578851786144941
71 0.39765625 0.058162568542908376 0.2828125 0.11632513708581675
71 0.3609375 0.1774152845538029 0.30625 0.25221203128768244