53 0.51015625 0.353125 0.1015625 0.11484375
53 0.74375 0.4015625 0.109375 0.071875
53 0.4828125 0.04375 0.171875 0.0875
53 0.6296875 0.4796875 0.11875 0.08125
53 0.1765625 0.4890625 0.115625 0.096875
53 0.4375 0.5265625 0.109375 0.08203125
53 0.68359375 0.53125 0.1171875 0.08203125
53 0.5578125 0.5375 0.128125 0.090625
53 0.625 0.58125 0.1375 0.10390625
53 0.48203125 0.5859375 0.1265625 0.09765625
53 0.3453125 0.5921875 0.125 0.09765625
53 0.7953125 0.0609375 0.084375 0.08828125
53 0.55078125 0.6421875 0.1453125 0.10625
53 0.2515625 0.65 0.11875 0.11484375
53 0.3953125 0.65 0.14921875 0.11015625
53 0.46796875 0.7046875 0.1484375 0.125
53 0.284375 0.7140625 0.15390625 0.13125
53 0.29375 0.07578125 0.221875 0.1515625
53 0.3703125 0.78515625 0.16640625 0.1359375
53 0.115625 0.11484375 0.23125 0.2296875
53 0.653125 0.128125 0.10234375 0.10234375
53 0.4953125 0.203125 0.11484375 0.13046875
53 0.78125 0.21015625 0.059375 0.0953125
53 0.3546875 0.2328125 0.115625 0.125
53 0.7171875 0.2375 0.059375 0.10078125
53 0.2390625 0.265625 0.15546875 0.125
53 0.6578125 0.275 0.084375 0.1