49 0.315625 0.3453125 0.12890625 0.109375
49 0.67890625 0.353125 0.1015625 0.090625
49 0.175 0.35234375 0.15390625 0.0890625
49 0.8859375 0.353125 0.10078125 0.08828125
49 0.453125 0.3546875 0.12734375 0.11171875
49 0.5734375 0.359375 0.121875 0.10703125
49 0.7828125 0.3609375 0.09609375 0.08515625
49 0.85 0.46015625 0.08828125 0.0703125
49 0.75859375 0.46796875 0.1078125 0.0703125
49 0.65 0.47578125 0.10625 0.0765625
49 0.3203125 0.478125 0.11796875 0.11171875
49 0.4484375 0.48046875 0.13671875 0.0796875
49 0.1734375 0.4890625 0.14921875 0.0875
49 0.64921875 0.5625 0.0921875 0.10703125
49 0.55 0.565625 0.115625 0.09765625
49 0.4359375 0.5734375 0.11328125 0.09375
49 0.3203125 0.5796875 0.12265625 0.09453125
49 0.1890625 0.59140625 0.15234375 0.0890625
49 0.70625 0.65078125 0.13984375 0.0953125
49 0.4890625 0.6734375 0.11484375 0.09609375
49 0.35625 0.6890625 0.15234375 0.103125
49 0.1859375 0.70859375 0.17578125 0.0953125
49 0.175 0.21328125 0.16015625 0.1140625
49 0.328125 0.22734375 0.14453125 0.1109375
49 0.4640625 0.2359375 0.128125 0.10390625
49 0.5828125 0.24375 0.134375 0.10546875
49 0.803125 0.246875 0.09453125 0.09765625
49 0.703125 0.2484375 0.10625 0.0875
49 0.9046875 0.25859375 0.109375 0.0859375