68 0.26316887794400257 0.4047029057142102 0.22278516136218052 0.2189104390337981
10 0.7048018472708665 0.4394928135399915 0.2416260680299077 0.22726850831327017
68 0.10108814330045605 0.5915078869095917 0.2021762866009121 0.22635922618081672
10 0.4772666459261853 0.5296788590002801 0.245005606699544 0.24923443652651542
68 0.2830439312540037 0.5759414082214926 0.20209085335772609 0.18550690564770314
10 0.44567010590391354 0.694605177026111 0.2844317333704529 0.28162103919208265
10 0.7413462325748224 0.6547624608744245 0.2765646893698165 0.2767062186589692
68 0.28096216856305023 0.7548476582214926 0.1773453920273624 0.20665447994174038
68 0.11958831655795954 0.7970304612036287 0.19449652936027148 0.20402958511458974
68 0.3111116505410967 0.9156343940357278 0.21112040802036267 0.1560921902874391
68 0.14684006520532408 0.9383768752311091 0.18570223734881747 0.11942726458147632
10 0.774974703214551 0.8521542864221028 0.24762152936027154 0.20557536473976085
10 0.5347127825430057 0.8950705267886843 0.27707267202418073 0.18612668276559177
10 0.4288233393141373 0.12888088862545136 0.2324147000318167 0.24105822367353408
10 0.6237182159850462 0.09708362816735658 0.20699652936027152 0.19416725633471316
68 0.08357502132400044 0.23191993824237525 0.16715004264800087 0.19866012351524953
68 0.24053245130491038 0.2023053314201731 0.2117749360279987 0.21234219028743925
10 0.661598381962138 0.2595612726320492 0.21960561736154424 0.21413201082055267
68 0.09037845731222824 0.4051301177092618 0.18075691462445648 0.1991147645814763
10 0.45461203795354754 0.3288437847062431 0.22581925469445321 0.21118886724704336