17 0.8561513485925699 0.5573631175762478 0.22151654977125013 0.25939904671392994
17 0.7040978861116324 0.5318593492338477 0.16174150626826406 0.24048391066226812
17 0.5856563574262852 0.5081143091838353 0.1523301386770836 0.238648626022532
17 0.47342846114975734 0.48298862556031363 0.16003353590354194 0.2341884465556454
17 0.9055291802802085 0.33082936130804164 0.1839801821800698 0.25674540815498564
17 0.760960909478646 0.291490413498755 0.18627003400368097 0.28804087226160835
17 0.637250652544792 0.2761799990755632 0.18946776918604194 0.2912568004748537
17 0.5190455132021182 0.2625912090255508 0.15549150626826408 0.24030205423577736
17 0.6588295922273966 0.9245897891920827 0.15389133225631965 0.15082042161583473
17 0.5132625190891327 0.9114927441275054 0.16065047853284736 0.17701451174498928
17 0.8112609951534381 0.775439516164322 0.19320971181534752 0.25076819279472173
17 0.6802467312857298 0.7482057632613281 0.14026654977125014 0.25703491316955046
17 0.5539017836224311 0.7203271526782024 0.15563697663298637 0.24655205423577725
17 0.43395230632385473 0.6988803985215671 0.16181424145062523 0.24360891066226814