49 0.9893811618040736 0.6227479282834383 0.021237676391852745 0.2823046601442362
49 0.7067424021931351 0.20450119566652836 0.25702900723608924 0.199496079406528
49 0.6963228013340526 0.09501709289298668 0.23590427973732647 0.1537471683123613
49 0.6865106258467106 0.5777925720914242 0.15766417231952304 0.29862195079743065
49 0.6821186177061103 0.35998747625173666 0.2490527329258299 0.19618924145062522
49 0.6145348857963333 0.8421986045764935 0.159731283355371 0.24873105357097244
49 0.5882700361804462 0.9742415062682641 0.13452548620519006 0.051516987463471865
49 0.4981917542954132 0.5578034611497573 0.09977642921692809 0.26606271751493066
49 0.4719102945481891 0.7709931389614241 0.1041496687014785 0.20061955547083343
49 0.4550547444573321 0.9365859641901737 0.10383540818602892 0.1268280716196525
49 0.4592765027135334 0.08325740282913233 0.21855300542706685 0.1502221248093752
49 0.4533684187014785 0.2087477120996879 0.22932008706427265 0.17700283035645853
49 0.44597972184455326 0.3357641537790629 0.22998182835784534 0.15985169794763907
49 0.4300216084338562 0.5374896547289933 0.1009294934412793 0.25828658510611113
49 0.365247536746273 0.7755332089655559 0.16055679895920322 0.23470492116215275
49 0.35591788161246185 0.9399460471120834 0.13270403663473135 0.12010790577583315
49 0.35732441485629124 0.5350173117390975 0.12033459068231726 0.27122299620027784
49 0.9626626108087052 0.8860914620996878 0.07467477838258958 0.22781707580062438
49 0.25758120590203676 0.12069893218006963 0.1728310696514182 0.141354964665139
49 0.24819731908559128 0.3436454696991321 0.1603310696514182 0.14106402393569456
49 0.24538550033868428 0.23043695488149324 0.1708591338757694 0.1335060970739585
49 0.22905225067736854 0.4547823382402433 0.16493668249628843 0.1396106267092362
49 0.2240958350281078 0.5537646988975696 0.18023413387576942 0.13372430262104196
49 0.21373926842890736 0.7134845378034029 0.17964099163225694 0.21174019984749998
49 0.17542147613996642 0.8756747600679862 0.14173819990914294 0.17340374525034719
49 0.9403527623244718 0.349091569525973 0.1192944753510563 0.2014923776591669
49 0.9414405495250302 0.18437510609510496 0.11711890094993968 0.20592530452090285
49 0.963355911351818 0.6047057898906953 0.07328817729636405 0.29702177678548625
49 0.09575955732694627 0.02563773926642369 0.12901911465389254 0.049820774885625106
49 0.0836102758921392 0.4787075346692709 0.12938868611433302 0.2355400693385418
49 0.07911869120271568 0.15477972539871535 0.11082239258219669 0.14927526101791674
49 0.9158263116223594 0.5909329241993758 0.10510573835289669 0.33797408510611116
49 0.8940077018297068 0.8786958829775002 0.13555015490666875 0.24260823404499945
49 0.723050070667471 0.8283380859591325 0.10011726594251655 0.2130104526972918