53 0.87265625 0.34375 0.1546875 0.11484375
22 0.6828125 0.346875 0.12265625 0.053125
30 0.1890625 0.36875 0.07265625 0.0625
22 0.575 0.3765625 0.11171875 0.034375
22 0.4734375 0.3890625 0.09921875 0.05859375
30 0.103125 0.4 0.05859375 0.05859375
53 0.884375 0.040625 0.125 0.08046875
48 0.24609375 0.46875 0.1234375 0.09609375
22 0.66328125 0.475 0.1796875 0.071875
22 0.49453125 0.509375 0.1515625 0.06875
22 0.353125 0.5296875 0.1 0.07265625
48 0.309375 0.5859375 0.11484375 0.10546875
22 0.58125 0.5953125 0.140625 0.0625
48 0.23125 0.5984375 0.096875 0.10234375
48 0.090625 0.60390625 0.11953125 0.1015625
22 0.4453125 0.6203125 0.13671875 0.05625
22 0.41875 0.0671875 0.1 0.13203125
76 0.32265625 0.70546875 0.0609375 0.0515625
76 0.1890625 0.71015625 0.078125 0.0546875
76 0.453125 0.73125 0.08125 0.090625
76 0.8015625 0.73125 0.1 0.09921875
76 0.3984375 0.74765625 0.06328125 0.0578125
76 0.0671875 0.7609375 0.06484375 0.08203125
76 0.15546875 0.76328125 0.1140625 0.0671875
76 0.55390625 0.7640625 0.0765625 0.10078125
76 0.70546875 0.765625 0.0859375 0.11796875
76 0.6 0.7671875 0.09296875 0.103125
53 0.7796875 0.078125 0.08828125 0.0875
76 0.74375 0.77421875 0.0875 0.0984375
76 0.2625 0.7796875 0.059375 0.06015625
76 0.3734375 0.78125 0.06796875 0.05078125
22 0.34921875 0.10625 0.0734375 0.09765625
22 0.2578125 0.14609375 0.065625 0.1046875
22 0.659375 0.171875 0.18671875 0.08046875
22 0.509375 0.1828125 0.13671875 0.1125
22 0.1875 0.184375 0.08125 0.09921875
53 0.81171875 0.2140625 0.1265625 0.07890625
22 0.41953125 0.246875 0.0890625 0.08828125
22 0.2625 0.309375 0.12734375 0.06796875