83 0.3253638331954575 0.37519725795672926 0.11818871266133195 0.14822041868236288
83 0.12258943506189654 0.4424136719844098 0.14935689204448094 0.14389654535327184
83 0.9216664943179571 0.02773990794082091 0.0995829886359143 0.05547981588164182
49 0.6978216655834313 0.582534306572277 0.6043566688331374 0.6133407200827234
83 0.8289022958600846 0.040058641947820585 0.12030459172016927 0.08011728389564117
83 0.7110971870937867 0.0462046466223884 0.11723413879807013 0.0924092932447768
83 0.6092949537328782 0.12262405191759469 0.12323076866768634 0.16858746268299923
83 0.36551372605401256 0.1684381806174568 0.10766822402541773 0.08248633068109026
83 0.8871296274339844 0.14752186521327826 0.14839440990138825 0.17825336401972636
83 0.7670489525150622 0.1622030778962775 0.13901940990138845 0.17814427601845373
83 0.6567660174498704 0.2009939525780041 0.13901940990138845 0.17814427601845367
83 0.06828594439738739 0.28598240599140945 0.1294262215897857 0.16553518801718106
83 0.3101870722384088 0.26675804929186553 0.10613299756436803 0.08403064934754481
83 0.4266205957773591 0.2669660399427299 0.13098872158978575 0.16555336935072645
83 0.19577574472169895 0.33763471797422845 0.15930463636243805 0.1768181333545445