49 0.9546875 0.346875 0.08984375 0.10078125
49 0.79296875 0.04921875 0.1359375 0.0921875
49 0.19609375 0.078125 0.0921875 0.04921875
49 0.4890625 0.7765625 0.49765625 0.44609375
49 0.0421875 0.09375 0.06796875 0.04296875
49 0.46484375 0.0953125 0.1109375 0.06171875
49 0.5578125 0.103125 0.11015625 0.06171875
49 0.03046875 0.14296875 0.0609375 0.0265625
49 0.06484375 0.146875 0.0546875 0.03828125
49 0.4359375 0.15625 0.11015625 0.06640625
49 0.528125 0.1671875 0.11796875 0.07578125
49 0.6359375 0.18515625 0.11796875 0.0734375
49 0.76171875 0.2 0.1265625 0.09296875
49 0.0828125 0.2109375 0.090625 0.053125
49 0.1484375 0.22265625 0.07421875 0.0515625
49 0.21015625 0.2265625 0.0734375 0.06796875
49 0.503125 0.2390625 0.0625 0.04609375
49 0.54375 0.2484375 0.05859375 0.04921875
49 0.39609375 0.26328125 0.0765625 0.0671875
49 0.58046875 0.27265625 0.0640625 0.0484375
49 0.4328125 0.28125 0.065625 0.053125
49 0.5046875 0.30078125 0.075 0.0546875
49 0.6734375 0.3046875 0.10703125 0.12578125
49 0.7234375 0.33046875 0.07109375 0.0921875
49 0.78203125 0.3328125 0.0890625 0.12578125