49 0.45234375 0.03359375 0.2640625 0.0671875
49 0.82109375 0.3453125 0.1671875 0.22109375
49 0.9296875 0.35625 0.13828125 0.20625
49 0.4671875 0.3578125 0.27109375 0.115625
49 0.671875 0.365625 0.165625 0.215625
49 0.2109375 0.42109375 0.22265625 0.1234375
49 0.0515625 0.4421875 0.103125 0.11875
49 0.46875 0.53515625 0.24453125 0.0640625
49 0.26640625 0.55625 0.1828125 0.075
49 0.08203125 0.56875 0.1640625 0.08125
49 0.9265625 0.5796875 0.14609375 0.19140625
49 0.79453125 0.5828125 0.1484375 0.19765625
49 0.67421875 0.5875 0.1328125 0.2
49 0.4828125 0.5984375 0.23671875 0.06640625
49 0.253125 0.65625 0.20859375 0.125
49 0.07421875 0.6625 0.1484375 0.11328125
49 0.47890625 0.6671875 0.2484375 0.08125
49 0.19609375 0.07578125 0.2203125 0.0796875
49 0.8609375 0.76796875 0.11875 0.1484375
49 0.65 0.7734375 0.12109375 0.13671875
49 0.75625 0.778125 0.11171875 0.14609375
49 0.54375 0.7890625 0.11796875 0.140625
49 0.45 0.7921875 0.11171875 0.15625
49 0.2984375 0.79921875 0.184375 0.1453125
49 0.1421875 0.8328125 0.15234375 0.115625
49 0.70625 0.084375 0.17890625 0.16875
49 0.8640625 0.08515625 0.18359375 0.1703125
49 0.4671875 0.090625 0.275 0.04921875
49 0.95859375 0.925 0.0828125 0.11953125
49 0.50703125 0.9375 0.2109375 0.12265625
49 0.81328125 0.9453125 0.1328125 0.10859375
49 0.475 0.1421875 0.31328125 0.06015625
49 0.17890625 0.1578125 0.2640625 0.09609375
49 0.234375 0.3203125 0.19296875 0.07109375