37 0.63125 0.3765625 0.19765625 0.065625
37 0.4328125 0.39375 0.18125 0.05625
37 0.22578125 0.403125 0.2046875 0.07578125
37 0.6453125 0.4578125 0.21484375 0.059375
37 0.4359375 0.4625 0.2 0.06953125
37 0.21640625 0.475 0.2140625 0.05625
37 0.8875 0.4890625 0.22421875 0.06953125
37 0.2296875 0.52265625 0.20546875 0.0515625
37 0.63125 0.596875 0.175 0.05859375
37 0.83046875 0.603125 0.1984375 0.05
37 0.4515625 0.60625 0.18203125 0.04765625
37 0.07578125 0.6265625 0.1515625 0.04609375
37 0.6359375 0.64765625 0.18046875 0.0671875
37 0.459375 0.65703125 0.175 0.0671875
37 0.08203125 0.671875 0.1640625 0.04609375
37 0.27578125 0.69375 0.1890625 0.075
37 0.85 0.7046875 0.2125 0.1125
37 0.8609375 0.853125 0.19453125 0.07265625
37 0.6625 0.8546875 0.18203125 0.065625
37 0.2765625 0.896875 0.17109375 0.07578125
37 0.8765625 0.903125 0.240625 0.06328125
37 0.65625 0.91953125 0.2125 0.0828125
37 0.25703125 0.96171875 0.2046875 0.0765625
37 0.8828125 0.9625 0.234375 0.075
37 0.65234375 0.18203125 0.2453125 0.0640625
37 0.63984375 0.2359375 0.2359375 0.06640625
37 0.20859375 0.25625 0.2671875 0.07578125
37 0.796875 0.275 0.128125 0.08203125
37 0.928125 0.28125 0.125 0.071875
37 0.634375 0.284375 0.21484375 0.06171875
37 0.21796875 0.3125 0.2640625 0.0625