53 0.9197796147633618 0.5007243241610231 0.16044077047327648 0.19424540815498564
53 0.5631680115774274 0.5164890988381363 0.20121155128112633 0.19934208511458973
53 0.7713251139347921 0.5131835570722643 0.19296240363849115 0.18973976458147632
53 0.3694372822555917 0.5280163175636126 0.22715762117350255 0.22038201082055267
53 0.14977975371954444 0.5356683785298145 0.24053091645877273 0.23949572367353406
53 0.9229155008240604 0.6689514869348623 0.11574062406898662 0.10635295157021041
53 0.6054412105011888 0.7205688450772125 0.141613919354257 0.12583037727617316
53 0.4874553438758003 0.733519822973889 0.14263276385373888 0.14770537727617317
53 0.14601486062502328 0.7563529515702104 0.17515416542531548 0.1424101235152495
53 0.9722432969379001 0.7965513011997695 0.05551340612419971 0.09946645407749273
53 0.8248355274980808 0.8580246956312086 0.12442641935425698 0.12533027210332365
53 0.7014900727833511 0.8731602991547055 0.12526117328319836 0.10975073620994635
53 0.45498109987165625 0.9073377562016992 0.14702916542531544 0.1415917695960413
53 0.32222425785337366 0.9214193250854599 0.15306084160399785 0.13708612602253217
53 0.18986767617417324 0.9408212282923877 0.16341614474715102 0.1183575434152246
53 0.2616138961948931 0.07236805964605372 0.2132705955329393 0.12323422618081659
53 0.44026543507002264 0.0721049498543507 0.16178087014004522 0.12329641066226811
53 0.5762393223735754 0.07684157713052397 0.13372864474715093 0.12404055674305985
53 0.6905201461948931 0.08484795691397969 0.1654152923897861 0.13432483887551347
53 0.6240005419755015 0.2982452156894683 0.14601032092583352 0.11971676959604131
53 0.4813956650110307 0.301897749933493 0.14971751778268025 0.13230769780928667