49 0.7203125 0.6776807647543854 0.16875 0.13968853558899424
49 0.584375 0.6488447934232976 0.1515625 0.13898819863085593
49 0.44921875 0.6137269885941125 0.1609375 0.14249520060802218
49 0.30234375 0.5790866862363853 0.1734375 0.14925453657757756
49 0.16015625 0.5450366328900749 0.1640625 0.14887253460041094
49 0.878125 0.6001566481387519 0.1625 0.13787136760421675
49 0.74453125 0.5548189263133725 0.159375 0.147119033611828
49 0.61171875 0.5281993709898958 0.1515625 0.14992569863085592
49 0.3375 0.4706229288220115 0.1625 0.13943386760421675
49 0.471875 0.4917100671492937 0.153125 0.13123936562705046
49 0.21484375 0.4287457880232711 0.1421875 0.13391869665368966
49 0.10078125 0.39901847874546176 0.15 0.14048703163466164
49 0.521875 0.9334227232710732 0.1625 0.09724636760421675
49 0.65703125 0.9419780281002584 0.1546875 0.06880303262324468
49 0.89375 0.4768637281768081 0.1484375 0.13729836463846717
49 0.628125 0.4158121175298547 0.1515625 0.13898819863085596
49 0.76640625 0.435177588366651 0.171875 0.153878369581383
49 0.5078125 0.38321447623682275 0.1640625 0.1332475346004111
49 0.36953125 0.34666150540002644 0.1703125 0.14443970258518873
49 0.14765625 0.28773346885963 0.1453125 0.1496710306460784
49 0.2515625 0.307718363612703 0.1390625 0.1525413626613009
49 0.390625 0.915333250951402 0.16875 0.14437603558899426
49 0.66640625 0.30018977612309206 0.146875 0.12004719764227278
49 0.8 0.3213087479484716 0.14375 0.12929486364988402
49 0.40390625 0.2257295814837498 0.14375 0.12304486364988403
49 0.54140625 0.24590813581864338 0.153125 0.12342686562705033
49 0.275 0.1833258586697871 0.16875 0.13656353558899426
49 0.11328125 0.8586653927759066 0.184375 0.15907520555093804
49 0.934375 0.2478646362757539 0.13125 0.13972302768032885
49 0.69609375 0.1935113531953986 0.1359375 0.13835152866891204
49 0.83359375 0.2121274075302922 0.1484375 0.12636086463846719
49 0.44296875 0.12726290657889 0.1578125 0.12361786661563356
49 0.5796875 0.15059829441188077 0.1703125 0.13818970258518867
49 0.6859375 0.8361126886706621 0.1796875 0.16044670456235507
49 0.83125 0.8622229080245838 0.171875 0.14450336958138302
49 0.54375 0.8020626353243518 0.1625 0.14568386760421675
49 0.40703125 0.7545084974913611 0.1953125 0.15952087452429886
49 0.2515625 0.721780863612703 0.171875 0.164815869581383
49 0.11015625 0.6861364767682954 0.1734375 0.16019203657757758
49 0.028125 0.656666494068501 0.05625 0.14916701186299797
49 0.8546875 0.7175179030816679 0.165625 0.1379987015966055