53 0.8948863910276066 0.4329937908406258 0.1783519400324213 0.14306293502986128
22 0.7038268974377473 0.4043018271254173 0.13616013192686935 0.07496624525034737
30 0.19748916025802893 0.344026676196146 0.08630568114108113 0.07692748233256949
22 0.5874741513666888 0.4172356253780561 0.12107878742738745 0.052763936929722276
22 0.4821145632773476 0.41243706297336846 0.1143579065339754 0.07601959897381949
30 0.10439197766920572 0.36141223831649316 0.07031680810555187 0.06875130642076392
53 0.9459781259310134 0.12525467923336886 0.1030950748547749 0.10229115824437507
48 0.236108550457066 0.4552012187492016 0.1460830955329393 0.12046058320625015
22 0.6579792423515142 0.532280703550313 0.1984075748547749 0.10450958130638917
22 0.48016245740532604 0.5383092319513199 0.16835620181924557 0.0960060970739585
22 0.33325107010177313 0.5356719283803475 0.11664815260503385 0.09168096656499998
48 0.27776089537083276 0.5852166802802086 0.13863446856846862 0.12809124525034737
22 0.5520309952469983 0.6408724939191671 0.1571276033908223 0.08950152393569458
48 0.1956568707637269 0.5848698817432293 0.11959337014004516 0.12140483415618064
48 0.062056832300627564 0.5674615633546181 0.12411366460125513 0.123512848023889
22 0.40877114681857485 0.6437948593261462 0.15044095574818694 0.07998105357097245
22 0.4882041672873423 0.08018760742628514 0.12671666542531543 0.14030030452090286
76 0.26806906410591713 0.7093445113022572 0.07158820967712849 0.06253767401194459
76 0.13200528556986982 0.6920998470739586 0.09219180810555186 0.0692604526972918
76 0.39642735049984723 0.7576937051658337 0.1017508986760924 0.10694229065319441
76 0.7503485630724598 0.8159855159550006 0.12264559553293938 0.11991506933854187
76 0.3381782028572121 0.7657231042921531 0.07656680810555186 0.06889677678548622
76 0.019400547561581875 0.7234745208015625 0.03880109512316375 0.09382404160312507
76 0.08748899814248237 0.7411179221120834 0.13049232878371628 0.08732077488562506
76 0.4926088376795656 0.8084223634102088 0.0974272717116218 0.11464568787965276
76 0.6462411058765307 0.8346790049370838 0.11087334160399784 0.13524912860909738
76 0.5374846900369304 0.8188520235544449 0.11646837014004525 0.1213320989738194
53 0.8534802568244256 0.14656467514930627 0.10792812406898662 0.10552526101791675
76 0.6830497471090251 0.8503955771254172 0.1083647717116218 0.1149002610179167
76 0.1930283686968123 0.7756403521079516 0.07202485731976357 0.0719126740119446
76 0.30550909801864784 0.795464502468542 0.07947348428423436 0.06428201196784719
22 0.4096596362700956 0.10416866166284758 0.09259422249741008 0.11141158510611118
22 0.30998496794929603 0.1284400034184725 0.08819782092583343 0.1175524823325695
22 0.7123051391655798 0.22227057712541728 0.20821922249741007 0.11410278685347242
22 0.5573094241117678 0.20849575180295185 0.16094611621110372 0.13797539152687516
22 0.2312948877178377 0.15554605765503493 0.10375004631872757 0.11635365824437507
53 0.8592849929706865 0.2906056158787507 0.14520980024766894 0.10171058320625015
22 0.45405383747016864 0.2592750421718059 0.10792812406898662 0.1055252610179167
22 0.2826668349889693 0.2951729085287155 0.143137877997928 0.09073671561506957