49 0.06859399112423059 0.33372952886860796 0.13718798224846118 0.14697995776545092
49 0.20593025893356992 0.4218350155732541 0.2720675090451115 0.2572943734375269
49 0.0924697037543302 0.43183309990117796 0.1849394075086604 0.2285631577089811
49 0.3476463681603955 0.5288270101704079 0.24994684757972224 0.2513327997741211
49 0.6143215338096562 0.6438806757013096 0.4429332869734157 0.36694093117474297
49 0.12464479590698554 0.07386868145709162 0.13196040818602892 0.14009292093374795
49 0.25471407621013886 0.13394787869919877 0.22494684757972222 0.24987671558737148
49 0.3795160023748492 0.17491305489461856 0.2367032191310198 0.2661387524190744
49 0.6579032739715751 0.2608707546263873 0.24787973654387443 0.3010597839891055
49 0.7944748597926525 0.34640497817685373 0.17947721732199753 0.21451606826055974
49 0.8994246313893786 0.4222610938630472 0.17363665309764614 0.22196454721387227