51 0.14895329973769672 0.5533341191764484 0.1567658990890261 0.20161116689245623
51 0.04237100535747759 0.4908606953865872 0.08474201071495518 0.19734639077317442
51 0.8967409805930704 0.723231534371424 0.140704389470379 0.18829229534115868
51 0.6967062642583343 0.6689180913596859 0.15660220798203356 0.19692366689245625
51 0.47337045717942533 0.6094700910210016 0.15046133538669526 0.19972111827193723
51 0.35479407197021534 0.5758619736535756 0.15202383538669526 0.1998030054270668
51 0.21410461770119685 0.34620769391624917 0.13815974282842386 0.16008540818602893
51 0.8230753352170591 0.5017859023046768 0.14204863466105583 0.18212418249628842
51 0.7366393274125109 0.4667314716174106 0.1467906983633867 0.18393234396167765
51 0.9195956711519087 0.5170191559227214 0.1342906983633867 0.18327724672063966
51 0.6320708785009701 0.4354228386461524 0.14204863466105594 0.18212418249628842
51 0.413477135124392 0.3746579997728574 0.14226688947037935 0.18837418249628843
51 0.30659221806401654 0.3424452860689045 0.14862601687504098 0.19182673111680745
51 0.08956097468743852 0.2817623343507393 0.16118058057737186 0.1940443283578454
51 0.6486557216922136 0.27427729873206064 0.11346727767481432 0.12291960085908267
51 0.4835590005481542 0.2280563167107421 0.11179565027015244 0.11971271370395284
51 0.9368898424734533 0.33556111600862965 0.11192462504240908 0.16806832654882314
51 0.8572122661572508 0.3086876775194474 0.13379962504240908 0.16921474672063966
51 0.7595659398410481 0.28087253674627305 0.13708831614940156 0.17406602103089916
51 0.20245782268800552 0.11940285447712724 0.10244049763774728 0.16445200361804463
51 0.390992043832065 0.1668521438253921 0.1385962524470708 0.1725854081860289
51 0.2903571267716895 0.13496697874195823 0.14048613466105583 0.18204229534115862
51 0.05354906361751285 0.7573045669378847 0.1070981272350257 0.22085913387576941
51 0.13166656289972262 0.7794052962456698 0.14475697241000382 0.2150185696514182
51 0.37922111997863156 0.8401225474888653 0.12255459019601869 0.2044971494796016
51 0.5430008777831798 0.8792303923550542 0.13823415389834964 0.20687852103089915
51 0.8269195207969382 0.9282400231786057 0.10493058057737166 0.14351995364278877
51 0.8658183296899455 0.9341148869279872 0.09210319836338669 0.13177022614402567
51 0.6284200226110368 0.8975898094746529 0.13667165389834962 0.20482038105069417
51 0.3027231073647598 0.8118503833099424 0.12028276206571756 0.18410276232447204
51 0.22517102623923382 0.7913497755534549 0.10454863466105584 0.1801588907731743