83 0.6106728378249968 0.3425901459854961 0.11615224082661779 0.09601032092583353
83 0.8699523890546608 0.3710769807650684 0.15099084913967847 0.17729886228216235
83 0.3684035245932803 0.3453725818840882 0.13502041549465282 0.11719611621110379
83 0.2301404553114395 0.3358070291552198 0.13969882513557327 0.1158519400324213
83 0.08619955777076754 0.3619242653014809 0.14439541549465285 0.11763276385373889
83 0.9154552657144857 0.4747863316746912 0.1651442527304745 0.19357883374611506
83 0.6450336814055303 0.4809463246453779 0.1448135720123153 0.18950776385373888
83 0.35975471155795546 0.48875870884855893 0.14323289129415606 0.18630998924663303
83 0.21445130191703504 0.4804281703877142 0.1510817527304745 0.19292386228216235
83 0.7594638200674076 0.5573890082676585 0.13374880698520072 0.16712334160399783
83 0.06912620814010989 0.5103061073197636 0.13825241628021978 0.20498721463952715