49 0.052461744105681996 0.36500337371987557 0.07932935574121862 0.11061825256024882
49 0.1782324293534841 0.05088032504941102 0.14763368676785787 0.10176065009882204
49 0.7850090113687065 0.01923876350711547 0.09910334486680376 0.03847752701423094
49 0.5531991621276406 0.7383542426016024 0.5469704308735398 0.49325977844508484
49 0.9423585963496783 0.016232101745999695 0.0722225098858317 0.03246420349199939
49 0.5144391847906915 0.05617877943330536 0.11842634783255335 0.07548438936371685
49 0.4204172707602467 0.07418459776445221 0.1168638478325533 0.07539338410204499
49 0.956114690227899 0.05629654564184392 0.05908583992388792 0.03461719468185842
49 0.9243062747145793 0.06363090350611682 0.059531508897248384 0.0455546946818584
49 0.5489216141441757 0.11446942156903246 0.11861734882113631 0.0801718893637168
49 0.45743445110231395 0.13702623200767156 0.12843801779449712 0.0916554209337479
49 0.35057695604522976 0.16674309506302915 0.12674818380210837 0.08843941567207603
49 0.22409271049385407 0.19525377388928483 0.1368871877564411 0.10773544724210718
49 0.9113552885547438 0.1301659561228353 0.09766817885919252 0.06336382096198277
49 0.8471482085166876 0.14956767448221706 0.08041701186299832 0.06080026308359247
49 0.7849347099995624 0.160239134949091 0.0810536818249421 0.07642526308359243
49 0.48920571593106155 0.20565513466674235 0.06766234387822045 0.053822220990217676
49 0.4498394684025195 0.2196945188393745 0.06466467787060921 0.056765210466873925
49 0.6001578033834913 0.21877051371887699 0.0842423488211363 0.07816977360693614
49 0.4142030573378241 0.24839564248866292 0.07091467787060939 0.05712923151356133
49 0.5642667243340185 0.24122163736816543 0.07104201186299797 0.06025423151356133
49 0.4933467292769344 0.2688453794050705 0.08217051285158128 0.0655787683452643
49 0.32279414874458673 0.29209170555813796 0.12110036167271768 0.1411093893637169
49 0.27553448817418297 0.32381911866996527 0.08050985376405233 0.10133425782192056
49 0.2156010726608633 0.3327915712443315 0.1022866946765233 0.1384548262236546