26 0.6809622736516341 0.6533803609929569 0.2457660751323214 0.36432542794496675
26 0.6289209070731816 0.41803562723502574 0.2534910504177418 0.24757443756361358
26 0.5617837811031889 0.22768593494690678 0.21538355536065784 0.2696478450053421
26 0.4457290636892527 0.47202126670540495 0.25409854547482597 0.2241915012659444
26 0.3992572647915666 0.3105951825846541 0.23528487847863158 0.2219742368379741
26 0.3468392134224226 0.16107882142206115 0.20878604547482604 0.22260915389834954
26 0.1776064633852415 0.561738564250485 0.31117621642535315 0.24646829454985522
26 0.13299821861248423 0.40519095308789216 0.26599643722496846 0.23449408420556886
26 0.11589957262368226 0.22244294047402038 0.23179914524736453 0.25823911905195923
26 0.8639153309894582 0.37550335373656274 0.25166856524648945 0.317723246456621
26 0.8176438033463104 0.12894340585929814 0.275458892318796 0.2578868117185963
26 0.8769141022068154 0.669161584499269 0.20567958600673605 0.41441470798203356