32 0.20094378981547473 0.34774702397157525 0.19238346302712275 0.1471626843053107
32 0.7796757345679203 0.3337731394184373 0.3598131577089811 0.21357333559393474
32 0.08789848726934339 0.44324098767552816 0.12210178413027983 0.09051653663473136
32 0.04966055282848 0.4608279573723748 0.09932110565696 0.10646908525525038
32 0.3374588715125627 0.46443215569963814 0.17317843671876343 0.13836753844375377
32 0.02582893970253524 0.5275993775441913 0.05165787940507048 0.10105124491161739
32 0.21216346892407908 0.5161727973773236 0.15415542093374796 0.13269739258219673
32 0.5051322189240791 0.5008189557904952 0.20837248407381015 0.15423155585660825
32 0.14889762947565766 0.5459698400049489 0.1570984104104042 0.12973616689245623
32 0.807756689984884 0.49352659769532325 0.2733450366905287 0.17321392921692808
32 0.09810940322376814 0.6156139546588413 0.15506547355046643 0.14832239258219673
32 0.7974492505646974 0.5501450898934072 0.2648954998588257 0.1618669934412793
32 0.73513969538773 0.6437589710556431 0.34379331555913667 0.25946568973237766
32 0.6470041166038267 0.8197283288121306 0.2558536998023559 0.22058689620024124
32 0.612568932445312 0.8760535719147257 0.24447658404557515 0.18572057326946298
32 0.11684732380458022 0.12005247116718473 0.15473227360693614 0.08911116689245616
32 0.24645922909448698 0.14129895013628557 0.19276289462538865 0.12693207146044044
32 0.6051362790803696 0.10770304161157238 0.30332096302712264 0.1529766723195231
32 0.8769433896460654 0.13473809588630092 0.20617294724210716 0.14321216870147851
32 0.6085350238892848 0.18307485583592364 0.29256547355046647 0.15552846223361483
32 0.8654983844549807 0.21088783808438483 0.22877598933548207 0.156858588873295
32 0.08988446345064574 0.3021622862960471 0.11934080517696724 0.09660276232447185
32 0.5142320160673642 0.2643458672558844 0.27656104195220055 0.1749402035271876