68 0.665625 0.3625 0.17734375 0.16640625
10 0.271875 0.47734375 0.19296875 0.1734375
68 0.86640625 0.50234375 0.2109375 0.1765625
10 0.490625 0.5171875 0.19375 0.19296875
68 0.6734375 0.5234375 0.1625 0.13984375
10 0.54375 0.6609375 0.22421875 0.21640625
10 0.2703125 0.6796875 0.21953125 0.21328125
68 0.7015625 0.684375 0.134375 0.16328125
68 0.8671875 0.69375 0.17890625 0.159375
68 0.703125 0.8875 0.16875 0.21015625
68 0.8921875 0.8921875 0.215625 0.21328125
10 0.2703125 0.8953125 0.203125 0.209375
10 0.49375 0.8984375 0.23125 0.203125
10 0.475 0.14375 0.18046875 0.18671875
10 0.29296875 0.1453125 0.1640625 0.15703125
68 0.8265625 0.16875 0.17734375 0.15
68 0.65546875 0.175 0.1671875 0.16328125
10 0.284375 0.3046875 0.17421875 0.16328125
68 0.846875 0.328125 0.19453125 0.15
10 0.48125 0.3296875 0.18046875 0.16015625