48 0.6212502188461108 0.39182816666366055 0.1293978656913195 0.06065501778268034
48 0.5855256987101385 0.6498204491286492 0.1747480397032639 0.13144270678164424
48 0.5869810555677426 0.5536903118250963 0.14109908510611113 0.0939769400324213
18 0.46532752716673575 0.3704882059530748 0.12482077488562524 0.1322389193542568
18 0.41541387367201343 0.5996641296505578 0.10926851006798621 0.13463617328319835
18 0.42533634717086766 0.47577286538253427 0.13125261284152784 0.14034251778268042
18 0.3932277895158328 0.7128169470617346 0.12151393692972227 0.12428087014004525
18 0.3329241095199646 0.817155536598818 0.14393445079743064 0.14873721463952724
18 0.30890864732336754 0.6392830936709124 0.11202983415618065 0.11915672249741008
18 0.2761305552834022 0.7370827388323482 0.10941398043270842 0.14088617328319836
48 0.7993778316876388 0.26560392265951654 0.07532861474138883 0.08467040653397531
48 0.805920732048229 0.1525046091772812 0.07242182028847247 0.09389985731976358
48 0.7898560549021526 0.3386775496239873 0.07376611474138901 0.08459763192686945