53 0.11015625 0.5203125 0.1578125 0.16328125
53 0.45 0.5265625 0.16484375 0.165625
53 0.2609375 0.52734375 0.15703125 0.1578125
53 0.6265625 0.5328125 0.18671875 0.184375
53 0.825 0.534375 0.19765625 0.20078125
53 0.13828125 0.67109375 0.0953125 0.0890625
53 0.43046875 0.7109375 0.1171875 0.10546875
53 0.53828125 0.7203125 0.1171875 0.125
53 0.8484375 0.73359375 0.146875 0.1171875
53 0.08203125 0.7875 0.0859375 0.08359375
53 0.24375 0.8390625 0.10078125 0.10390625
53 0.35703125 0.85 0.1046875 0.090625
53 0.5828125 0.8765625 0.12109375 0.11796875
53 0.7046875 0.8859375 0.12734375 0.1125
53 0.8265625 0.9078125 0.13671875 0.11015625
53 0.6828125 0.1078125 0.184375 0.11875
53 0.521875 0.1140625 0.13671875 0.11875
53 0.3984375 0.121875 0.11015625 0.12265625
53 0.29609375 0.128125 0.1390625 0.13671875
53 0.375 0.33046875 0.121875 0.0984375
53 0.5046875 0.33125 0.125 0.10859375