49 0.8830539115867049 0.5063195651379113 0.13423391066226814 0.16077878729346118
49 0.7598604524946472 0.5473760963561045 0.16680236975432586 0.20718256134007812
49 0.5777549946562306 0.5973239887368906 0.20529055674305993 0.1351637176006804
49 0.1327286173135504 0.6033209513586116 0.2654572346271008 0.22851690271722322
49 0.35506164073702234 0.6177009430059092 0.24383623119538153 0.17241074645662097
49 0.7824759354058883 0.7108309611468945 0.12014266693047411 0.10565477767481432
49 0.6237541532734348 0.7365700272114781 0.1938074874635877 0.11603177168436432
49 0.8072282313283956 0.8008483259376845 0.12602895407749282 0.09337303248413767
49 0.3392905735691213 0.8103150289407586 0.23555236975432586 0.209583364242636
49 0.045770523423472 0.8192882025397379 0.091541046846944 0.19740576805616747
49 0.1497279683962718 0.820900320958725 0.15908079796757124 0.21003474282842377
49 0.7832331386919583 0.9267014978073833 0.21894387978345567 0.12159229092165802
49 0.5519005706661273 0.9362822734984629 0.22762019780928675 0.12743545300307418
49 0.13330396417312967 0.9666517866604888 0.26660792834625935 0.06669642667902238
49 0.7818540905913731 0.19466032412358591 0.18667694906292792 0.13919645317271018
49 0.09908470618906387 0.24182789065150562 0.19816941237812774 0.14303078130301125
49 0.5848390351019545 0.3269842068857252 0.22426787727617317 0.14363098202865068
49 0.35170828635559576 0.32979171523842765 0.24627926959604132 0.14908237386128267
49 0.12798494451058137 0.33742313284695735 0.25596988902116274 0.11859626569391465