71 0.2678274616950486 0.5985637232654204 0.18323911905195925 0.23695562021691713
71 0.58724709509016 0.5263786092950191 0.17077383538669527 0.19314198770335977
71 0.376902361332229 0.5893336481298471 0.1891617368379741 0.22761698165323557
71 0.8200223895551974 0.5015821006126163 0.1975198738612825 0.24328743344863374
71 0.9298760168750408 0.4813463477839459 0.14024796624991823 0.23682835518980258
71 0.2303076474445636 0.7996040484991894 0.1499156983633867 0.17739881303532493
71 0.32537461078407476 0.7920182865953329 0.12215279691210786 0.14286927693097126
71 0.40077391486775876 0.7806399041799714 0.13999506134007814 0.1617192708808471
71 0.49338800080260825 0.7699427778147341 0.12593256134007813 0.16163745764913068
71 0.5897446456304651 0.7545354255517978 0.15465776206571746 0.17898858411256385
71 0.8765253938163665 0.7098895043016084 0.1358531983633867 0.17731699980360816
71 0.7807416678629837 0.7417031065645446 0.13988593393541643 0.15859427088084707
71 0.7485342476377472 0.1575705637226959 0.25644349527549454 0.3151411274453918
71 0.45589536905195926 0.23333311212368954 0.22313992195451693 0.30592378883482796
71 0.34755707939624547 0.26365693725926276 0.2267014315731637 0.3184419695529872
71 0.5800322734984629 0.2302666785768599 0.24498020561978073 0.349791963502863
71 0.07610372004775112 0.3668193404572755 0.13638396641955403 0.281986319085449
71 0.2069345685964723 0.3316762051150478 0.24032742195451684 0.30602378278470377