45 0.27578125 0.3515625 0.1859375 0.08828125
45 0.95703125 0.4046875 0.0859375 0.159375
45 0.853125 0.4140625 0.13515625 0.14375
45 0.0734375 0.415625 0.08203125 0.075
45 0.63125 0.4203125 0.115625 0.13359375
45 0.74296875 0.42265625 0.1359375 0.1328125
45 0.5484375 0.425 0.121875 0.12421875
45 0.2015625 0.434375 0.103125 0.10234375
45 0.125 0.4375 0.134375 0.09296875
45 0.48671875 0.078125 0.1765625 0.15625
45 0.3921875 0.08828125 0.190625 0.1765625
45 0.3203125 0.096875 0.18125 0.19296875
45 0.2453125 0.115625 0.19296875 0.21328125
45 0.1828125 0.1265625 0.1875 0.19140625
45 0.128125 0.1421875 0.16796875 0.17109375
45 0.496875 0.278125 0.09609375 0.125
45 0.87265625 0.28671875 0.1296875 0.1234375
45 0.7515625 0.29765625 0.11640625 0.1109375
45 0.64765625 0.30625 0.0984375 0.10234375
45 0.55546875 0.31171875 0.0953125 0.1015625
45 0.3640625 0.315625 0.16796875 0.13671875