49 0.6631890071261359 0.2296554614402207 0.20725753668480013 0.3065887394466932
49 0.6018039115867049 0.4857457743464339 0.18227425705962902 0.2530546363624381
49 0.5420411520197934 0.7129434740221224 0.18171196740532808 0.2874023628234877
49 0.5105042763264659 0.23871504139256255 0.16567779044572378 0.2730671274339843
49 0.45344897961253583 0.45345365137667654 0.1410582236735341 0.23203302434972922
49 0.41176863031218114 0.6770587467502939 0.14821750580598772 0.2633921185055307
49 0.38485941864633394 0.23183202150706017 0.15910954169936514 0.262020533278183
49 0.33832408478538534 0.4342479094943513 0.15806386724704335 0.2260830332781829
49 0.25380301761748425 0.6258393457773591 0.16963786473976095 0.24814894805083548
49 0.8988942087628533 0.5909822938248992 0.17656982633910126 0.2716955422066366
49 0.24597041488541022 0.19657853977100473 0.15331418276559186 0.27753643912238163
49 0.9160208389420206 0.32473968505860124 0.1592292136444044 0.31980575973923264
49 0.18861124129101836 0.3948972629856435 0.15568301332783516 0.19793075973923263
49 0.1263145151102018 0.6017279155834313 0.1509333288463836 0.2493841655834313
49 0.8539835593833562 0.8450152288900912 0.20836539561857342 0.2909910129856435
49 0.8070382955267957 0.2556157637931271 0.15354150329870536 0.2853489391223816
49 0.7415423615075627 0.5186691428519646 0.13248485721791353 0.31309210957707695
49 0.6686203723946222 0.7683049042160504 0.12091085972519586 0.29102619480442443