64 0.6162886457515873 0.6743181339530201 0.12404055674305994 0.1330273587069682
64 0.9562437075092121 0.6036952051310086 0.058870197809286394 0.14597834486680378
64 0.7241298894833811 0.6239599896942387 0.12845527210332364 0.12384335969555131
64 0.9336449449727997 0.4932696996938012 0.10970527210332363 0.1230793557412186
64 0.8333039641731297 0.5009137619373603 0.14127352084968264 0.13529019566510633
64 0.9378132709161896 0.37689528319189847 0.08980194906292809 0.13631418479069152
64 0.7983476056350678 0.3313215035344032 0.1629666644231918 0.129931533611828
64 0.8617007149645526 0.19702209938979007 0.14972251834239997 0.1574835306460784
64 0.6964211119697812 0.8504442352456145 0.14191001834239997 0.15716519566510634
64 0.9311969287419707 0.8193374511766759 0.09532452335696498 0.1115688527754691
64 0.77350410068701 0.7550309175648481 0.1368588054894186 0.1444741946765234
64 0.8749134879923129 0.7106681053212892 0.14292694906292808 0.13847886266130088