64 0.33388136728200235 0.3958535690855912 0.13742836935072641 0.13524918249628842
64 0.35639326129854704 0.27508404567984296 0.12967041335136278 0.13952724672063965
64 0.4378812606620002 0.0573443470138954 0.12111247867599957 0.07505531094499089
64 0.45336026265118257 0.13789166214275778 0.14077154535327172 0.1541629568065479
64 0.5537698899984091 0.040747746493497036 0.1330852200031817 0.030397908186028923
64 0.6316216226527734 0.1355080478275495 0.1363385840229082 0.17579229534115864
64 0.7510988759945911 0.07923147161741065 0.16030224801081766 0.08803998982323469
64 0.13816033461968397 0.3535454811168074 0.16264654535327186 0.15530937697836444
64 0.10661253198600065 0.10877521370395289 0.11050224267981759 0.10260710085908262
64 0.21357905263368332 0.2543101209854706 0.14852950135263548 0.1498848925821967
64 0.23286594931572807 0.14197057326946277 0.14389654535327184 0.15432673111680742