54 0.30817207623138454 0.3290001713572709 0.34377980416850207 0.33344662073610387
54 0.21444185736475982 0.7804254344408634 0.34805064191745005 0.3664411312594476
54 0.3006422853097265 0.544625171357271 0.3414732597034648 0.3567021102127601
54 0.5180158461016504 0.17099300938439366 0.3301538137871489 0.3419860187687873
54 0.5807885983790851 0.6491559637329944 0.4360615626060225 0.4308214206513991
54 0.6786557018219478 0.34718466907937084 0.3354415145127884 0.36258808916607277
54 0.8828050323993196 0.149735003477882 0.22991571161023075 0.2878317418957307
54 0.8490450689749904 0.4690233297721238 0.2791022344757213 0.40140839448421434
54 0.08442458530187726 0.38153145008470457 0.1688491706037545 0.2525620998305908
54 0.05039678176634742 0.7776552921639619 0.10079356353269484 0.2728144156720761
54 0.15649799274360585 0.1624104527861277 0.2606944856568477 0.32081084186749587