54 0.40859375 0.3296875 0.1203125 0.11796875
54 0.1796875 0.37109375 0.140625 0.1265625
54 0.7078125 0.371875 0.13515625 0.11171875
54 0.5046875 0.4640625 0.13203125 0.140625
54 0.3640625 0.4703125 0.140625 0.13203125
54 0.86953125 0.49375 0.1296875 0.13828125
54 0.5703125 0.5703125 0.140625 0.146875
54 0.16953125 0.5890625 0.1203125 0.14375
54 0.76171875 0.81484375 0.1609375 0.1578125
54 0.41875 0.890625 0.175 0.18984375
54 0.3484375 0.18515625 0.13515625 0.1296875
54 0.5703125 0.21875 0.146875 0.15546875
54 0.125 0.2453125 0.146875 0.14375