54 0.34619867341658705 0.5955117373368438 0.13597495735199913 0.14454229534115867
54 0.42302644478035833 0.8158408474681806 0.14874767735518085 0.16863489258219672
54 0.34261695070813447 0.2876992373368438 0.1330135893539081 0.15844102103089916
54 0.4667191640674514 0.47271828923672315 0.16271927068745368 0.1615593769783644
54 0.49492707475331416 0.6127324575995174 0.15499767735518083 0.16896244120271575
54 0.4413073473504083 0.10273001583097485 0.15955790802036277 0.15827060266810494
54 0.5634481660566337 0.3879128420411137 0.1706408586887262 0.17134381275401322
54 0.6438838374442677 0.7839413150173208 0.16413632001909004 0.1491412641334943
54 0.7795527820257716 0.14910489032294844 0.181814716024817 0.19222952283992148
54 0.8985482300286349 0.47647521653308733 0.20290353994272997 0.21401599163225704
54 0.2111975120941775 0.6831046698331322 0.15023745202099903 0.16246677973732632
54 0.21011462806331527 0.45567903267800247 0.17854426535645346 0.17956574852966195
54 0.30591221745699426 0.895460827680477 0.16758858402290802 0.1774300384437538