54 0.6748245880528121 0.5916690789793977 0.2824540497712501 0.26117214687221446
54 0.6617882191304513 0.14659070892745557 0.27856663677722243 0.29318141785491114
54 0.632005227679826 0.3852432342313894 0.27522343123013915 0.28594482633910107
54 0.5064161609067355 0.7831615601747791 0.2656302256830559 0.27629704169936514
54 0.33324172577996497 0.3408473427029442 0.3592360617390975 0.3399169239901033
54 0.30816311170416616 0.6468389299291051 0.2660666367772224 0.29504704169936496
54 0.12215810220486079 0.8868060150436948 0.24431620440972157 0.2263879699126104
54 0.10624608073770817 0.5686470484297896 0.21249216147541633 0.3439559031404208
54 0.9066214083412844 0.4943608553058635 0.16748235999173638 0.21879076708875883
54 0.8987440116835069 0.10940947459797094 0.2025119766329862 0.2188189491959419
54 0.8740407252112841 0.7201564771717605 0.22180749050069473 0.27189904671392995