54 0.3543653072717853 0.6489503741908688 0.14949519780928666 0.14628643912238157
54 0.14068690366914613 0.5589777593354908 0.17334187476889076 0.16075804220663664
54 0.6606236674591998 0.670153623787127 0.1634667695960413 0.1434069009729347
54 0.48415575884199563 0.5358037175358913 0.16745558762187224 0.17314894805083547
54 0.347033843560874 0.4983736757329963 0.17504076708875882 0.1654728157455871
54 0.8505787292168245 0.5825057991130862 0.16423965940862678 0.16996940097293453
54 0.5758551770261111 0.4436241258157218 0.17862040815498564 0.18115236282348768
54 0.18611437859632152 0.33954592086173235 0.15651808762187222 0.172958033278183
54 0.8261603685671917 0.24091831696999363 0.1993420851145899 0.19556941882984216
54 0.508581726643035 0.10429421347540616 0.22346154671392995 0.2085884269508123
54 0.25918553642210274 0.7802333762194636 0.16869983887551349 0.16223872158978575
54 0.4852706633025646 0.7926849630716644 0.18670569279472177 0.19066373051823948
54 0.07274821206155863 0.6712380259745823 0.14549642412311725 0.17939894805083548