33 0.11108121865896918 0.27824062406898664 0.1466837495377816 0.32202916542531546
33 0.18808398785929908 0.2701242171207265 0.1466837495377816 0.32202916542531546
33 0.26818902500631764 0.2613721093866782 0.16704171364440423 0.32453773531769164
33 0.16088996819675078 0.5957577638537389 0.1763257854311589 0.32184938296032684
33 0.2635148630239013 0.5833733879227255 0.15932014185764964 0.32729886228216215
33 0.34980170401098587 0.5725686286171006 0.16547921364440424 0.3244649607105858
33 0.22992007917558804 0.8702076461948931 0.1577288981258558 0.2595847076102139
33 0.32036322274909734 0.8659225605867512 0.1705926109788372 0.26815487882649763
33 0.41542567016267257 0.8595848234070328 0.16796771615168674 0.28083035318593447
33 0.4730680562808415 0.46518212179267504 0.2996389164682558 0.4305780277074778
33 0.681792186922227 0.42575155644841284 0.2996389164682558 0.4305780277074778
33 0.5609367469639921 0.8191353556648793 0.2811329573761981 0.3617292886702416
33 0.760953467338821 0.7867661391610705 0.27859899076229305 0.40463195781510175