33 0.15792902877112253 0.69921875 0.31585805754224505 0.2484375
33 0.16742556905980846 0.50234375 0.3348511381196169 0.2265625
33 0.1780307415624795 0.3 0.356061483124959 0.23125
33 0.5073758910300238 0.75078125 0.43750995680090715 0.26875
33 0.5254165960168324 0.525 0.4327678930985764 0.2671875
33 0.5480629554501448 0.3015625 0.43115082939624544 0.265625
33 0.8343376951137078 0.76171875 0.2617460649682751 0.246875
33 0.852750422333035 0.54765625 0.26459824645662094 0.2390625
33 0.8649949951058586 0.33125 0.25527781015895173 0.240625
33 0.17808530526481037 0.2984375 0.35617061052962073 0.234375
33 0.5479538280454831 0.3046875 0.43104170199158387 0.2625