33 0.09067951402666616 0.8068373702165443 0.18135902805333232 0.15541022868809903
33 0.11526280209994946 0.69983721245727 0.19295637023308557 0.16170569279472174
33 0.14712541570961307 0.5919876085380618 0.1911210517214313 0.15384772868809904
33 0.19845977033360204 0.37352711355262674 0.2069643065307547 0.16055236975432585
33 0.23144837432461882 0.27813204552679577 0.19295637023308557 0.16170569279472174
33 0.26193946089244047 0.1648591557142102 0.20044148801910042 0.15255801332783517
33 0.27015365482502185 0.8459583915284451 0.18654267912609301 0.15683633636823097
33 0.30541408694633976 0.7302053593959916 0.1835268065307547 0.15987040815498563
33 0.3347692594490108 0.6271114516367173 0.1784573606144388 0.14879651583511766
33 0.3584919908446893 0.5288641682506225 0.1911756154237622 0.15541022868809903
33 0.3863392270496912 0.42425322459797093 0.19230160580511538 0.14295569279472176
33 0.41256939955236227 0.32125024505194205 0.19575398801910052 0.1524216210079671
33 0.4428695131620259 0.2134461052393565 0.19931549763774736 0.16501254922121245
33 0.4575073218853973 0.8670424666804122 0.17711311542376224 0.15500105172849493
33 0.4797766806857375 0.76571564740094 0.18437997840045367 0.13960337226160835
33 0.5106670713372431 0.6633575255350431 0.1862698606144388 0.14902383636823088
33 0.5398858345840871 0.5641698677757688 0.1878323606144388 0.14906930047485362
33 0.5705852522774346 0.46728049590987186 0.183417679126093 0.15674540815498564
33 0.599831297375444 0.36731158815059767 0.18476192431676958 0.15054087226160834
33 0.6222643472827768 0.26129726887112553 0.20222224282842377 0.15885347743445785
33 0.6226412485644197 0.8762857713784079 0.17031747840045347 0.13919419530200408
33 0.6493252888531055 0.7826350597790677 0.16875497840045348 0.1391487311953817
33 0.6722940520999494 0.6836292584462842 0.1911210517214313 0.15384772868809904
33 0.6997593423886354 0.5899558147936327 0.1940823606144388 0.14925115690134447
33 0.731430983040141 0.4875749608744243 0.18944942431676956 0.15067726458147632
33 0.7638293099893158 0.3867338749019048 0.18794148801910032 0.15219430047485377
33 0.7930753550873251 0.28676496714263056 0.18487105172143128 0.15366587226160835
33 0.7752652515596445 0.9085263068760738 0.18599704210278462 0.14121133636823088
33 0.8064731007413378 0.8194267029568657 0.17371529691210802 0.14709762351524952
33 0.8373089276905127 0.7186310810909686 0.1781845421027845 0.14098401583511766
33 0.8891417901190499 0.530593871998911 0.17673116950744613 0.14406355172849494
33 0.9042707715147283 0.43259664119924074 0.1643948606144388 0.14838733887551353
33 0.9201264392080761 0.3361391783462594 0.13944942431676957 0.14922241316955062
33 0.8585242179791985 0.6251394938648078 0.18476192431676958 0.15054087226160834