33 0.33248618923931583 0.11275869317957139 0.29897069368794016 0.1332524253226639
33 0.3244773710642578 0.184442778406919 0.29897069368794005 0.1332524253226639
33 0.31662772037968584 0.2600331136342666 0.3012971976422728 0.15202969886161427
33 0.6293585306460784 0.15619464204118566 0.3001166996194392 0.16137742532266391
33 0.6160547174139364 0.2512071331127319 0.3040401956651063 0.14270924593951495
33 0.6060523177179474 0.33144405803165405 0.301169863649884 0.14890469886161428
33 0.8823615138401644 0.21691750242904143 0.23527697231967118 0.14482512499835237
33 0.8777031887450242 0.30040215827324007 0.24459362250995156 0.1559808133099551
33 0.8717370316346615 0.39010954057848835 0.2565259367306769 0.15469104869945846
33 0.5054540929268183 0.4491343441525061 0.401512056349241 0.2740058847375851
33 0.4665374674511173 0.6436286379839959 0.401512056349241 0.2740058847375849
33 0.8344572075281045 0.5269140653352548 0.33108558494379103 0.2560274521080252
33 0.8043040642950874 0.7135413120888439 0.3758753863872969 0.2579445081143795