33 0.1515625 0.2171875 0.10546875 0.15390625
33 0.25390625 0.2140625 0.1109375 0.15390625
33 0.3578125 0.2140625 0.103125 0.15390625
33 0.565625 0.2015625 0.10546875 0.16796875
33 0.65859375 0.2046875 0.1109375 0.15390625
33 0.7671875 0.2015625 0.10078125 0.16328125
33 0.15546875 0.396875 0.1078125 0.146875
33 0.26796875 0.396875 0.1109375 0.14453125
33 0.3671875 0.39609375 0.103125 0.1421875
33 0.4609375 0.390625 0.10546875 0.15390625
33 0.5609375 0.3875 0.09140625 0.15859375
33 0.659375 0.3828125 0.10078125 0.15859375
33 0.7625 0.38125 0.11328125 0.15859375
33 0.17734375 0.57421875 0.1078125 0.1390625
33 0.2734375 0.5671875 0.09140625 0.14921875
33 0.371875 0.5671875 0.10078125 0.14921875
33 0.4671875 0.56640625 0.10078125 0.1515625
33 0.56171875 0.5671875 0.1078125 0.14453125
33 0.6578125 0.5671875 0.103125 0.146875
33 0.759375 0.5578125 0.10546875 0.16328125
33 0.2046875 0.728125 0.09375 0.13671875
33 0.2953125 0.7265625 0.09375 0.134375
33 0.3890625 0.7203125 0.103125 0.15390625
33 0.4796875 0.7203125 0.09609375 0.15859375
33 0.578125 0.7203125 0.10078125 0.15390625
33 0.6765625 0.7234375 0.103125 0.14921875
33 0.7734375 0.721875 0.10546875 0.146875
33 0.2078125 0.87734375 0.09375 0.1515625
33 0.2953125 0.88125 0.10078125 0.13671875
33 0.39375 0.88125 0.09375 0.14453125
33 0.575 0.87734375 0.09609375 0.1421875
33 0.6671875 0.87109375 0.103125 0.1421875
33 0.7609375 0.871875 0.103125 0.14453125
33 0.4828125 0.875 0.103125 0.146875