33 0.11134335969555131 0.125 0.22039470752810458 0.19375
33 0.13432189775600353 0.30546875 0.25170837452429895 0.1953125
33 0.15269384885831744 0.46875 0.2745728715585494 0.18125
33 0.16762246497965938 0.62421875 0.28570137254713257 0.1859375
33 0.1894231636105154 0.77578125 0.28570137254713257 0.1859375
33 0.35758168973360743 0.109375 0.24832870653952135 0.1890625
33 0.37935055486636615 0.26015625 0.24405770060802237 0.1609375
33 0.41844086566423144 0.5484375 0.23337486859279988 0.1671875
33 0.4390146453217266 0.6890625 0.23111203163466168 0.15
33 0.5842078567298017 0.1109375 0.2174952006080222 0.1609375
33 0.6061213019006166 0.24609375 0.19673703163466155 0.15
33 0.6200630795809456 0.37734375 0.19667336463846716 0.1484375
33 0.6346587732688856 0.50546875 0.1965460306460784 0.1453125
33 0.6553134659682426 0.62890625 0.19466519566510634 0.1375
33 0.8140690420519661 0.59453125 0.15333985870696826 0.1203125
33 0.8013860168430951 0.475 0.1523503616727176 0.134375
33 0.7936133261209044 0.3609375 0.14402852570316255 0.121875
33 0.8787112263111849 0.2828125 0.19849053262324468 0.1546875
33 0.8656143656270505 0.153125 0.20068970258518853 0.1703125