33 0.8563022069705433 0.9376659328349728 0.2103621250424091 0.12466813433005441
33 0.6819371240309187 0.9063130342598822 0.23096729092165802 0.1873739314802357
33 0.5186732321982866 0.8803436765033947 0.219995074586922 0.2393126469932107
33 0.3616320585144893 0.8601722783805597 0.22533733901489236 0.2796554432388806
33 0.20965040706321045 0.8227801599950512 0.22533733901489236 0.28942542740790567
33 0.896004503080043 0.7539149683380504 0.20799099383991412 0.27380042740790583
33 0.7532044557045989 0.7116788014455941 0.19801094718226048 0.26615834577069997
33 0.4603150620578683 0.6316040405914602 0.20387900126594438 0.255548394391219
33 0.3177629743089204 0.5913807530522177 0.18496531015895173 0.24987824852966192
33 0.913333357619214 0.522535493552821 0.17333328476157206 0.23786957146044047
33 0.7865352777596322 0.4825988110565326 0.18069447241000383 0.2169019742194024
33 0.654384976671173 0.4499390400256334 0.17907740870767305 0.21525758706427264
33 0.5230704892850448 0.4188827125722991 0.17595240870767306 0.21509381275401326
33 0.3992956833872623 0.3804233208946136 0.1680853450053421 0.21312187697836435
33 0.4484449676006804 0.22469562132415488 0.14155756134007813 0.16806168249628844
33 0.5695759231356432 0.2544384322691458 0.15723712504240908 0.17044305404758592
33 0.6865550920101173 0.2769452753263123 0.14440974282842375 0.16041295680654793
33 0.7736433750424091 0.20274753674627305 0.18538197241000381 0.21714763568479176
33 0.9029538744094368 0.2331045013547371 0.19409225118112658 0.22265400723608925