33 0.6199557198482132 0.13172507320214505 0.29758856030357367 0.2634501464042901
33 0.42853488239578325 0.15544086311073185 0.2773052352084335 0.3108817262214637
33 0.22847387399282632 0.1913183970234626 0.2824384041817941 0.3484547324222075
33 0.7118461536131405 0.4230091211780117 0.34508959589256794 0.46989739288512417
33 0.4896873107235031 0.4785828407799376 0.3417099279077903 0.46350184367091246
33 0.2688999668452826 0.5387712857747576 0.340083760911596 0.46186656906380674
33 0.7651224149446659 0.7612860630724597 0.3006790682122391 0.3368280277074778
33 0.5532471560474174 0.8132617477281976 0.2942380672236558 0.3318494292790543
33 0.3421995681006959 0.8449249323839354 0.29401789133021283 0.28817220388616027
33 0.22609829049472913 0.19220880893412137 0.28556340418179416 0.3486002816364192
33 0.27205680034337976 0.537844486560546 0.33695876091159593 0.461721019849595