33 0.08671875 0.13125 0.1734375 0.26171875
33 0.26875 0.1359375 0.165625 0.271875
33 0.42890625 0.14375 0.1515625 0.26953125
33 0.58125 0.146875 0.15625 0.25703125
33 0.7296875 0.146875 0.15625 0.25703125
33 0.1015625 0.4046875 0.16328125 0.22109375
33 0.25 0.4046875 0.134375 0.22109375
33 0.53359375 0.4015625 0.1421875 0.20703125
33 0.671875 0.4015625 0.125 0.20703125
33 0.1265625 0.62578125 0.13671875 0.1921875
33 0.26015625 0.62734375 0.1296875 0.1734375
33 0.3890625 0.62265625 0.12734375 0.1734375
33 0.5140625 0.61796875 0.125 0.1734375
33 0.6359375 0.62109375 0.11796875 0.1734375
33 0.61875 0.7796875 0.103125 0.134375
33 0.5015625 0.784375 0.11796875 0.13203125
33 0.38984375 0.79375 0.1078125 0.125
33 0.3234375 0.88671875 0.134375 0.1734375
33 0.196875 0.89296875 0.14921875 0.1734375