33 0.2953125 0.9251555778660479 0.1828125 0.14481357201231546
33 0.26953125 0.8195368369412341 0.1828125 0.1495010720123151
33 0.246875 0.7115925267345796 0.18125 0.14167948165323557
33 0.1875 0.5003095930895541 0.196875 0.14802038524403188
33 0.17109375 0.40333914431921813 0.1828125 0.14950107201231527
33 0.14375 0.29146131303532485 0.190625 0.14017152380771333
33 0.47890625 0.8824736950579026 0.1765625 0.14477721057599666
33 0.45546875 0.7659310896717086 0.1734375 0.1478840298578376
33 0.43203125 0.6642322342855144 0.16875 0.1384817587805987
33 0.40625 0.5687697433607006 0.1828125 0.1448135720123153
33 0.38046875 0.46471350243588694 0.184375 0.13076016237139482
33 0.35390625 0.36377771633153344 0.1859375 0.1401442527304745
33 0.3296875 0.25738681576579936 0.1875 0.1526533430895541
33 0.6578125 0.821795791172519 0.1671875 0.14316016842151918
33 0.62890625 0.7239713695295461 0.175 0.12914312021691715
33 0.6078125 0.6222861496819713 0.1765625 0.13852721057599665
33 0.5859375 0.5237213846548567 0.178125 0.13853630093507655
33 0.56640625 0.42595150516636143 0.1734375 0.14475902985783762
33 0.54453125 0.3266054901392468 0.175 0.14008062021691714
33 0.51328125 0.22407993295765444 0.1921875 0.14643061416679296
33 0.8109375 0.7601866463623216 0.1609375 0.12906130698520074
33 0.7890625 0.6678718813352069 0.159375 0.12905221662612104
33 0.7625 0.5716235952308535 0.18125 0.14167948165323557
33 0.7421875 0.4785366705628185 0.184375 0.135447662371395
33 0.72109375 0.37607020071524355 0.18125 0.13855448165323567
33 0.7015625 0.27439407122674836 0.1765625 0.14008971057599684
33 0.6796875 0.1742668061996337 0.1765625 0.14321471057599683
33 0.93828125 0.7257712606273105 0.1234375 0.1319681383672897
33 0.93359375 0.6335564895500716 0.1328125 0.13514768052176757
33 0.92109375 0.5327025166774346 0.1578125 0.13060562626704134
33 0.88359375 0.34576559805952384 0.1671875 0.13222266842151909
33 0.85703125 0.25186106195517033 0.16875 0.1384817587805987
33 0.8375 0.1540911824666751 0.171875 0.14006243949875796
33 0.9015625 0.44118263718893946 0.175 0.14008062021691714