33 0.1515625 0.2609375 0.07421875 0.28125
33 0.2234375 0.2640625 0.07421875 0.28125
33 0.2984375 0.2671875 0.09375 0.27890625
33 0.1328125 0.5546875 0.103125 0.27421875
33 0.228125 0.55625 0.084375 0.28359375
33 0.309375 0.5578125 0.09140625 0.27890625
33 0.134375 0.8421875 0.08671875 0.28359375
33 0.2171875 0.85 0.09609375 0.290625
33 0.3078125 0.846875 0.09609375 0.28125
33 0.44453125 0.478125 0.2015625 0.353125
33 0.64296875 0.4703125 0.2015625 0.353125
33 0.45078125 0.81875 0.1921875 0.31015625
33 0.6421875 0.80625 0.1875 0.33203125